0.001626 0.034146 0.001626 0.001626 0.009756 0.009756 0.001626 0.001626 0.066667 0.871545 
0.009449 0.001575 0.009449 0.001575 0.017323 0.040945 0.143307 0.009449 0.001575 0.765354 
0.456911 0.001626 0.001626 0.001626 0.009756 0.001626 0.001626 0.001626 0.001626 0.521951 
0.001087 0.028261 0.022826 0.001087 0.001087 0.001087 0.039130 0.593478 0.001087 0.310870 
0.301538 0.001538 0.001538 0.001538 0.063077 0.001538 0.001538 0.001538 0.093846 0.532308 
0.001754 0.212281 0.001754 0.001754 0.001754 0.001754 0.071930 0.001754 0.001754 0.703509 
0.010619 0.364602 0.028319 0.001770 0.010619 0.046018 0.037168 0.001770 0.125664 0.373451 
0.125926 0.002469 0.002469 0.002469 0.113580 0.138272 0.076543 0.002469 0.002469 0.533333 
0.149630 0.023704 0.001481 0.031111 0.001481 0.008889 0.001481 0.779259 0.001481 0.001481 
0.001307 0.073203 0.001307 0.001307 0.001307 0.001307 0.164706 0.007843 0.001307 0.746405 
0.001653 0.001653 0.001653 0.026446 0.018182 0.001653 0.001653 0.200000 0.026446 0.720661 
0.001389 0.077778 0.001389 0.001389 0.063889 0.001389 0.661111 0.001389 0.008333 0.181944 
0.001550 0.815504 0.117829 0.001550 0.001550 0.001550 0.040310 0.017054 0.001550 0.001550 
0.001449 0.001449 0.015942 0.008696 0.030435 0.095652 0.001449 0.334783 0.001449 0.508696 
0.001242 0.001242 0.057143 0.019876 0.050932 0.001242 0.144099 0.013665 0.417391 0.293168 
0.210000 0.001667 0.126667 0.001667 0.043333 0.218333 0.001667 0.001667 0.018333 0.376667 
0.001408 0.001408 0.043662 0.022535 0.001408 0.001408 0.191549 0.191549 0.247887 0.297183 
0.445926 0.001481 0.001481 0.001481 0.001481 0.001481 0.023704 0.031111 0.008889 0.482963 
0.001613 0.066129 0.122581 0.001613 0.001613 0.001613 0.695161 0.058065 0.050000 0.001613 
0.001754 0.001754 0.001754 0.747368 0.019298 0.001754 0.001754 0.010526 0.001754 0.212281 
0.017600 0.457600 0.049600 0.097600 0.001600 0.057600 0.273600 0.001600 0.001600 0.041600 
0.001667 0.001667 0.001667 0.001667 0.001667 0.035000 0.001667 0.026667 0.085000 0.843333 
0.018487 0.715966 0.010084 0.001681 0.001681 0.010084 0.026891 0.211765 0.001681 0.001681 
0.001786 0.555357 0.010714 0.010714 0.001786 0.207143 0.171429 0.001786 0.028571 0.010714 
0.001667 0.001667 0.001667 0.010000 0.001667 0.210000 0.260000 0.510000 0.001667 0.001667 
0.001198 0.031138 0.001198 0.947305 0.007186 0.001198 0.001198 0.001198 0.001198 0.007186 
0.001342 0.014765 0.001342 0.229530 0.001342 0.048322 0.001342 0.632215 0.068456 0.001342 
0.001198 0.001198 0.091018 0.079042 0.001198 0.007186 0.055090 0.761677 0.001198 0.001198 
0.032323 0.002020 0.002020 0.163636 0.002020 0.002020 0.517172 0.002020 0.113131 0.163636 
0.097849 0.001075 0.001075 0.006452 0.001075 0.011828 0.006452 0.022581 0.011828 0.839785 
0.001681 0.169748 0.001681 0.068908 0.010084 0.228571 0.001681 0.514286 0.001681 0.001681 
0.007643 0.001274 0.211465 0.001274 0.001274 0.045860 0.434395 0.001274 0.001274 0.294268 
0.001342 0.249664 0.001342 0.283221 0.001342 0.001342 0.169128 0.283221 0.001342 0.008054 
0.001316 0.001316 0.001316 0.869737 0.053947 0.001316 0.001316 0.027632 0.001316 0.040789 
0.001754 0.001754 0.001754 0.782456 0.001754 0.001754 0.036842 0.159649 0.010526 0.001754 
0.008955 0.001493 0.001493 0.001493 0.001493 0.001493 0.367164 0.255224 0.202985 0.158209 
0.001754 0.291228 0.089474 0.133333 0.019298 0.001754 0.001754 0.247368 0.001754 0.212281 
0.000966 0.000966 0.044444 0.377778 0.005797 0.155556 0.005797 0.406763 0.000966 0.000966 
0.001429 0.072857 0.001429 0.301429 0.001429 0.044286 0.001429 0.565714 0.008571 0.001429 
0.001389 0.466667 0.001389 0.001389 0.008333 0.001389 0.341667 0.147222 0.001389 0.029167 
0.000877 0.426316 0.005263 0.119298 0.044737 0.000877 0.307895 0.049123 0.044737 0.000877 
0.001439 0.008633 0.001439 0.123741 0.001439 0.001439 0.001439 0.181295 0.015827 0.663309 
0.002151 0.002151 0.002151 0.572043 0.002151 0.002151 0.012903 0.002151 0.002151 0.400000 
0.016058 0.001460 0.008759 0.001460 0.169343 0.023358 0.059854 0.300730 0.191241 0.227737 
0.001681 0.405042 0.144538 0.001681 0.085714 0.262185 0.094118 0.001681 0.001681 0.001681 
0.054135 0.009023 0.001504 0.001504 0.001504 0.001504 0.595489 0.001504 0.001504 0.332331 
0.001235 0.044444 0.044444 0.476543 0.056790 0.001235 0.050617 0.069136 0.001235 0.254321 
0.002128 0.076596 0.225532 0.172340 0.002128 0.012766 0.012766 0.491489 0.002128 0.002128 
0.133333 0.036111 0.001389 0.640278 0.112500 0.001389 0.070833 0.001389 0.001389 0.001389 
0.020896 0.070647 0.195025 0.030846 0.000995 0.065672 0.000995 0.612935 0.000995 0.000995 
0.001370 0.015068 0.117808 0.302740 0.001370 0.001370 0.008219 0.378082 0.063014 0.110959 
0.001370 0.398630 0.001370 0.439726 0.001370 0.001370 0.008219 0.042466 0.001370 0.104110 
0.134066 0.276923 0.002198 0.013187 0.002198 0.046154 0.068132 0.024176 0.221978 0.210989 
0.001418 0.001418 0.455319 0.001418 0.008511 0.001418 0.001418 0.526241 0.001418 0.001418 
0.194958 0.001681 0.018487 0.127731 0.001681 0.077311 0.522689 0.001681 0.001681 0.052101 
0.001739 0.036522 0.001739 0.636522 0.001739 0.001739 0.106087 0.027826 0.001739 0.184348 
0.001198 0.007186 0.001198 0.013174 0.001198 0.001198 0.390419 0.007186 0.001198 0.576048 
0.001266 0.210127 0.001266 0.305063 0.001266 0.013924 0.172152 0.197468 0.096203 0.001266 
0.001299 0.001299 0.001299 0.345455 0.001299 0.007792 0.001299 0.176623 0.001299 0.462338 
0.157037 0.001481 0.008889 0.349630 0.023704 0.001481 0.001481 0.001481 0.105185 0.349630 
0.009023 0.430075 0.001504 0.339850 0.001504 0.001504 0.009023 0.181955 0.001504 0.024060 
0.204687 0.040625 0.001563 0.618750 0.001563 0.001563 0.118750 0.001563 0.001563 0.009375 
0.031111 0.001481 0.001481 0.557037 0.371852 0.001481 0.001481 0.008889 0.001481 0.023704 
0.010619 0.223009 0.046018 0.249558 0.001770 0.001770 0.072566 0.214159 0.063717 0.116814 
0.001600 0.001600 0.001600 0.409600 0.001600 0.041600 0.001600 0.185600 0.001600 0.353600 
0.001325 0.140397 0.001325 0.007947 0.279470 0.060927 0.451656 0.054305 0.001325 0.001325 
0.001418 0.008511 0.001418 0.001418 0.015603 0.065248 0.150355 0.008511 0.001418 0.746099 
0.001064 0.027660 0.107447 0.160638 0.001064 0.001064 0.001064 0.681915 0.017021 0.001064 
0.002326 0.002326 0.002326 0.432558 0.409302 0.002326 0.002326 0.002326 0.002326 0.141860 
0.001695 0.010169 0.128814 0.425424 0.035593 0.001695 0.230508 0.001695 0.001695 0.162712 
0.001299 0.001299 0.007792 0.001299 0.001299 0.377922 0.014286 0.410390 0.007792 0.176623 
0.000901 0.000901 0.000901 0.072973 0.005405 0.158559 0.478378 0.045946 0.000901 0.235135 
0.001005 0.121608 0.011055 0.001005 0.011055 0.166834 0.001005 0.001005 0.001005 0.684422 
0.001149 0.116092 0.093103 0.001149 0.001149 0.041379 0.179310 0.024138 0.150575 0.391954 
0.001198 0.019162 0.108982 0.001198 0.091018 0.552096 0.043114 0.180838 0.001198 0.001198 
0.001563 0.946875 0.001563 0.001563 0.001563 0.001563 0.040625 0.001563 0.001563 0.001563 
0.339310 0.139310 0.001379 0.001379 0.001379 0.035862 0.104828 0.001379 0.084138 0.291034 
0.001399 0.008392 0.057343 0.469930 0.246154 0.001399 0.043357 0.127273 0.036364 0.008392 
0.001550 0.001550 0.001550 0.024806 0.319380 0.001550 0.001550 0.001550 0.613953 0.032558 
0.007407 0.019753 0.001235 0.137037 0.186420 0.001235 0.001235 0.001235 0.643210 0.001235 
0.001550 0.148837 0.086822 0.334884 0.063566 0.001550 0.001550 0.001550 0.358140 0.001550 
0.001325 0.352318 0.001325 0.001325 0.319205 0.001325 0.087417 0.074172 0.160265 0.001325 
0.001087 0.093478 0.039130 0.001087 0.028261 0.044565 0.011957 0.011957 0.767391 0.001087 
0.001163 0.413953 0.001163 0.006977 0.030233 0.006977 0.001163 0.012791 0.524419 0.001163 
0.001408 0.184507 0.064789 0.008451 0.071831 0.585915 0.078873 0.001408 0.001408 0.001408 
0.198958 0.001042 0.016667 0.068750 0.001042 0.027083 0.105208 0.001042 0.579167 0.001042 
0.002041 0.032653 0.012245 0.093878 0.797959 0.002041 0.002041 0.042857 0.002041 0.012245 
0.159322 0.006780 0.012429 0.006780 0.153672 0.255367 0.012429 0.001130 0.390960 0.001130 
0.130935 0.361151 0.001439 0.001439 0.145324 0.123741 0.044604 0.001439 0.001439 0.188489 
0.001299 0.001299 0.014286 0.001299 0.001299 0.001299 0.384416 0.001299 0.170130 0.423377 
0.001299 0.001299 0.001299 0.001299 0.001299 0.183117 0.111688 0.001299 0.300000 0.397403 
0.030657 0.001460 0.227737 0.001460 0.067153 0.001460 0.081752 0.001460 0.242336 0.344526 
0.014103 0.026923 0.097436 0.667949 0.155128 0.001282 0.007692 0.001282 0.026923 0.001282 
0.001325 0.067550 0.007947 0.001325 0.001325 0.001325 0.047682 0.080795 0.345695 0.445033 
0.001515 0.001515 0.001515 0.001515 0.001515 0.001515 0.001515 0.137879 0.001515 0.850000 
0.018391 0.001149 0.029885 0.139080 0.035632 0.001149 0.001149 0.001149 0.001149 0.771264 
0.095288 0.001047 0.042932 0.001047 0.001047 0.001047 0.001047 0.001047 0.011518 0.843979 
0.001290 0.027097 0.001290 0.001290 0.091613 0.001290 0.020645 0.001290 0.007742 0.846452 
0.377273 0.002273 0.002273 0.002273 0.002273 0.002273 0.047727 0.002273 0.002273 0.559091 
0.001449 0.102899 0.023188 0.001449 0.015942 0.030435 0.001449 0.001449 0.001449 0.820290 
0.112281 0.141520 0.112281 0.012865 0.001170 0.001170 0.001170 0.007018 0.030409 0.580117 
0.051250 0.282500 0.157500 0.001250 0.001250 0.013750 0.001250 0.488750 0.001250 0.001250 
0.033333 0.018182 0.003030 0.033333 0.003030 0.003030 0.003030 0.139394 0.396970 0.366667 
0.072321 0.009821 0.000893 0.063393 0.045536 0.000893 0.000893 0.000893 0.000893 0.804464 
0.001961 0.100000 0.001961 0.001961 0.001961 0.001961 0.472549 0.001961 0.001961 0.413725 
0.201538 0.001538 0.001538 0.001538 0.009231 0.001538 0.001538 0.024615 0.040000 0.716923 
0.001575 0.001575 0.001575 0.206299 0.001575 0.001575 0.261417 0.001575 0.001575 0.521260 
0.001515 0.130303 0.016667 0.001515 0.001515 0.001515 0.001515 0.713636 0.001515 0.130303 
0.001053 0.001053 0.001053 0.001053 0.006316 0.001053 0.016842 0.858947 0.001053 0.111579 
0.016296 0.001481 0.001481 0.001481 0.001481 0.008889 0.001481 0.297778 0.127407 0.542222 
0.001449 0.001449 0.001449 0.088406 0.030435 0.001449 0.001449 0.066667 0.131884 0.675362 
0.001429 0.001429 0.001429 0.001429 0.001429 0.008571 0.208571 0.001429 0.030000 0.744286 
0.001639 0.001639 0.001639 0.001639 0.001639 0.018033 0.001639 0.001639 0.001639 0.968852 
0.001418 0.008511 0.001418 0.008511 0.001418 0.001418 0.256738 0.093617 0.001418 0.625532 
0.001212 0.098182 0.395152 0.001212 0.001212 0.001212 0.001212 0.001212 0.001212 0.498182 
0.001887 0.001887 0.001887 0.001887 0.001887 0.001887 0.379245 0.001887 0.001887 0.605660 
0.001370 0.001370 0.001370 0.001370 0.001370 0.001370 0.021918 0.206849 0.001370 0.761644 
0.001563 0.025000 0.056250 0.001563 0.001563 0.001563 0.032813 0.056250 0.212500 0.610938 
0.029091 0.001818 0.001818 0.001818 0.020000 0.010909 0.001818 0.238182 0.001818 0.692727 
0.001429 0.001429 0.001429 0.001429 0.001429 0.001429 0.551429 0.001429 0.058571 0.380000 
0.001626 0.001626 0.009756 0.001626 0.001626 0.001626 0.278049 0.001626 0.001626 0.700813 
0.001493 0.240299 0.098507 0.001493 0.001493 0.001493 0.008955 0.001493 0.001493 0.643284 
0.009917 0.042975 0.001653 0.018182 0.001653 0.034711 0.001653 0.009917 0.464463 0.414876 
0.001325 0.001325 0.001325 0.001325 0.001325 0.047682 0.074172 0.007947 0.001325 0.862252 
0.068156 0.001117 0.001117 0.001117 0.006704 0.006704 0.012291 0.565363 0.001117 0.336313 
0.007453 0.075776 0.007453 0.367702 0.137888 0.001242 0.081988 0.001242 0.088199 0.231056 
0.001111 0.001111 0.001111 0.001111 0.017778 0.001111 0.251111 0.273333 0.001111 0.451111 
0.042759 0.001379 0.111724 0.091034 0.001379 0.008276 0.084138 0.028966 0.049655 0.580690 
0.001439 0.001439 0.001439 0.001439 0.001439 0.001439 0.109353 0.001439 0.116547 0.764029 
0.001220 0.050000 0.001220 0.001220 0.001220 0.019512 0.001220 0.623171 0.001220 0.300000 
0.011009 0.130275 0.001835 0.001835 0.001835 0.001835 0.001835 0.423853 0.001835 0.423853 
0.125620 0.001653 0.001653 0.059504 0.001653 0.001653 0.009917 0.009917 0.431405 0.357025 
0.001575 0.245669 0.009449 0.009449 0.001575 0.009449 0.048819 0.001575 0.592126 0.080315 
0.224074 0.001852 0.001852 0.085185 0.001852 0.001852 0.011111 0.001852 0.650000 0.020370 
0.010714 0.225000 0.001786 0.001786 0.001786 0.251786 0.100000 0.001786 0.403571 0.001786 
0.009600 0.321600 0.001600 0.001600 0.089600 0.097600 0.137600 0.041600 0.297600 0.001600 
0.001613 0.332258 0.001613 0.001613 0.001613 0.001613 0.082258 0.090323 0.001613 0.485484 
0.051572 0.334591 0.001258 0.001258 0.026415 0.001258 0.252830 0.284277 0.007547 0.038994 
0.001163 0.280233 0.245349 0.006977 0.006977 0.006977 0.012791 0.001163 0.001163 0.437209 
0.001105 0.001105 0.001105 0.001105 0.001105 0.001105 0.122652 0.012155 0.001105 0.857459 
0.001418 0.001418 0.001418 0.001418 0.015603 0.001418 0.341844 0.001418 0.015603 0.618440 
0.001538 0.593846 0.001538 0.009231 0.009231 0.001538 0.378462 0.001538 0.001538 0.001538 
0.065079 0.001587 0.001587 0.009524 0.049206 0.009524 0.136508 0.001587 0.176190 0.549206 
0.051799 0.001439 0.015827 0.001439 0.008633 0.001439 0.044604 0.001439 0.001439 0.871942 
0.001587 0.001587 0.001587 0.001587 0.001587 0.017460 0.009524 0.168254 0.001587 0.795238 
0.001835 0.166972 0.001835 0.001835 0.001835 0.001835 0.001835 0.001835 0.011009 0.809174 
0.001220 0.013415 0.013415 0.001220 0.007317 0.037805 0.098780 0.251220 0.001220 0.574390 
0.019643 0.001786 0.001786 0.001786 0.001786 0.010714 0.341071 0.001786 0.001786 0.617857 
0.001429 0.080000 0.072857 0.001429 0.001429 0.001429 0.001429 0.008571 0.008571 0.822857 
0.002020 0.214141 0.022222 0.002020 0.032323 0.002020 0.002020 0.183838 0.002020 0.537374 
0.001227 0.001227 0.001227 0.001227 0.038037 0.019632 0.050307 0.492025 0.001227 0.393865 
0.001235 0.044444 0.488889 0.087654 0.001235 0.001235 0.001235 0.365432 0.001235 0.007407 
0.001316 0.146053 0.014474 0.080263 0.027632 0.001316 0.021053 0.488158 0.001316 0.218421 
0.002273 0.172727 0.025000 0.070455 0.013636 0.002273 0.002273 0.434091 0.240909 0.036364 
0.001550 0.009302 0.001550 0.125581 0.001550 0.001550 0.210853 0.001550 0.017054 0.629457 
0.001163 0.012791 0.320930 0.001163 0.001163 0.001163 0.094186 0.001163 0.001163 0.565116 
0.177193 0.203509 0.054386 0.001754 0.010526 0.133333 0.001754 0.001754 0.001754 0.414035 
0.002174 0.002174 0.056522 0.002174 0.056522 0.002174 0.165217 0.002174 0.002174 0.708696 
0.001170 0.451462 0.083041 0.007018 0.001170 0.001170 0.176608 0.276023 0.001170 0.001170 
0.288112 0.001399 0.001399 0.337063 0.001399 0.120280 0.001399 0.246154 0.001399 0.001399 
0.001290 0.014194 0.123871 0.001290 0.001290 0.001290 0.214194 0.001290 0.001290 0.640000 
0.008000 0.234667 0.001333 0.008000 0.001333 0.001333 0.001333 0.701333 0.001333 0.041333 
0.367480 0.001626 0.001626 0.001626 0.001626 0.253659 0.009756 0.237398 0.123577 0.001626 
0.001429 0.472857 0.001429 0.001429 0.001429 0.065714 0.087143 0.008571 0.001429 0.358571 
0.023529 0.163235 0.067647 0.001471 0.001471 0.369118 0.251471 0.001471 0.001471 0.119118 
0.022857 0.001429 0.001429 0.072857 0.001429 0.001429 0.622857 0.215714 0.008571 0.051429 
0.001299 0.261039 0.014286 0.046753 0.001299 0.001299 0.514286 0.157143 0.001299 0.001299 
0.001550 0.071318 0.009302 0.001550 0.001550 0.001550 0.071318 0.001550 0.001550 0.838760 
0.001266 0.051899 0.032911 0.045570 0.001266 0.159494 0.539241 0.001266 0.020253 0.146835 
0.268148 0.001481 0.001481 0.016296 0.075556 0.001481 0.171852 0.001481 0.001481 0.460741 
0.006936 0.012717 0.006936 0.001156 0.001156 0.411561 0.243931 0.087861 0.001156 0.226590 
0.063918 0.022680 0.022680 0.012371 0.002062 0.651546 0.002062 0.218557 0.002062 0.002062 
0.001575 0.214173 0.040945 0.009449 0.009449 0.001575 0.229921 0.001575 0.001575 0.489764 
0.001754 0.001754 0.221053 0.001754 0.010526 0.001754 0.124561 0.001754 0.414035 0.221053 
0.029752 0.009091 0.257025 0.000826 0.000826 0.575207 0.050413 0.000826 0.000826 0.075207 
0.001481 0.082963 0.023704 0.031111 0.001481 0.357037 0.142222 0.001481 0.001481 0.357037 
0.001399 0.665734 0.001399 0.001399 0.001399 0.001399 0.078322 0.204196 0.015385 0.029371 
0.001143 0.206857 0.006857 0.006857 0.018286 0.075429 0.304000 0.058286 0.321143 0.001143 
0.001316 0.192105 0.021053 0.001316 0.021053 0.001316 0.119737 0.001316 0.198684 0.442105 
0.001370 0.001370 0.028767 0.001370 0.001370 0.001370 0.124658 0.015068 0.001370 0.823288 
0.001600 0.801600 0.009600 0.001600 0.001600 0.049600 0.121600 0.001600 0.001600 0.009600 
0.014966 0.797279 0.062585 0.001361 0.001361 0.001361 0.021769 0.096599 0.001361 0.001361 
0.001527 0.535878 0.245802 0.001527 0.001527 0.039695 0.009160 0.047328 0.116031 0.001527 
0.039394 0.910606 0.001515 0.001515 0.001515 0.001515 0.001515 0.001515 0.039394 0.001515 
0.001449 0.066667 0.044928 0.001449 0.001449 0.001449 0.001449 0.682609 0.001449 0.197101 
0.001515 0.296970 0.031818 0.001515 0.001515 0.001515 0.001515 0.001515 0.001515 0.660606 
0.001942 0.477670 0.196117 0.001942 0.001942 0.001942 0.312621 0.001942 0.001942 0.001942 
0.001613 0.638710 0.090323 0.001613 0.001613 0.001613 0.001613 0.001613 0.001613 0.259677 
0.001064 0.001064 0.001064 0.282979 0.011702 0.001064 0.118085 0.501064 0.027660 0.054255 
0.011650 0.671845 0.001942 0.001942 0.118447 0.176699 0.001942 0.001942 0.011650 0.001942 
0.001198 0.330539 0.001198 0.001198 0.126946 0.318563 0.001198 0.138922 0.001198 0.079042 
0.002083 0.575000 0.075000 0.002083 0.002083 0.022917 0.064583 0.002083 0.012500 0.241667 
0.009091 0.463636 0.440909 0.001515 0.001515 0.046970 0.001515 0.001515 0.001515 0.031818 
0.305185 0.023704 0.023704 0.038519 0.001481 0.001481 0.068148 0.023704 0.305185 0.208889 
0.001333 0.101333 0.008000 0.008000 0.068000 0.001333 0.608000 0.201333 0.001333 0.001333 
0.001361 0.014966 0.001361 0.001361 0.042177 0.001361 0.001361 0.933333 0.001361 0.001361 
0.001242 0.001242 0.001242 0.001242 0.001242 0.001242 0.224845 0.013665 0.001242 0.752795 
0.066667 0.001449 0.001449 0.001449 0.001449 0.001449 0.001449 0.001449 0.001449 0.921739 
0.344056 0.001399 0.106294 0.029371 0.078322 0.008392 0.001399 0.001399 0.001399 0.427972 
0.005505 0.230275 0.010092 0.000917 0.000917 0.000917 0.000917 0.711927 0.000917 0.037615 
0.001449 0.001449 0.001449 0.073913 0.001449 0.015942 0.008696 0.001449 0.001449 0.892754 
0.022917 0.252083 0.002083 0.002083 0.002083 0.002083 0.002083 0.668750 0.002083 0.043750 
0.389147 0.055814 0.001550 0.001550 0.001550 0.001550 0.203101 0.001550 0.032558 0.311628 
0.337705 0.001639 0.149180 0.165574 0.001639 0.001639 0.001639 0.329508 0.009836 0.001639 
0.329600 0.001600 0.489600 0.001600 0.001600 0.009600 0.001600 0.001600 0.001600 0.161600 
0.630088 0.178761 0.125664 0.001770 0.001770 0.054867 0.001770 0.001770 0.001770 0.001770 
0.001307 0.099346 0.014379 0.001307 0.007843 0.014379 0.001307 0.197386 0.001307 0.661438 
0.019632 0.001227 0.136196 0.031902 0.001227 0.007362 0.277301 0.001227 0.001227 0.522699 
0.001290 0.040000 0.007742 0.001290 0.001290 0.001290 0.272258 0.001290 0.007742 0.665806 
0.495789 0.495789 0.001053 0.001053 0.001053 0.001053 0.001053 0.001053 0.001053 0.001053 
0.002198 0.331868 0.002198 0.002198 0.002198 0.178022 0.309890 0.013187 0.002198 0.156044 
0.001212 0.037576 0.007273 0.267879 0.019394 0.201212 0.061818 0.001212 0.401212 0.001212 
0.012766 0.576596 0.097872 0.034043 0.002128 0.246809 0.002128 0.023404 0.002128 0.002128 
0.001282 0.610256 0.001282 0.001282 0.135897 0.161538 0.001282 0.014103 0.071795 0.001282 
0.001460 0.205839 0.001460 0.001460 0.001460 0.191241 0.008759 0.001460 0.570803 0.016058 
0.001258 0.454088 0.007547 0.032704 0.001258 0.001258 0.007547 0.001258 0.083019 0.410063 
0.001852 0.057407 0.001852 0.001852 0.807407 0.001852 0.001852 0.001852 0.103704 0.020370 
0.001081 0.201081 0.168649 0.006486 0.033514 0.001081 0.120000 0.087568 0.379459 0.001081 
0.001170 0.042105 0.147368 0.001170 0.007018 0.141520 0.392982 0.001170 0.258480 0.007018 
0.001361 0.164626 0.001361 0.001361 0.001361 0.001361 0.062585 0.185034 0.191837 0.389116 
0.001905 0.706667 0.001905 0.001905 0.049524 0.144762 0.011429 0.049524 0.030476 0.001905 
0.001124 0.079775 0.001124 0.001124 0.012360 0.001124 0.023596 0.001124 0.568539 0.310112 
0.001923 0.001923 0.001923 0.001923 0.088462 0.001923 0.001923 0.001923 0.848077 0.050000 
0.001709 0.001709 0.001709 0.044444 0.001709 0.121368 0.369231 0.001709 0.454701 0.001709 
0.013174 0.001198 0.007186 0.001198 0.001198 0.001198 0.228743 0.001198 0.743713 0.001198 
0.001117 0.001117 0.157542 0.001117 0.006704 0.001117 0.001117 0.001117 0.559777 0.269274 
0.001739 0.810435 0.001739 0.001739 0.132174 0.001739 0.027826 0.001739 0.001739 0.019130 
0.001449 0.182609 0.102899 0.037681 0.001449 0.044928 0.066667 0.001449 0.559420 0.001449 
0.249600 0.009600 0.049600 0.001600 0.001600 0.377600 0.049600 0.001600 0.257600 0.001600 
0.001538 0.001538 0.009231 0.001538 0.978462 0.001538 0.001538 0.001538 0.001538 0.001538 
0.001626 0.001626 0.001626 0.156098 0.026016 0.164228 0.001626 0.001626 0.359350 0.286179 
0.348718 0.002564 0.002564 0.002564 0.002564 0.002564 0.002564 0.002564 0.528205 0.105128 
0.001370 0.268493 0.364384 0.049315 0.001370 0.015068 0.001370 0.001370 0.268493 0.028767 
0.001575 0.418898 0.001575 0.001575 0.229921 0.033071 0.048819 0.001575 0.253543 0.009449 
0.047126 0.081609 0.001149 0.162069 0.001149 0.219540 0.173563 0.012644 0.300000 0.001149 
0.001143 0.075429 0.309714 0.001143 0.001143 0.001143 0.041143 0.001143 0.212571 0.355429 
0.039623 0.303774 0.001887 0.001887 0.020755 0.247170 0.001887 0.379245 0.001887 0.001887 
0.277241 0.049655 0.001379 0.028966 0.311724 0.104828 0.001379 0.008276 0.215172 0.001379 
0.044828 0.010345 0.062069 0.001724 0.001724 0.312069 0.062069 0.001724 0.467241 0.036207 
0.002439 0.551220 0.295122 0.039024 0.039024 0.002439 0.002439 0.002439 0.002439 0.063415 
0.001905 0.211429 0.182857 0.259048 0.001905 0.011429 0.001905 0.001905 0.325714 0.001905 
0.392053 0.007947 0.001325 0.233113 0.021192 0.147020 0.001325 0.001325 0.186755 0.007947 
0.001770 0.125664 0.010619 0.001770 0.745133 0.001770 0.001770 0.001770 0.107965 0.001770 
0.001575 0.072441 0.001575 0.001575 0.033071 0.001575 0.363780 0.190551 0.135433 0.198425 
0.150617 0.113580 0.027160 0.002469 0.039506 0.409877 0.101235 0.002469 0.150617 0.002469 
0.150311 0.001242 0.057143 0.001242 0.019876 0.001242 0.044720 0.286957 0.349068 0.088199 
0.001183 0.001183 0.095858 0.267456 0.622485 0.001183 0.007101 0.001183 0.001183 0.001183 
0.002083 0.085417 0.012500 0.012500 0.700000 0.002083 0.033333 0.002083 0.147917 0.002083 
0.001961 0.001961 0.001961 0.011765 0.541176 0.139216 0.001961 0.050980 0.247059 0.001961 
0.214159 0.001770 0.028319 0.010619 0.046018 0.001770 0.001770 0.001770 0.001770 0.692035 
0.184733 0.001527 0.024427 0.001527 0.001527 0.001527 0.085496 0.001527 0.238168 0.459542 
0.001361 0.014966 0.001361 0.076190 0.001361 0.001361 0.021769 0.001361 0.035374 0.844898 
0.001600 0.025600 0.001600 0.001600 0.001600 0.033600 0.009600 0.001600 0.009600 0.913600 
0.210989 0.156044 0.002198 0.002198 0.002198 0.002198 0.002198 0.090110 0.002198 0.529670 
0.028571 0.001786 0.046429 0.010714 0.001786 0.001786 0.046429 0.126786 0.001786 0.733929 
0.001739 0.001739 0.001739 0.062609 0.001739 0.053913 0.010435 0.010435 0.001739 0.853913 
0.041379 0.001149 0.001149 0.035632 0.006897 0.001149 0.001149 0.070115 0.443678 0.397701 
0.097143 0.001905 0.001905 0.030476 0.382857 0.001905 0.001905 0.011429 0.001905 0.468571 
0.048649 0.001351 0.001351 0.001351 0.001351 0.008108 0.001351 0.616216 0.008108 0.312162 
0.061386 0.021782 0.021782 0.001980 0.001980 0.001980 0.001980 0.001980 0.011881 0.873267 
0.262000 0.012000 0.002000 0.002000 0.002000 0.012000 0.002000 0.002000 0.002000 0.702000 
0.002062 0.002062 0.002062 0.002062 0.002062 0.002062 0.239175 0.012371 0.002062 0.734021 
0.103030 0.002020 0.002020 0.012121 0.002020 0.002020 0.204040 0.002020 0.002020 0.668687 
0.001563 0.001563 0.110937 0.001563 0.001563 0.181250 0.009375 0.001563 0.110937 0.579688 
0.001481 0.001481 0.001481 0.016296 0.001481 0.001481 0.001481 0.001481 0.001481 0.971852 
0.001563 0.103125 0.071875 0.001563 0.017188 0.001563 0.009375 0.142187 0.009375 0.642188 
0.001190 0.001190 0.001190 0.001190 0.001190 0.013095 0.007143 0.036905 0.001190 0.935714 
0.001681 0.001681 0.001681 0.001681 0.001681 0.001681 0.001681 0.119328 0.001681 0.867227 
0.001527 0.001527 0.009160 0.001527 0.001527 0.016794 0.131298 0.001527 0.001527 0.833588 
0.001550 0.001550 0.001550 0.001550 0.024806 0.001550 0.009302 0.559690 0.009302 0.389147 
0.001563 0.243750 0.001563 0.001563 0.001563 0.001563 0.150000 0.001563 0.017188 0.579688 
0.001835 0.001835 0.011009 0.001835 0.001835 0.001835 0.277064 0.056881 0.001835 0.644037 
0.007792 0.027273 0.001299 0.001299 0.001299 0.001299 0.209091 0.001299 0.053247 0.696104 
0.013187 0.353846 0.002198 0.024176 0.002198 0.002198 0.046154 0.002198 0.024176 0.529670 
0.001770 0.072566 0.072566 0.001770 0.001770 0.001770 0.001770 0.001770 0.010619 0.833628 
0.001351 0.075676 0.035135 0.001351 0.001351 0.021622 0.028378 0.359459 0.008108 0.467568 
0.001835 0.029358 0.102752 0.011009 0.011009 0.001835 0.249541 0.001835 0.240367 0.350459 
0.001538 0.001538 0.001538 0.001538 0.001538 0.009231 0.270769 0.001538 0.001538 0.709231 
0.001527 0.001527 0.001527 0.001527 0.016794 0.001527 0.077863 0.047328 0.001527 0.848855 
0.001575 0.001575 0.009449 0.166929 0.096063 0.001575 0.025197 0.001575 0.001575 0.694488 
0.002299 0.002299 0.013793 0.197701 0.048276 0.002299 0.174713 0.002299 0.002299 0.554023 
0.002105 0.002105 0.002105 0.012632 0.002105 0.002105 0.117895 0.002105 0.002105 0.854737 
0.039695 0.001527 0.009160 0.024427 0.001527 0.001527 0.009160 0.161832 0.001527 0.749618 
0.001563 0.001563 0.001563 0.001563 0.001563 0.001563 0.290625 0.087500 0.321875 0.290625 
0.009917 0.018182 0.001653 0.001653 0.001653 0.001653 0.001653 0.001653 0.447934 0.514050 
0.001527 0.009160 0.169466 0.054962 0.085496 0.001527 0.085496 0.001527 0.238168 0.352672 
0.216923 0.270769 0.001538 0.047692 0.101538 0.001538 0.063077 0.009231 0.170769 0.116923 
0.001563 0.064062 0.087500 0.001563 0.001563 0.001563 0.001563 0.001563 0.001563 0.837500 
0.087117 0.007362 0.001227 0.001227 0.001227 0.001227 0.001227 0.019632 0.577914 0.301840 
0.001449 0.102899 0.117391 0.001449 0.001449 0.001449 0.001449 0.023188 0.001449 0.747826 
0.001250 0.063750 0.007500 0.001250 0.001250 0.001250 0.001250 0.045000 0.001250 0.876250 
0.008108 0.116216 0.014865 0.001351 0.001351 0.008108 0.001351 0.001351 0.001351 0.845946 
0.001653 0.001653 0.018182 0.076033 0.233058 0.001653 0.018182 0.001653 0.001653 0.646281 
0.001667 0.226667 0.026667 0.010000 0.001667 0.001667 0.001667 0.460000 0.001667 0.268333 
0.001887 0.190566 0.011321 0.001887 0.011321 0.350943 0.001887 0.294340 0.001887 0.133962 
0.087234 0.225532 0.012766 0.002128 0.002128 0.002128 0.023404 0.034043 0.002128 0.608511 
0.087500 0.001563 0.001563 0.001563 0.001563 0.001563 0.009375 0.001563 0.001563 0.892188 
0.006154 0.016410 0.293333 0.001026 0.001026 0.011282 0.001026 0.360000 0.001026 0.308718 
0.038235 0.192647 0.060294 0.001471 0.001471 0.016176 0.001471 0.677941 0.008824 0.001471 
0.006780 0.136723 0.001130 0.001130 0.001130 0.001130 0.001130 0.848588 0.001130 0.001130 
0.148000 0.348000 0.001333 0.014667 0.014667 0.001333 0.008000 0.108000 0.001333 0.354667 
0.016058 0.001460 0.541606 0.001460 0.001460 0.001460 0.001460 0.001460 0.001460 0.432117 
0.125444 0.042604 0.001183 0.001183 0.001183 0.001183 0.001183 0.089941 0.013018 0.723077 
0.001460 0.490511 0.001460 0.001460 0.023358 0.001460 0.001460 0.096350 0.008759 0.373723 
0.001481 0.031111 0.001481 0.001481 0.001481 0.001481 0.001481 0.875556 0.001481 0.082963 
0.001183 0.001183 0.013018 0.095858 0.001183 0.001183 0.001183 0.143195 0.231953 0.510059 
0.001149 0.236782 0.231034 0.001149 0.001149 0.219540 0.001149 0.288506 0.001149 0.018391 
0.360784 0.001307 0.001307 0.047059 0.001307 0.007843 0.118954 0.001307 0.001307 0.458824 
0.001527 0.421374 0.283969 0.009160 0.001527 0.184733 0.085496 0.009160 0.001527 0.001527 
0.001613 0.243548 0.267742 0.001613 0.001613 0.332258 0.001613 0.146774 0.001613 0.001613 
0.001325 0.193377 0.438411 0.001325 0.001325 0.001325 0.001325 0.001325 0.001325 0.358940 
0.007595 0.444304 0.001266 0.001266 0.001266 0.001266 0.007595 0.532911 0.001266 0.001266 
0.014194 0.040000 0.001290 0.040000 0.136774 0.001290 0.001290 0.001290 0.407742 0.356129 
0.105556 0.133333 0.209722 0.001389 0.001389 0.001389 0.001389 0.001389 0.070833 0.473611 
0.001418 0.008511 0.029787 0.008511 0.001418 0.001418 0.001418 0.001418 0.001418 0.944681 
0.001117 0.213408 0.040223 0.001117 0.001117 0.023464 0.001117 0.151955 0.001117 0.565363 
0.001852 0.011111 0.140741 0.001852 0.001852 0.390741 0.140741 0.029630 0.001852 0.279630 
0.377600 0.001600 0.001600 0.001600 0.033600 0.001600 0.001600 0.065600 0.001600 0.513600 
0.001205 0.091566 0.001205 0.459036 0.007229 0.007229 0.001205 0.001205 0.019277 0.410843 
0.248148 0.272840 0.001235 0.001235 0.285185 0.106173 0.007407 0.056790 0.019753 0.001235 
0.001980 0.001980 0.506931 0.011881 0.021782 0.001980 0.011881 0.437624 0.001980 0.001980 
0.001575 0.001575 0.308661 0.001575 0.001575 0.009449 0.474016 0.103937 0.001575 0.096063 
0.335556 0.002222 0.157778 0.002222 0.002222 0.002222 0.046667 0.002222 0.191111 0.257778 
0.197688 0.139884 0.434682 0.001156 0.058960 0.001156 0.001156 0.163006 0.001156 0.001156 
0.001481 0.120000 0.386667 0.008889 0.001481 0.001481 0.364444 0.112593 0.001481 0.001481 
0.002105 0.370526 0.612632 0.002105 0.002105 0.002105 0.002105 0.002105 0.002105 0.002105 
0.001439 0.037410 0.526619 0.001439 0.008633 0.080576 0.030216 0.001439 0.001439 0.310791 
0.001739 0.001739 0.314783 0.001739 0.175652 0.001739 0.001739 0.001739 0.062609 0.436522 
0.020382 0.001274 0.224204 0.001274 0.001274 0.001274 0.294268 0.026752 0.001274 0.428025 
0.368707 0.130612 0.008163 0.001361 0.096599 0.273469 0.008163 0.021769 0.089796 0.001361 
0.001587 0.001587 0.311111 0.001587 0.041270 0.001587 0.350794 0.001587 0.025397 0.263492 
0.001575 0.001575 0.387402 0.001575 0.048819 0.001575 0.009449 0.001575 0.009449 0.537008 
0.518367 0.014966 0.001361 0.001361 0.055782 0.008163 0.014966 0.001361 0.382313 0.001361 
0.001408 0.001408 0.297183 0.001408 0.001408 0.008451 0.001408 0.022535 0.001408 0.663380 
0.001639 0.001639 0.386885 0.001639 0.001639 0.001639 0.050820 0.304918 0.001639 0.247541 
0.631522 0.001087 0.071739 0.001087 0.082609 0.001087 0.115217 0.011957 0.071739 0.011957 
0.632895 0.132895 0.001316 0.001316 0.001316 0.001316 0.067105 0.001316 0.001316 0.159211 
0.285207 0.474556 0.024852 0.001183 0.001183 0.007101 0.202367 0.001183 0.001183 0.001183 
0.363793 0.001724 0.044828 0.036207 0.001724 0.001724 0.044828 0.001724 0.001724 0.501724 
0.294828 0.001724 0.096552 0.001724 0.010345 0.053448 0.113793 0.001724 0.001724 0.424138 
0.062585 0.001361 0.157823 0.001361 0.001361 0.001361 0.001361 0.001361 0.668027 0.103401 
0.547107 0.001653 0.001653 0.001653 0.001653 0.001653 0.051240 0.001653 0.001653 0.390083 
0.001613 0.041935 0.050000 0.001613 0.001613 0.001613 0.138710 0.412903 0.340323 0.009677 
0.127368 0.269474 0.453684 0.001053 0.001053 0.001053 0.006316 0.001053 0.058947 0.080000 
0.600000 0.001709 0.001709 0.001709 0.001709 0.001709 0.112821 0.001709 0.001709 0.275214 
0.214667 0.128000 0.208000 0.001333 0.001333 0.001333 0.161333 0.001333 0.001333 0.281333 
0.305600 0.313600 0.001600 0.121600 0.025600 0.001600 0.001600 0.009600 0.001600 0.217600 
0.530337 0.002247 0.002247 0.047191 0.002247 0.013483 0.182022 0.035955 0.024719 0.159551 
0.001316 0.001316 0.402632 0.001316 0.001316 0.001316 0.001316 0.001316 0.119737 0.468421 
0.286857 0.052571 0.178286 0.001143 0.001143 0.001143 0.338286 0.001143 0.006857 0.132571 
0.373333 0.354286 0.001905 0.011429 0.001905 0.001905 0.192381 0.001905 0.020952 0.040000 
0.219048 0.035374 0.123810 0.001361 0.042177 0.001361 0.212245 0.008163 0.001361 0.355102 
0.224460 0.001439 0.123741 0.001439 0.001439 0.001439 0.001439 0.023022 0.605755 0.015827 
0.575652 0.045217 0.001739 0.001739 0.010435 0.001739 0.245217 0.001739 0.001739 0.114783 
0.029630 0.001852 0.159259 0.011111 0.001852 0.048148 0.344444 0.400000 0.001852 0.001852 
0.316279 0.002326 0.118605 0.002326 0.002326 0.013953 0.002326 0.002326 0.013953 0.525581 
0.267133 0.462937 0.155245 0.001399 0.001399 0.001399 0.001399 0.001399 0.029371 0.078322 
0.686301 0.028767 0.001370 0.001370 0.001370 0.001370 0.001370 0.001370 0.200000 0.076712 
0.008219 0.104110 0.001370 0.035616 0.001370 0.001370 0.001370 0.008219 0.035616 0.802740 
0.542857 0.001504 0.001504 0.001504 0.001504 0.001504 0.001504 0.069173 0.001504 0.377444 
0.001333 0.261333 0.001333 0.014667 0.001333 0.001333 0.008000 0.001333 0.008000 0.701333 
0.002105 0.002105 0.002105 0.570526 0.002105 0.002105 0.002105 0.002105 0.412632 0.002105 
0.019298 0.010526 0.080702 0.300000 0.036842 0.247368 0.001754 0.001754 0.273684 0.028070 
0.001626 0.294309 0.001626 0.180488 0.001626 0.001626 0.147967 0.001626 0.001626 0.367480 
0.001550 0.017054 0.001550 0.513178 0.001550 0.001550 0.001550 0.358140 0.001550 0.102326 
0.001835 0.194495 0.130275 0.093578 0.249541 0.001835 0.222018 0.029358 0.075229 0.001835 
0.001307 0.033987 0.001307 0.850980 0.020915 0.001307 0.001307 0.001307 0.086275 0.001307 
0.001299 0.001299 0.001299 0.001299 0.650649 0.001299 0.079221 0.001299 0.261039 0.001299 
0.037681 0.001449 0.001449 0.740580 0.073913 0.073913 0.001449 0.001449 0.066667 0.001449 
0.001835 0.084404 0.011009 0.396330 0.001835 0.001835 0.497248 0.001835 0.001835 0.001835 
0.001942 0.108738 0.001942 0.176699 0.264078 0.021359 0.157282 0.001942 0.264078 0.001942 
0.001370 0.186301 0.001370 0.282192 0.001370 0.001370 0.008219 0.001370 0.515068 0.001370 
0.001613 0.130645 0.001613 0.501613 0.001613 0.001613 0.001613 0.017742 0.001613 0.340323 
0.001835 0.001835 0.011009 0.579817 0.084404 0.011009 0.001835 0.001835 0.286239 0.020183 
0.105185 0.001481 0.023704 0.305185 0.001481 0.001481 0.112593 0.001481 0.408889 0.038519 
0.001274 0.039490 0.001274 0.421656 0.249682 0.001274 0.281529 0.001274 0.001274 0.001274 
0.001439 0.001439 0.001439 0.404317 0.555396 0.023022 0.001439 0.001439 0.008633 0.001439 
0.135366 0.001220 0.007317 0.379268 0.117073 0.025610 0.050000 0.001220 0.184146 0.098780 
0.001626 0.042276 0.001626 0.879675 0.009756 0.001626 0.001626 0.017886 0.001626 0.042276 
0.001802 0.109910 0.001802 0.524324 0.001802 0.001802 0.001802 0.227027 0.127928 0.001802 
0.227027 0.109910 0.001802 0.425225 0.100901 0.001802 0.001802 0.001802 0.118919 0.010811 
0.001538 0.001538 0.086154 0.347692 0.001538 0.001538 0.001538 0.416923 0.140000 0.001538 
0.026446 0.009917 0.414876 0.365289 0.034711 0.001653 0.001653 0.059504 0.084298 0.001653 
0.030058 0.001156 0.030058 0.394220 0.203468 0.012717 0.001156 0.001156 0.324855 0.001156 
0.123871 0.001290 0.117419 0.369032 0.001290 0.001290 0.001290 0.007742 0.375484 0.001290 
0.001538 0.001538 0.001538 0.770769 0.001538 0.001538 0.001538 0.216923 0.001538 0.001538 
0.001235 0.001235 0.007407 0.760494 0.007407 0.001235 0.001235 0.001235 0.211111 0.007407 
0.034437 0.074172 0.001325 0.001325 0.001325 0.411921 0.001325 0.464901 0.007947 0.001325 
0.046452 0.001290 0.091613 0.059355 0.007742 0.014194 0.001290 0.401290 0.175484 0.201290 
0.134667 0.088000 0.001333 0.008000 0.001333 0.028000 0.021333 0.001333 0.041333 0.674667 
0.358261 0.001739 0.001739 0.001739 0.001739 0.001739 0.010435 0.001739 0.010435 0.610435 
0.175758 0.009091 0.100000 0.403030 0.062121 0.100000 0.137879 0.009091 0.001515 0.001515 
0.236943 0.173248 0.077707 0.001274 0.039490 0.039490 0.001274 0.001274 0.421656 0.007643 
0.288750 0.007500 0.245000 0.001250 0.001250 0.063750 0.001250 0.001250 0.001250 0.388750 
0.001307 0.001307 0.125490 0.001307 0.001307 0.001307 0.001307 0.164706 0.014379 0.687582 
0.204040 0.062626 0.002020 0.002020 0.002020 0.002020 0.022222 0.002020 0.062626 0.638384 
0.020388 0.219417 0.000971 0.000971 0.000971 0.005825 0.000971 0.743689 0.000971 0.005825 
0.305357 0.001786 0.037500 0.001786 0.233929 0.225000 0.037500 0.001786 0.001786 0.153571 
0.441667 0.001190 0.001190 0.001190 0.007143 0.001190 0.001190 0.025000 0.001190 0.519048 
0.590071 0.001418 0.001418 0.058156 0.001418 0.001418 0.001418 0.001418 0.001418 0.341844 
0.001449 0.001449 0.008696 0.008696 0.001449 0.001449 0.044928 0.914493 0.001449 0.015942 
0.001316 0.001316 0.001316 0.001316 0.001316 0.014474 0.001316 0.001316 0.001316 0.975000 
0.001550 0.148837 0.001550 0.001550 0.032558 0.001550 0.001550 0.396899 0.009302 0.404651 
0.302000 0.002000 0.002000 0.002000 0.012000 0.112000 0.002000 0.002000 0.262000 0.302000 
0.358042 0.008392 0.001399 0.148252 0.008392 0.057343 0.001399 0.029371 0.232168 0.155245 
0.041333 0.001333 0.001333 0.054667 0.001333 0.048000 0.088000 0.748000 0.001333 0.014667 
0.291304 0.001449 0.001449 0.001449 0.001449 0.037681 0.001449 0.023188 0.001449 0.639130 
0.452632 0.001504 0.189474 0.001504 0.001504 0.001504 0.084211 0.069173 0.001504 0.196992 
0.139474 0.001316 0.369737 0.001316 0.001316 0.001316 0.001316 0.001316 0.014474 0.468421 
0.007895 0.001316 0.001316 0.007895 0.001316 0.165789 0.001316 0.080263 0.001316 0.731579 
0.768098 0.001227 0.001227 0.025767 0.001227 0.007362 0.050307 0.130061 0.013497 0.001227 
0.001439 0.008633 0.001439 0.001439 0.001439 0.001439 0.001439 0.469065 0.001439 0.512230 
0.082432 0.318919 0.014865 0.352703 0.001351 0.001351 0.156757 0.021622 0.008108 0.041892 
0.137415 0.001361 0.001361 0.001361 0.001361 0.001361 0.232653 0.429932 0.082993 0.110204 
0.001316 0.007895 0.021053 0.100000 0.001316 0.001316 0.001316 0.685526 0.034211 0.146053 
0.043636 0.176970 0.001212 0.001212 0.037576 0.013333 0.001212 0.043636 0.001212 0.680000 
0.281395 0.002326 0.002326 0.013953 0.002326 0.002326 0.002326 0.083721 0.002326 0.606977 
0.382090 0.158209 0.008955 0.031343 0.001493 0.001493 0.023881 0.202985 0.105970 0.083582 
0.108861 0.216456 0.134177 0.007595 0.001266 0.102532 0.007595 0.172152 0.001266 0.248101 
0.099187 0.001626 0.001626 0.001626 0.001626 0.001626 0.131707 0.001626 0.367480 0.391870 
0.066667 0.030435 0.066667 0.168116 0.001449 0.146377 0.175362 0.052174 0.255072 0.037681 
0.182456 0.001170 0.123977 0.001170 0.001170 0.001170 0.346199 0.159064 0.001170 0.182456 
0.001667 0.010000 0.243333 0.018333 0.018333 0.001667 0.010000 0.210000 0.001667 0.485000 
0.006936 0.116763 0.001156 0.400000 0.087861 0.024277 0.093642 0.018497 0.249711 0.001156 
0.010084 0.001681 0.119328 0.211765 0.186555 0.001681 0.001681 0.026891 0.363025 0.077311 
0.009600 0.009600 0.001600 0.273600 0.001600 0.009600 0.001600 0.001600 0.009600 0.681600 
0.400000 0.002041 0.002041 0.002041 0.002041 0.042857 0.002041 0.002041 0.542857 0.002041 
0.001342 0.001342 0.001342 0.001342 0.001342 0.001342 0.148993 0.001342 0.222819 0.618792 
0.008824 0.001471 0.001471 0.052941 0.001471 0.001471 0.001471 0.758824 0.119118 0.052941 
0.628169 0.029577 0.001408 0.001408 0.001408 0.008451 0.001408 0.071831 0.254930 0.001408 
0.107576 0.319697 0.001515 0.259091 0.001515 0.016667 0.039394 0.001515 0.130303 0.122727 
0.132174 0.001739 0.001739 0.601739 0.010435 0.001739 0.053913 0.001739 0.027826 0.166957 
0.001020 0.679592 0.281633 0.006122 0.001020 0.001020 0.011224 0.011224 0.006122 0.001020 
0.001242 0.299379 0.013665 0.001242 0.448447 0.001242 0.032298 0.168944 0.032298 0.001242 
0.033121 0.071338 0.026752 0.001274 0.198726 0.001274 0.205096 0.001274 0.001274 0.459873 
0.001515 0.546970 0.009091 0.122727 0.001515 0.001515 0.084848 0.175758 0.001515 0.054545 
0.534444 0.001111 0.001111 0.001111 0.001111 0.056667 0.001111 0.001111 0.001111 0.401111 
0.001124 0.001124 0.197753 0.001124 0.001124 0.001124 0.001124 0.495506 0.001124 0.298876 
0.186301 0.124658 0.179452 0.001370 0.001370 0.008219 0.001370 0.049315 0.001370 0.446575 
