0.001626 0.367480 0.009756 0.001626 0.001626 0.611382 0.001626 0.001626 0.001626 0.001626 
0.033071 0.119685 0.001575 0.001575 0.001575 0.686614 0.151181 0.001575 0.001575 0.001575 
0.009756 0.294309 0.009756 0.001626 0.001626 0.643902 0.001626 0.001626 0.034146 0.001626 
0.001087 0.327174 0.126087 0.011957 0.403261 0.126087 0.001087 0.001087 0.001087 0.001087 
0.078462 0.447692 0.001538 0.001538 0.001538 0.247692 0.001538 0.001538 0.078462 0.140000 
0.870175 0.071930 0.001754 0.010526 0.001754 0.001754 0.036842 0.001754 0.001754 0.001754 
0.143363 0.001770 0.001770 0.001770 0.090265 0.417699 0.329204 0.010619 0.001770 0.001770 
0.916049 0.051852 0.002469 0.002469 0.002469 0.002469 0.002469 0.002469 0.014815 0.002469 
0.001481 0.290370 0.201481 0.001481 0.379259 0.001481 0.001481 0.001481 0.120000 0.001481 
0.537255 0.439216 0.001307 0.001307 0.014379 0.001307 0.001307 0.001307 0.001307 0.001307 
0.042975 0.547107 0.001653 0.001653 0.381818 0.001653 0.001653 0.001653 0.001653 0.018182 
0.286111 0.008333 0.063889 0.001389 0.584722 0.001389 0.008333 0.043056 0.001389 0.001389 
0.001550 0.001550 0.536434 0.032558 0.117829 0.009302 0.288372 0.009302 0.001550 0.001550 
0.001449 0.508696 0.001449 0.110145 0.371014 0.001449 0.001449 0.001449 0.001449 0.001449 
0.659627 0.144099 0.001242 0.001242 0.001242 0.001242 0.001242 0.001242 0.001242 0.187578 
0.760000 0.043333 0.135000 0.001667 0.001667 0.001667 0.001667 0.010000 0.026667 0.018333 
0.164539 0.200000 0.001418 0.001418 0.419858 0.008511 0.001418 0.164539 0.036879 0.001418 
0.001481 0.416296 0.008889 0.016296 0.186667 0.275556 0.001481 0.001481 0.090370 0.001481 
0.606452 0.001613 0.090323 0.033871 0.001613 0.001613 0.259677 0.001613 0.001613 0.001613 
0.001754 0.010526 0.001754 0.001754 0.001754 0.168421 0.001754 0.800000 0.001754 0.010526 
0.201600 0.001600 0.145600 0.001600 0.009600 0.009600 0.449600 0.145600 0.033600 0.001600 
0.068333 0.501667 0.001667 0.001667 0.001667 0.410000 0.001667 0.010000 0.001667 0.001667 
0.035294 0.001681 0.598319 0.035294 0.110924 0.010084 0.161345 0.026891 0.018487 0.001681 
0.001786 0.010714 0.635714 0.171429 0.100000 0.001786 0.010714 0.055357 0.010714 0.001786 
0.285000 0.010000 0.668333 0.001667 0.001667 0.001667 0.001667 0.026667 0.001667 0.001667 
0.001198 0.043114 0.001198 0.013174 0.001198 0.001198 0.085030 0.851497 0.001198 0.001198 
0.001342 0.209396 0.249664 0.102013 0.216107 0.001342 0.001342 0.216107 0.001342 0.001342 
0.001198 0.204790 0.174850 0.001198 0.013174 0.001198 0.462275 0.138922 0.001198 0.001198 
0.365657 0.113131 0.002020 0.022222 0.234343 0.042424 0.002020 0.193939 0.002020 0.022222 
0.108602 0.468817 0.001075 0.011828 0.001075 0.366667 0.001075 0.022581 0.017204 0.001075 
0.001681 0.026891 0.715966 0.136134 0.077311 0.001681 0.010084 0.018487 0.010084 0.001681 
0.791083 0.001274 0.014013 0.001274 0.001274 0.001274 0.128662 0.001274 0.007643 0.052229 
0.001342 0.128859 0.330201 0.001342 0.249664 0.001342 0.001342 0.283221 0.001342 0.001342 
0.027632 0.040789 0.152632 0.001316 0.001316 0.001316 0.001316 0.731579 0.001316 0.040789 
0.001754 0.115789 0.054386 0.001754 0.001754 0.001754 0.001754 0.800000 0.010526 0.010526 
0.292537 0.240299 0.091045 0.068657 0.038806 0.001493 0.061194 0.016418 0.001493 0.188060 
0.001754 0.247368 0.089474 0.001754 0.045614 0.001754 0.475439 0.133333 0.001754 0.001754 
0.000966 0.000966 0.252174 0.020290 0.223188 0.000966 0.000966 0.498551 0.000966 0.000966 
0.001429 0.165714 0.344286 0.058571 0.001429 0.008571 0.001429 0.408571 0.008571 0.001429 
0.161111 0.084722 0.043056 0.001389 0.265278 0.001389 0.397222 0.001389 0.022222 0.022222 
0.018421 0.000877 0.035965 0.000877 0.193860 0.005263 0.518421 0.167544 0.040351 0.018421 
0.001439 0.656115 0.109353 0.001439 0.001439 0.001439 0.001439 0.224460 0.001439 0.001439 
0.270968 0.152688 0.002151 0.002151 0.034409 0.002151 0.034409 0.496774 0.002151 0.002151 
0.059854 0.315328 0.052555 0.001460 0.037956 0.081752 0.110949 0.074453 0.001460 0.264234 
0.161345 0.001681 0.455462 0.236975 0.010084 0.001681 0.052101 0.001681 0.001681 0.077311 
0.866165 0.121805 0.001504 0.001504 0.001504 0.001504 0.001504 0.001504 0.001504 0.001504 
0.001235 0.248148 0.050617 0.001235 0.186420 0.001235 0.013580 0.445679 0.007407 0.044444 
0.065957 0.023404 0.459574 0.012766 0.225532 0.002128 0.002128 0.193617 0.012766 0.002128 
0.015278 0.001389 0.001389 0.001389 0.022222 0.001389 0.056944 0.640278 0.258333 0.001389 
0.000995 0.050746 0.662687 0.085572 0.000995 0.010945 0.180100 0.000995 0.000995 0.005970 
0.001370 0.186301 0.035616 0.021918 0.282192 0.001370 0.227397 0.241096 0.001370 0.001370 
0.001370 0.001370 0.336986 0.001370 0.042466 0.063014 0.001370 0.528767 0.001370 0.021918 
0.276923 0.002198 0.364835 0.002198 0.101099 0.101099 0.002198 0.002198 0.002198 0.145055 
0.001418 0.001418 0.668085 0.001418 0.001418 0.001418 0.320567 0.001418 0.001418 0.001418 
0.312605 0.010084 0.001681 0.077311 0.001681 0.094118 0.194958 0.245378 0.060504 0.001681 
0.245217 0.001739 0.088696 0.001739 0.001739 0.001739 0.027826 0.627826 0.001739 0.001739 
0.510180 0.228743 0.007186 0.001198 0.019162 0.043114 0.126946 0.061078 0.001198 0.001198 
0.064557 0.146835 0.165823 0.007595 0.070886 0.001266 0.241772 0.298734 0.001266 0.001266 
0.001299 0.481818 0.072727 0.001299 0.001299 0.001299 0.007792 0.429870 0.001299 0.001299 
0.001481 0.401481 0.045926 0.016296 0.001481 0.001481 0.023704 0.312593 0.179259 0.016296 
0.001504 0.001504 0.527820 0.001504 0.106767 0.031579 0.001504 0.324812 0.001504 0.001504 
0.001563 0.001563 0.001563 0.001563 0.017188 0.095312 0.064062 0.681250 0.118750 0.017188 
0.001481 0.031111 0.001481 0.008889 0.008889 0.008889 0.016296 0.616296 0.216296 0.090370 
0.001770 0.293805 0.196460 0.001770 0.107965 0.028319 0.010619 0.355752 0.001770 0.001770 
0.001600 0.489600 0.001600 0.001600 0.121600 0.057600 0.025600 0.297600 0.001600 0.001600 
0.133775 0.001325 0.405298 0.001325 0.325828 0.001325 0.001325 0.001325 0.001325 0.127152 
0.171631 0.668085 0.072340 0.001418 0.008511 0.058156 0.001418 0.008511 0.008511 0.001418 
0.001064 0.155319 0.251064 0.017021 0.001064 0.001064 0.495745 0.027660 0.001064 0.048936 
0.002353 0.143529 0.002353 0.002353 0.002353 0.002353 0.025882 0.414118 0.002353 0.402353 
0.094915 0.077966 0.035593 0.001695 0.010169 0.061017 0.289831 0.400000 0.010169 0.018644 
0.001299 0.351948 0.001299 0.345455 0.293506 0.001299 0.001299 0.001299 0.001299 0.001299 
0.127027 0.284685 0.005405 0.280180 0.000901 0.000901 0.244144 0.054955 0.000901 0.000901 
0.001005 0.719598 0.046231 0.106533 0.001005 0.001005 0.121608 0.001005 0.001005 0.001005 
0.012644 0.248276 0.006897 0.041379 0.001149 0.052874 0.472414 0.001149 0.001149 0.162069 
0.001198 0.013174 0.138922 0.468263 0.108982 0.001198 0.097006 0.168862 0.001198 0.001198 
0.001563 0.001563 0.946875 0.017188 0.025000 0.001563 0.001563 0.001563 0.001563 0.001563 
0.077241 0.339310 0.008276 0.028966 0.008276 0.001379 0.277241 0.001379 0.256552 0.001379 
0.078322 0.001399 0.001399 0.001399 0.218182 0.001399 0.001399 0.434965 0.022378 0.239161 
0.001550 0.017054 0.001550 0.001550 0.017054 0.017054 0.017054 0.040310 0.234109 0.652713 
0.001235 0.001235 0.001235 0.001235 0.001235 0.001235 0.001235 0.365432 0.217284 0.408642 
0.001550 0.079070 0.102326 0.001550 0.001550 0.001550 0.001550 0.373643 0.001550 0.435659 
0.041060 0.060927 0.345695 0.021192 0.100662 0.001325 0.014570 0.001325 0.041060 0.372185 
0.006522 0.088043 0.028261 0.011957 0.098913 0.006522 0.044565 0.088043 0.001087 0.626087 
0.001163 0.001163 0.373256 0.001163 0.018605 0.001163 0.065116 0.001163 0.001163 0.536047 
0.071831 0.001408 0.135211 0.642254 0.001408 0.001408 0.001408 0.001408 0.001408 0.142254 
0.001042 0.001042 0.001042 0.001042 0.001042 0.001042 0.073958 0.100000 0.402083 0.417708 
0.002041 0.002041 0.022449 0.002041 0.002041 0.093878 0.002041 0.002041 0.002041 0.869388 
0.074576 0.001130 0.001130 0.198870 0.001130 0.001130 0.001130 0.097175 0.413559 0.210169 
0.461871 0.001439 0.418705 0.066187 0.001439 0.001439 0.001439 0.001439 0.023022 0.023022 
0.436364 0.397403 0.001299 0.027273 0.001299 0.001299 0.053247 0.001299 0.001299 0.079221 
0.001299 0.209091 0.007792 0.293506 0.176623 0.137662 0.001299 0.001299 0.014286 0.157143 
0.300730 0.278832 0.001460 0.001460 0.001460 0.001460 0.147445 0.220438 0.045255 0.001460 
0.052564 0.001282 0.103846 0.001282 0.001282 0.001282 0.071795 0.552564 0.110256 0.103846 
0.001325 0.564238 0.001325 0.001325 0.166887 0.001325 0.007947 0.001325 0.014570 0.239735 
0.001515 0.751515 0.001515 0.001515 0.009091 0.228788 0.001515 0.001515 0.001515 0.001515 
0.052874 0.662069 0.018391 0.001149 0.196552 0.001149 0.001149 0.024138 0.029885 0.012644 
0.299476 0.472251 0.001047 0.001047 0.001047 0.184293 0.001047 0.001047 0.037696 0.001047 
0.001290 0.588387 0.001290 0.014194 0.149677 0.123871 0.001290 0.001290 0.001290 0.117419 
0.161364 0.002273 0.002273 0.002273 0.002273 0.820455 0.002273 0.002273 0.002273 0.002273 
0.001449 0.842029 0.117391 0.001449 0.001449 0.001449 0.023188 0.008696 0.001449 0.001449 
0.135673 0.398830 0.001170 0.001170 0.147368 0.001170 0.170760 0.007018 0.094737 0.042105 
0.001250 0.245000 0.501250 0.001250 0.132500 0.001250 0.001250 0.001250 0.113750 0.001250 
0.063636 0.518182 0.003030 0.018182 0.003030 0.003030 0.003030 0.003030 0.003030 0.381818 
0.014286 0.402679 0.000893 0.000893 0.148214 0.402679 0.000893 0.027679 0.000893 0.000893 
0.188235 0.139216 0.001961 0.031373 0.296078 0.031373 0.305882 0.001961 0.001961 0.001961 
0.163077 0.540000 0.001538 0.001538 0.001538 0.263077 0.001538 0.001538 0.024615 0.001538 
0.198425 0.033071 0.009449 0.001575 0.009449 0.529134 0.001575 0.214173 0.001575 0.001575 
0.009091 0.380303 0.501515 0.001515 0.084848 0.001515 0.001515 0.001515 0.001515 0.016667 
0.080000 0.137895 0.427368 0.001053 0.332632 0.001053 0.001053 0.006316 0.001053 0.011579 
0.253333 0.357037 0.001481 0.001481 0.208889 0.090370 0.008889 0.001481 0.001481 0.075556 
0.189855 0.617391 0.008696 0.001449 0.008696 0.001449 0.001449 0.160870 0.001449 0.008696 
0.594286 0.372857 0.001429 0.001429 0.015714 0.001429 0.001429 0.001429 0.008571 0.001429 
0.173770 0.763934 0.026230 0.001639 0.001639 0.026230 0.001639 0.001639 0.001639 0.001639 
0.689362 0.278014 0.001418 0.001418 0.015603 0.008511 0.001418 0.001418 0.001418 0.001418 
0.049398 0.350602 0.001205 0.001205 0.001205 0.043373 0.549398 0.001205 0.001205 0.001205 
0.086792 0.256604 0.001887 0.001887 0.596226 0.039623 0.001887 0.001887 0.001887 0.011321 
0.001370 0.658904 0.049315 0.001370 0.282192 0.001370 0.001370 0.001370 0.001370 0.001370 
0.064062 0.587500 0.001563 0.001563 0.001563 0.001563 0.142187 0.001563 0.001563 0.196875 
0.001818 0.810909 0.001818 0.029091 0.056364 0.029091 0.001818 0.001818 0.056364 0.010909 
0.701429 0.001429 0.015714 0.001429 0.001429 0.258571 0.001429 0.015714 0.001429 0.001429 
0.009756 0.684553 0.001626 0.009756 0.139837 0.001626 0.115447 0.001626 0.001626 0.034146 
0.255224 0.456716 0.270149 0.001493 0.001493 0.001493 0.001493 0.001493 0.008955 0.001493 
0.018182 0.290909 0.042975 0.009917 0.001653 0.381818 0.092562 0.001653 0.001653 0.158678 
0.001325 0.345695 0.041060 0.001325 0.292715 0.312583 0.001325 0.001325 0.001325 0.001325 
0.112849 0.459218 0.124022 0.001117 0.185475 0.084916 0.001117 0.006704 0.023464 0.001117 
0.324224 0.050932 0.081988 0.001242 0.001242 0.007453 0.001242 0.355280 0.088199 0.088199 
0.001111 0.334444 0.090000 0.001111 0.556667 0.001111 0.001111 0.001111 0.001111 0.012222 
0.353103 0.491034 0.001379 0.001379 0.001379 0.001379 0.070345 0.077241 0.001379 0.001379 
0.282014 0.562590 0.001439 0.001439 0.066187 0.001439 0.001439 0.080576 0.001439 0.001439 
0.001220 0.501220 0.403659 0.001220 0.080488 0.001220 0.001220 0.001220 0.001220 0.007317 
0.001835 0.533945 0.139450 0.001835 0.286239 0.001835 0.001835 0.011009 0.020183 0.001835 
0.233058 0.224793 0.001653 0.001653 0.001653 0.133884 0.009917 0.117355 0.084298 0.191736 
0.009449 0.056693 0.025197 0.009449 0.001575 0.198425 0.300787 0.119685 0.001575 0.277165 
0.001852 0.001852 0.011111 0.001852 0.001852 0.372222 0.001852 0.205556 0.131481 0.270370 
0.001786 0.001786 0.162500 0.626786 0.001786 0.001786 0.100000 0.055357 0.001786 0.046429 
0.145600 0.001600 0.249600 0.249600 0.001600 0.001600 0.001600 0.001600 0.001600 0.345600 
0.001613 0.485484 0.114516 0.001613 0.050000 0.009677 0.332258 0.001613 0.001613 0.001613 
0.045283 0.001258 0.529560 0.001258 0.007547 0.108176 0.296855 0.001258 0.007547 0.001258 
0.012791 0.460465 0.006977 0.001163 0.001163 0.001163 0.512791 0.001163 0.001163 0.001163 
0.177901 0.752486 0.050829 0.006630 0.001105 0.001105 0.001105 0.001105 0.006630 0.001105 
0.363121 0.547518 0.001418 0.001418 0.008511 0.001418 0.043972 0.015603 0.001418 0.015603 
0.293846 0.009231 0.632308 0.001538 0.001538 0.001538 0.009231 0.047692 0.001538 0.001538 
0.009524 0.580952 0.025397 0.001587 0.096825 0.207937 0.001587 0.001587 0.073016 0.001587 
0.238849 0.634532 0.008633 0.001439 0.066187 0.044604 0.001439 0.001439 0.001439 0.001439 
0.112698 0.692063 0.049206 0.001587 0.017460 0.104762 0.001587 0.017460 0.001587 0.001587 
0.598165 0.368807 0.011009 0.001835 0.001835 0.001835 0.011009 0.001835 0.001835 0.001835 
0.019512 0.537805 0.037805 0.001220 0.330488 0.031707 0.001220 0.007317 0.031707 0.001220 
0.332143 0.278571 0.001786 0.001786 0.171429 0.198214 0.001786 0.001786 0.001786 0.010714 
0.001429 0.894286 0.015714 0.001429 0.001429 0.022857 0.037143 0.001429 0.001429 0.022857 
0.002020 0.608081 0.335354 0.002020 0.002020 0.042424 0.002020 0.002020 0.002020 0.002020 
0.007362 0.455215 0.136196 0.001227 0.234356 0.001227 0.142331 0.001227 0.019632 0.001227 
0.001235 0.112346 0.396296 0.001235 0.001235 0.001235 0.451852 0.032099 0.001235 0.001235 
0.073684 0.080263 0.573684 0.001316 0.100000 0.126316 0.014474 0.001316 0.001316 0.027632 
0.002273 0.331818 0.297727 0.002273 0.002273 0.002273 0.013636 0.002273 0.002273 0.343182 
0.125581 0.598450 0.001550 0.001550 0.001550 0.001550 0.148837 0.117829 0.001550 0.001550 
0.001163 0.495349 0.001163 0.001163 0.001163 0.036047 0.448837 0.006977 0.001163 0.006977 
0.580702 0.107018 0.142105 0.001754 0.115789 0.001754 0.001754 0.001754 0.045614 0.001754 
0.828261 0.002174 0.002174 0.013043 0.132609 0.002174 0.002174 0.002174 0.002174 0.013043 
0.001170 0.001170 0.369591 0.007018 0.205848 0.018713 0.392982 0.001170 0.001170 0.001170 
0.001399 0.071329 0.113287 0.127273 0.078322 0.001399 0.001399 0.323077 0.281119 0.001399 
0.188387 0.343226 0.001290 0.001290 0.001290 0.098065 0.362581 0.001290 0.001290 0.001290 
0.001333 0.194667 0.734667 0.001333 0.001333 0.001333 0.001333 0.001333 0.001333 0.061333 
0.001626 0.107317 0.001626 0.229268 0.188618 0.001626 0.001626 0.001626 0.465041 0.001626 
0.544286 0.001429 0.080000 0.044286 0.001429 0.001429 0.322857 0.001429 0.001429 0.001429 
0.256934 0.016058 0.132847 0.264234 0.147445 0.001460 0.125547 0.001460 0.052555 0.001460 
0.001429 0.158571 0.044286 0.065714 0.001429 0.001429 0.458571 0.251429 0.008571 0.008571 
0.092208 0.001299 0.131169 0.001299 0.150649 0.001299 0.611688 0.007792 0.001299 0.001299 
0.303876 0.551938 0.001550 0.001550 0.001550 0.001550 0.125581 0.009302 0.001550 0.001550 
0.172152 0.083544 0.001266 0.343038 0.001266 0.013924 0.311392 0.070886 0.001266 0.001266 
0.334815 0.260741 0.001481 0.001481 0.031111 0.023704 0.023704 0.001481 0.320000 0.001481 
0.035838 0.174566 0.012717 0.486705 0.145665 0.006936 0.116763 0.001156 0.001156 0.018497 
0.012371 0.002062 0.032990 0.713402 0.136082 0.002062 0.063918 0.002062 0.032990 0.002062 
0.450394 0.261417 0.017323 0.009449 0.001575 0.001575 0.253543 0.001575 0.001575 0.001575 
0.010526 0.133333 0.001754 0.054386 0.001754 0.352632 0.291228 0.045614 0.001754 0.107018 
0.071074 0.038017 0.004959 0.566942 0.112397 0.000826 0.182645 0.004959 0.000826 0.017355 
0.016296 0.349630 0.060741 0.231111 0.001481 0.075556 0.245926 0.001481 0.016296 0.001481 
0.001399 0.022378 0.567832 0.001399 0.001399 0.001399 0.337063 0.008392 0.001399 0.057343 
0.292571 0.001143 0.075429 0.161143 0.001143 0.052571 0.149714 0.001143 0.001143 0.264000 
0.113158 0.323684 0.001316 0.001316 0.001316 0.001316 0.185526 0.001316 0.014474 0.356579 
0.001370 0.830137 0.001370 0.008219 0.001370 0.015068 0.131507 0.001370 0.001370 0.008219 
0.073600 0.001600 0.265600 0.065600 0.001600 0.001600 0.569600 0.001600 0.001600 0.017600 
0.001361 0.001361 0.123810 0.001361 0.028571 0.001361 0.742857 0.001361 0.001361 0.096599 
0.001527 0.024427 0.283969 0.070229 0.001527 0.001527 0.467176 0.047328 0.009160 0.093130 
0.001515 0.001515 0.690909 0.009091 0.001515 0.001515 0.251515 0.001515 0.001515 0.039394 
0.008696 0.863768 0.117391 0.001449 0.001449 0.001449 0.001449 0.001449 0.001449 0.001449 
0.001515 0.653030 0.198485 0.009091 0.001515 0.001515 0.122727 0.001515 0.001515 0.009091 
0.021359 0.031068 0.001942 0.001942 0.176699 0.001942 0.759223 0.001942 0.001942 0.001942 
0.025806 0.187097 0.300000 0.001613 0.001613 0.001613 0.477419 0.001613 0.001613 0.001613 
0.038298 0.144681 0.032979 0.001064 0.330851 0.001064 0.001064 0.421277 0.027660 0.001064 
0.001942 0.001942 0.584466 0.273786 0.001942 0.011650 0.079612 0.011650 0.031068 0.001942 
0.001198 0.031138 0.504192 0.276647 0.031138 0.144910 0.001198 0.001198 0.007186 0.001198 
0.002083 0.043750 0.200000 0.002083 0.002083 0.054167 0.658333 0.002083 0.033333 0.002083 
0.001515 0.069697 0.206061 0.024242 0.001515 0.001515 0.690909 0.001515 0.001515 0.001515 
0.394074 0.023704 0.008889 0.001481 0.001481 0.120000 0.001481 0.016296 0.157037 0.275556 
0.248000 0.008000 0.021333 0.001333 0.581333 0.001333 0.028000 0.008000 0.001333 0.101333 
0.001361 0.096599 0.416327 0.001361 0.443537 0.001361 0.001361 0.001361 0.008163 0.028571 
0.311801 0.616149 0.032298 0.007453 0.026087 0.001242 0.001242 0.001242 0.001242 0.001242 
0.552174 0.436232 0.001449 0.001449 0.001449 0.001449 0.001449 0.001449 0.001449 0.001449 
0.008451 0.381690 0.001408 0.001408 0.001408 0.001408 0.015493 0.001408 0.585915 0.001408 
0.000917 0.367890 0.560550 0.014679 0.042202 0.000917 0.005505 0.000917 0.000917 0.005505 
0.008696 0.334783 0.023188 0.001449 0.001449 0.479710 0.023188 0.124638 0.001449 0.001449 
0.002083 0.095833 0.543750 0.002083 0.314583 0.033333 0.002083 0.002083 0.002083 0.002083 
0.342636 0.125581 0.001550 0.017054 0.001550 0.427907 0.032558 0.024806 0.017054 0.009302 
0.239344 0.001639 0.075410 0.001639 0.190164 0.001639 0.108197 0.214754 0.165574 0.001639 
0.449600 0.001600 0.001600 0.001600 0.017600 0.001600 0.297600 0.001600 0.225600 0.001600 
0.364602 0.001770 0.001770 0.010619 0.001770 0.001770 0.214159 0.001770 0.391150 0.010619 
0.001307 0.739869 0.125490 0.001307 0.053595 0.001307 0.073203 0.001307 0.001307 0.001307 
0.516564 0.258896 0.001227 0.001227 0.117791 0.080982 0.019632 0.001227 0.001227 0.001227 
0.594839 0.310968 0.001290 0.001290 0.007742 0.001290 0.078710 0.001290 0.001290 0.001290 
0.001047 0.001047 0.419895 0.001047 0.001047 0.006283 0.074346 0.016754 0.477487 0.001047 
0.452747 0.002198 0.353846 0.167033 0.002198 0.002198 0.002198 0.002198 0.002198 0.013187 
0.122424 0.001212 0.001212 0.358788 0.164848 0.001212 0.007273 0.340606 0.001212 0.001212 
0.002128 0.012766 0.417021 0.300000 0.002128 0.002128 0.246809 0.002128 0.012766 0.002128 
0.001282 0.058974 0.546154 0.084615 0.001282 0.001282 0.039744 0.001282 0.001282 0.264103 
0.001460 0.103650 0.081752 0.264234 0.001460 0.001460 0.154745 0.067153 0.001460 0.322628 
0.001258 0.032704 0.152201 0.001258 0.001258 0.655346 0.001258 0.001258 0.013836 0.139623 
0.075926 0.020370 0.140741 0.001852 0.001852 0.001852 0.001852 0.001852 0.020370 0.733333 
0.001081 0.011892 0.130811 0.011892 0.001081 0.033514 0.476757 0.065946 0.001081 0.265946 
0.106433 0.001170 0.001170 0.118129 0.053801 0.007018 0.445614 0.001170 0.007018 0.258480 
0.144218 0.014966 0.110204 0.001361 0.613605 0.001361 0.001361 0.001361 0.001361 0.110204 
0.001905 0.001905 0.582857 0.182857 0.106667 0.001905 0.020952 0.001905 0.001905 0.097143 
0.220225 0.046067 0.001124 0.135955 0.001124 0.326966 0.017978 0.001124 0.012360 0.237079 
0.001923 0.001923 0.059615 0.050000 0.001923 0.242308 0.001923 0.001923 0.001923 0.636538 
0.018803 0.001709 0.001709 0.634188 0.129915 0.001709 0.061538 0.001709 0.001709 0.147009 
0.049102 0.001198 0.007186 0.102994 0.007186 0.462275 0.085030 0.007186 0.001198 0.276647 
0.001117 0.286034 0.017877 0.001117 0.006704 0.263687 0.051397 0.062570 0.017877 0.291620 
0.010435 0.001739 0.810435 0.027826 0.027826 0.001739 0.001739 0.001739 0.001739 0.114783 
0.081159 0.001449 0.175362 0.110145 0.008696 0.030435 0.073913 0.001449 0.001449 0.515942 
0.105600 0.001600 0.001600 0.433600 0.025600 0.001600 0.001600 0.001600 0.425600 0.001600 
0.009231 0.001538 0.001538 0.009231 0.001538 0.001538 0.001538 0.001538 0.001538 0.970769 
0.253659 0.139837 0.001626 0.099187 0.017886 0.058537 0.001626 0.408130 0.001626 0.017886 
0.169231 0.002564 0.028205 0.002564 0.002564 0.579487 0.015385 0.002564 0.028205 0.169231 
0.001370 0.001370 0.015068 0.001370 0.015068 0.015068 0.734247 0.001370 0.001370 0.213699 
0.064567 0.001575 0.277165 0.166929 0.025197 0.009449 0.001575 0.001575 0.001575 0.450394 
0.116092 0.001149 0.133333 0.282759 0.001149 0.006897 0.018391 0.150575 0.093103 0.196552 
0.001143 0.286857 0.001143 0.001143 0.001143 0.001143 0.538286 0.006857 0.001143 0.161143 
0.001887 0.001887 0.681132 0.190566 0.105660 0.001887 0.001887 0.001887 0.011321 0.001887 
0.001379 0.001379 0.001379 0.118621 0.001379 0.001379 0.001379 0.070345 0.628966 0.173793 
0.131034 0.001724 0.001724 0.277586 0.105172 0.001724 0.027586 0.113793 0.234483 0.105172 
0.002439 0.002439 0.697561 0.002439 0.002439 0.002439 0.282927 0.002439 0.002439 0.002439 
0.001905 0.001905 0.125714 0.020952 0.001905 0.001905 0.135238 0.325714 0.011429 0.373333 
0.001325 0.001325 0.001325 0.213245 0.007947 0.034437 0.021192 0.200000 0.464901 0.054305 
0.001770 0.001770 0.187611 0.001770 0.001770 0.001770 0.001770 0.001770 0.072566 0.727434 
0.363780 0.166929 0.143307 0.056693 0.143307 0.001575 0.017323 0.001575 0.001575 0.103937 
0.409877 0.002469 0.064198 0.311111 0.002469 0.002469 0.002469 0.002469 0.200000 0.002469 
0.001242 0.001242 0.168944 0.001242 0.100621 0.168944 0.001242 0.057143 0.498137 0.001242 
0.048521 0.001183 0.001183 0.001183 0.001183 0.001183 0.066272 0.220118 0.048521 0.610651 
0.002083 0.002083 0.002083 0.002083 0.116667 0.012500 0.002083 0.002083 0.002083 0.856250 
0.001961 0.031373 0.001961 0.119608 0.001961 0.080392 0.001961 0.041176 0.001961 0.717647 
0.187611 0.550442 0.001770 0.001770 0.028319 0.107965 0.001770 0.001770 0.116814 0.001770 
0.604580 0.001527 0.001527 0.001527 0.062595 0.161832 0.016794 0.001527 0.138931 0.009160 
0.103401 0.395918 0.001361 0.001361 0.042177 0.395918 0.001361 0.042177 0.008163 0.008163 
0.313600 0.665600 0.001600 0.001600 0.001600 0.009600 0.001600 0.001600 0.001600 0.001600 
0.068132 0.035165 0.002198 0.002198 0.134066 0.595604 0.156044 0.002198 0.002198 0.002198 
0.001786 0.725000 0.001786 0.001786 0.251786 0.001786 0.001786 0.010714 0.001786 0.001786 
0.001739 0.001739 0.001739 0.045217 0.001739 0.758261 0.010435 0.175652 0.001739 0.001739 
0.144828 0.202299 0.001149 0.001149 0.098851 0.127586 0.001149 0.012644 0.001149 0.409195 
0.030476 0.459048 0.001905 0.001905 0.001905 0.001905 0.001905 0.020952 0.478095 0.001905 
0.001351 0.879730 0.001351 0.021622 0.001351 0.001351 0.001351 0.001351 0.041892 0.048649 
0.061386 0.021782 0.001980 0.001980 0.001980 0.902970 0.001980 0.001980 0.001980 0.001980 
0.302000 0.502000 0.002000 0.002000 0.002000 0.172000 0.002000 0.002000 0.012000 0.002000 
0.445361 0.455670 0.074227 0.002062 0.002062 0.002062 0.002062 0.012371 0.002062 0.002062 
0.517172 0.315152 0.002020 0.002020 0.002020 0.153535 0.002020 0.002020 0.002020 0.002020 
0.540625 0.196875 0.001563 0.181250 0.001563 0.001563 0.009375 0.001563 0.001563 0.064062 
0.045926 0.927407 0.001481 0.001481 0.001481 0.001481 0.008889 0.008889 0.001481 0.001481 
0.001563 0.775000 0.173437 0.001563 0.009375 0.001563 0.032813 0.001563 0.001563 0.001563 
0.126190 0.786905 0.007143 0.025000 0.042857 0.001190 0.001190 0.007143 0.001190 0.001190 
0.018487 0.489076 0.010084 0.060504 0.001681 0.405042 0.001681 0.001681 0.010084 0.001681 
0.001527 0.299237 0.001527 0.001527 0.001527 0.619847 0.001527 0.024427 0.001527 0.047328 
0.179845 0.660465 0.117829 0.001550 0.001550 0.001550 0.001550 0.024806 0.001550 0.009302 
0.595313 0.212500 0.134375 0.001563 0.001563 0.009375 0.001563 0.001563 0.001563 0.040625 
0.800000 0.176147 0.011009 0.001835 0.001835 0.001835 0.001835 0.001835 0.001835 0.001835 
0.585714 0.384416 0.001299 0.001299 0.007792 0.007792 0.001299 0.007792 0.001299 0.001299 
0.309890 0.167033 0.013187 0.002198 0.013187 0.046154 0.441758 0.002198 0.002198 0.002198 
0.010619 0.187611 0.001770 0.001770 0.178761 0.612389 0.001770 0.001770 0.001770 0.001770 
0.122973 0.541892 0.224324 0.014865 0.001351 0.014865 0.055405 0.001351 0.008108 0.014865 
0.011009 0.377982 0.001835 0.001835 0.011009 0.011009 0.350459 0.001835 0.029358 0.203670 
0.001538 0.347692 0.001538 0.001538 0.378462 0.263077 0.001538 0.001538 0.001538 0.001538 
0.314504 0.604580 0.047328 0.009160 0.001527 0.001527 0.016794 0.001527 0.001527 0.001527 
0.088189 0.001575 0.001575 0.001575 0.001575 0.710236 0.001575 0.096063 0.001575 0.096063 
0.002299 0.450575 0.002299 0.002299 0.002299 0.002299 0.232184 0.289655 0.013793 0.002299 
0.570526 0.391579 0.012632 0.012632 0.002105 0.002105 0.002105 0.002105 0.002105 0.002105 
0.001527 0.490076 0.108397 0.024427 0.032061 0.337405 0.001527 0.001527 0.001527 0.001527 
0.228125 0.025000 0.009375 0.001563 0.501563 0.040625 0.001563 0.017188 0.001563 0.173437 
0.373554 0.398347 0.001653 0.001653 0.042975 0.001653 0.001653 0.018182 0.001653 0.158678 
0.322137 0.009160 0.001527 0.001527 0.001527 0.261069 0.138931 0.039695 0.032061 0.192366 
0.332308 0.001538 0.316923 0.009231 0.101538 0.001538 0.001538 0.001538 0.001538 0.232308 
0.025000 0.798438 0.001563 0.001563 0.048438 0.001563 0.095312 0.001563 0.025000 0.001563 
0.001227 0.209816 0.001227 0.001227 0.001227 0.682209 0.001227 0.001227 0.044172 0.056442 
0.001449 0.791304 0.044928 0.001449 0.008696 0.088406 0.037681 0.008696 0.001449 0.015942 
0.001250 0.870000 0.032500 0.001250 0.001250 0.001250 0.082500 0.007500 0.001250 0.001250 
0.014865 0.818919 0.150000 0.008108 0.001351 0.001351 0.001351 0.001351 0.001351 0.001351 
0.001653 0.687603 0.001653 0.018182 0.001653 0.034711 0.001653 0.001653 0.216529 0.034711 
0.001667 0.593333 0.343333 0.001667 0.018333 0.018333 0.018333 0.001667 0.001667 0.001667 
0.001887 0.228302 0.483019 0.077358 0.001887 0.001887 0.181132 0.011321 0.011321 0.001887 
0.002128 0.725532 0.161702 0.002128 0.002128 0.002128 0.002128 0.002128 0.087234 0.012766 
0.040625 0.759375 0.001563 0.001563 0.001563 0.048438 0.001563 0.001563 0.134375 0.009375 
0.006154 0.601026 0.021538 0.001026 0.216410 0.001026 0.149744 0.001026 0.001026 0.001026 
0.001471 0.001471 0.802941 0.001471 0.030882 0.016176 0.067647 0.008824 0.067647 0.001471 
0.001130 0.187571 0.447458 0.001130 0.345763 0.006780 0.001130 0.001130 0.006780 0.001130 
0.054667 0.374667 0.348000 0.001333 0.008000 0.001333 0.008000 0.021333 0.181333 0.001333 
0.023358 0.373723 0.001460 0.008759 0.016058 0.045255 0.527007 0.001460 0.001460 0.001460 
0.001183 0.794083 0.001183 0.001183 0.048521 0.001183 0.007101 0.001183 0.143195 0.001183 
0.001460 0.417518 0.570803 0.001460 0.001460 0.001460 0.001460 0.001460 0.001460 0.001460 
0.031111 0.482963 0.208889 0.001481 0.268148 0.001481 0.001481 0.001481 0.001481 0.001481 
0.178698 0.291124 0.001183 0.001183 0.125444 0.030769 0.007101 0.356213 0.001183 0.007101 
0.018391 0.035632 0.265517 0.167816 0.190805 0.001149 0.311494 0.006897 0.001149 0.001149 
0.354248 0.249673 0.001307 0.001307 0.007843 0.190850 0.086275 0.001307 0.105882 0.001307 
0.161832 0.001527 0.551145 0.192366 0.070229 0.001527 0.016794 0.001527 0.001527 0.001527 
0.001613 0.001613 0.001613 0.195161 0.219355 0.001613 0.300000 0.009677 0.267742 0.001613 
0.001325 0.603974 0.001325 0.001325 0.001325 0.007947 0.319205 0.007947 0.001325 0.054305 
0.001266 0.184810 0.767089 0.001266 0.039241 0.001266 0.001266 0.001266 0.001266 0.001266 
0.001290 0.252903 0.001290 0.001290 0.046452 0.014194 0.014194 0.072258 0.194839 0.401290 
0.008333 0.633333 0.001389 0.001389 0.001389 0.008333 0.223611 0.001389 0.119444 0.001389 
0.100709 0.767376 0.001418 0.001418 0.001418 0.114894 0.001418 0.001418 0.008511 0.001418 
0.001117 0.587709 0.252514 0.045810 0.001117 0.001117 0.101676 0.001117 0.001117 0.006704 
0.001852 0.261111 0.001852 0.279630 0.001852 0.001852 0.381481 0.020370 0.001852 0.048148 
0.009600 0.417600 0.009600 0.017600 0.353600 0.001600 0.001600 0.033600 0.129600 0.025600 
0.001205 0.362651 0.055422 0.001205 0.001205 0.001205 0.109639 0.465060 0.001205 0.001205 
0.001235 0.001235 0.266667 0.137037 0.167901 0.001235 0.001235 0.001235 0.420988 0.001235 
0.001980 0.209901 0.071287 0.001980 0.259406 0.001980 0.001980 0.001980 0.447525 0.001980 
0.285039 0.025197 0.001575 0.001575 0.418898 0.001575 0.151181 0.001575 0.111811 0.001575 
0.013333 0.224444 0.013333 0.002222 0.091111 0.224444 0.113333 0.002222 0.313333 0.002222 
0.139884 0.006936 0.087861 0.001156 0.174566 0.001156 0.006936 0.001156 0.579191 0.001156 
0.142222 0.001481 0.282963 0.001481 0.349630 0.001481 0.001481 0.016296 0.186667 0.016296 
0.023158 0.002105 0.370526 0.002105 0.002105 0.012632 0.202105 0.002105 0.381053 0.002105 
0.174101 0.296403 0.015827 0.037410 0.001439 0.001439 0.174101 0.001439 0.296403 0.001439 
0.314783 0.123478 0.001739 0.001739 0.019130 0.114783 0.001739 0.027826 0.384348 0.010435 
0.211465 0.396178 0.001274 0.020382 0.147771 0.007643 0.001274 0.001274 0.211465 0.001274 
0.001361 0.008163 0.144218 0.178231 0.001361 0.001361 0.001361 0.014966 0.477551 0.171429 
0.628571 0.112698 0.001587 0.001587 0.017460 0.009524 0.001587 0.001587 0.192063 0.033333 
0.048819 0.340157 0.001575 0.001575 0.111811 0.080315 0.001575 0.001575 0.411024 0.001575 
0.001361 0.001361 0.001361 0.008163 0.001361 0.171429 0.008163 0.001361 0.654422 0.151020 
0.100000 0.642254 0.008451 0.001408 0.015493 0.008451 0.001408 0.001408 0.219718 0.001408 
0.272131 0.001639 0.042623 0.001639 0.378689 0.034426 0.001639 0.001639 0.263934 0.001639 
0.185870 0.001087 0.001087 0.001087 0.001087 0.468478 0.082609 0.001087 0.256522 0.001087 
0.001307 0.079739 0.138562 0.001307 0.105882 0.628758 0.027451 0.001307 0.014379 0.001307 
0.001183 0.001183 0.001183 0.001183 0.001183 0.255621 0.634320 0.001183 0.101775 0.001183 
0.381034 0.113793 0.001724 0.001724 0.036207 0.105172 0.001724 0.001724 0.355172 0.001724 
0.337931 0.087931 0.001724 0.001724 0.001724 0.251724 0.018966 0.001724 0.277586 0.018966 
0.001361 0.048980 0.001361 0.001361 0.001361 0.858503 0.001361 0.008163 0.069388 0.008163 
0.125620 0.175207 0.001653 0.001653 0.142149 0.538843 0.001653 0.001653 0.009917 0.001653 
0.066129 0.227419 0.001613 0.001613 0.437097 0.001613 0.033871 0.017742 0.001613 0.211290 
0.058947 0.153684 0.311579 0.001053 0.001053 0.053684 0.132632 0.001053 0.253684 0.032632 
0.001709 0.223932 0.001709 0.001709 0.292308 0.155556 0.001709 0.001709 0.317949 0.001709 
0.301333 0.108000 0.001333 0.001333 0.001333 0.001333 0.314667 0.001333 0.268000 0.001333 
0.001600 0.097600 0.001600 0.001600 0.001600 0.201600 0.353600 0.001600 0.321600 0.017600 
0.226966 0.159551 0.002247 0.002247 0.024719 0.474157 0.002247 0.002247 0.103371 0.002247 
0.106579 0.350000 0.001316 0.001316 0.001316 0.146053 0.330263 0.001316 0.060526 0.001316 
0.224000 0.081143 0.001143 0.001143 0.001143 0.144000 0.406857 0.001143 0.138286 0.001143 
0.001905 0.001905 0.211429 0.001905 0.001905 0.001905 0.392381 0.001905 0.382857 0.001905 
0.096599 0.239456 0.001361 0.001361 0.001361 0.253061 0.389116 0.001361 0.014966 0.001361 
0.015827 0.001439 0.001439 0.001439 0.037410 0.440288 0.001439 0.166906 0.289209 0.044604 
0.184348 0.001739 0.001739 0.001739 0.001739 0.523478 0.062609 0.001739 0.219130 0.001739 
0.409259 0.177778 0.001852 0.001852 0.168519 0.001852 0.085185 0.020370 0.131481 0.001852 
0.002326 0.479070 0.002326 0.060465 0.002326 0.002326 0.002326 0.002326 0.444186 0.002326 
0.169231 0.050350 0.295105 0.001399 0.001399 0.001399 0.239161 0.001399 0.176224 0.064336 
0.056164 0.001370 0.001370 0.015068 0.001370 0.426027 0.001370 0.008219 0.302740 0.186301 
0.001370 0.295890 0.008219 0.001370 0.097260 0.590411 0.001370 0.001370 0.001370 0.001370 
0.001504 0.317293 0.001504 0.009023 0.001504 0.490226 0.001504 0.001504 0.099248 0.076692 
0.454667 0.388000 0.148000 0.001333 0.001333 0.001333 0.001333 0.001333 0.001333 0.001333 
0.002105 0.002105 0.002105 0.023158 0.012632 0.002105 0.002105 0.770526 0.002105 0.181053 
0.010526 0.001754 0.001754 0.422807 0.001754 0.054386 0.019298 0.475439 0.010526 0.001754 
0.082927 0.473171 0.099187 0.009756 0.001626 0.001626 0.204878 0.123577 0.001626 0.001626 
0.001550 0.466667 0.094574 0.001550 0.001550 0.001550 0.001550 0.427907 0.001550 0.001550 
0.047706 0.011009 0.056881 0.139450 0.001835 0.038532 0.148624 0.066055 0.332110 0.157798 
0.007843 0.001307 0.001307 0.001307 0.001307 0.001307 0.014379 0.883660 0.001307 0.086275 
0.033766 0.001299 0.001299 0.033766 0.001299 0.014286 0.001299 0.046753 0.014286 0.851948 
0.001449 0.001449 0.008696 0.059420 0.001449 0.008696 0.001449 0.573913 0.023188 0.320290 
0.258716 0.001835 0.001835 0.001835 0.001835 0.001835 0.277064 0.414679 0.001835 0.038532 
0.011650 0.001942 0.147573 0.001942 0.166990 0.001942 0.021359 0.205825 0.001942 0.438835 
0.001370 0.001370 0.063014 0.001370 0.001370 0.001370 0.042466 0.487671 0.001370 0.398630 
0.009600 0.281600 0.001600 0.001600 0.001600 0.033600 0.201600 0.441600 0.025600 0.001600 
0.001835 0.001835 0.011009 0.001835 0.001835 0.029358 0.001835 0.708257 0.001835 0.240367 
0.149630 0.001481 0.075556 0.001481 0.001481 0.001481 0.001481 0.223704 0.238519 0.305185 
0.001274 0.001274 0.001274 0.001274 0.001274 0.001274 0.090446 0.625478 0.135032 0.141401 
0.001439 0.001439 0.001439 0.023022 0.001439 0.001439 0.008633 0.202878 0.001439 0.756835 
0.019512 0.086585 0.001220 0.043902 0.019512 0.007317 0.001220 0.452439 0.281707 0.086585 
0.001626 0.001626 0.139837 0.001626 0.009756 0.050407 0.001626 0.790244 0.001626 0.001626 
0.055856 0.010811 0.227027 0.001802 0.091892 0.001802 0.001802 0.605405 0.001802 0.001802 
0.001802 0.019820 0.163964 0.001802 0.001802 0.001802 0.001802 0.515315 0.290090 0.001802 
0.001538 0.063077 0.286154 0.001538 0.001538 0.001538 0.193846 0.393846 0.009231 0.047692 
0.001653 0.133884 0.001653 0.076033 0.076033 0.001653 0.224793 0.472727 0.001653 0.009917 
0.001156 0.001156 0.001156 0.030058 0.030058 0.087861 0.001156 0.428902 0.001156 0.417341 
0.078710 0.001290 0.001290 0.020645 0.001290 0.001290 0.001290 0.504516 0.388387 0.001290 
0.001538 0.001538 0.147692 0.001538 0.001538 0.001538 0.001538 0.824615 0.009231 0.009231 
0.038272 0.001235 0.001235 0.001235 0.013580 0.019753 0.001235 0.920988 0.001235 0.001235 
0.001325 0.014570 0.233113 0.398675 0.299338 0.041060 0.001325 0.001325 0.007947 0.001325 
0.272258 0.001290 0.020645 0.065806 0.523871 0.065806 0.001290 0.014194 0.001290 0.033548 
0.061333 0.714667 0.021333 0.014667 0.048000 0.048000 0.001333 0.001333 0.001333 0.088000 
0.010435 0.506087 0.001739 0.010435 0.019130 0.427826 0.001739 0.001739 0.010435 0.010435 
0.054545 0.016667 0.001515 0.122727 0.168182 0.069697 0.062121 0.342424 0.160606 0.001515 
0.033121 0.026752 0.192357 0.128662 0.001274 0.001274 0.001274 0.001274 0.434395 0.179618 
0.676250 0.220000 0.026250 0.001250 0.063750 0.007500 0.001250 0.001250 0.001250 0.001250 
0.040523 0.818301 0.014379 0.001307 0.053595 0.001307 0.047059 0.001307 0.020915 0.001307 
0.507071 0.365657 0.002020 0.002020 0.092929 0.002020 0.002020 0.002020 0.002020 0.022222 
0.000966 0.469565 0.377778 0.000966 0.112077 0.000966 0.000966 0.005797 0.029952 0.000966 
0.457143 0.001786 0.091071 0.091071 0.037500 0.001786 0.001786 0.108929 0.117857 0.091071 
0.001190 0.584524 0.001190 0.001190 0.245238 0.138095 0.007143 0.001190 0.019048 0.001190 
0.001418 0.015603 0.015603 0.001418 0.029787 0.909220 0.001418 0.022695 0.001418 0.001418 
0.001449 0.284058 0.015942 0.001449 0.682609 0.001449 0.008696 0.001449 0.001449 0.001449 
0.146053 0.810526 0.001316 0.021053 0.001316 0.014474 0.001316 0.001316 0.001316 0.001316 
0.001550 0.629457 0.288372 0.001550 0.001550 0.001550 0.001550 0.024806 0.001550 0.048062 
0.392000 0.242000 0.002000 0.052000 0.002000 0.002000 0.002000 0.002000 0.202000 0.102000 
0.008392 0.113287 0.001399 0.169231 0.001399 0.323077 0.001399 0.253147 0.127273 0.001399 
0.001333 0.454667 0.001333 0.001333 0.481333 0.001333 0.001333 0.001333 0.001333 0.054667 
0.052174 0.682609 0.044928 0.001449 0.153623 0.044928 0.001449 0.001449 0.001449 0.015942 
0.001493 0.202985 0.008955 0.001493 0.464179 0.061194 0.128358 0.001493 0.128358 0.001493 
0.053947 0.481579 0.007895 0.001316 0.198684 0.040789 0.211842 0.001316 0.001316 0.001316 
0.159211 0.725000 0.001316 0.073684 0.027632 0.001316 0.007895 0.001316 0.001316 0.001316 
0.166871 0.001227 0.001227 0.001227 0.166871 0.019632 0.001227 0.025767 0.608589 0.007362 
0.001439 0.533813 0.015827 0.001439 0.433094 0.001439 0.008633 0.001439 0.001439 0.001439 
0.048649 0.028378 0.163514 0.001351 0.204054 0.001351 0.204054 0.258108 0.048649 0.041892 
0.239456 0.096599 0.001361 0.001361 0.572789 0.001361 0.001361 0.001361 0.001361 0.082993 
0.001316 0.836842 0.007895 0.007895 0.001316 0.001316 0.001316 0.126316 0.001316 0.014474 
0.764848 0.140606 0.001212 0.001212 0.061818 0.001212 0.019394 0.001212 0.007273 0.001212 
0.002326 0.211628 0.002326 0.002326 0.083721 0.630233 0.002326 0.002326 0.060465 0.002326 
0.195522 0.023881 0.225373 0.001493 0.426866 0.001493 0.001493 0.001493 0.001493 0.120896 
0.007595 0.469620 0.184810 0.077215 0.007595 0.001266 0.001266 0.001266 0.248101 0.001266 
0.180488 0.074797 0.001626 0.001626 0.001626 0.416260 0.074797 0.066667 0.001626 0.180488 
0.001449 0.001449 0.008696 0.226087 0.182609 0.073913 0.160870 0.247826 0.001449 0.095652 
0.258480 0.141520 0.001170 0.001170 0.375439 0.141520 0.001170 0.007018 0.071345 0.001170 
0.001667 0.676667 0.060000 0.001667 0.010000 0.001667 0.193333 0.001667 0.001667 0.051667 
0.001156 0.006936 0.139884 0.012717 0.018497 0.423121 0.024277 0.110983 0.001156 0.261272 
0.270588 0.001681 0.010084 0.018487 0.001681 0.001681 0.060504 0.228571 0.152941 0.253782 
0.001600 0.417600 0.001600 0.001600 0.001600 0.249600 0.097600 0.225600 0.001600 0.001600 
0.002041 0.012245 0.002041 0.226531 0.002041 0.563265 0.022449 0.042857 0.063265 0.063265 
0.001342 0.417450 0.001342 0.001342 0.430872 0.142282 0.001342 0.001342 0.001342 0.001342 
0.001471 0.383824 0.001471 0.001471 0.479412 0.001471 0.001471 0.016176 0.001471 0.111765 
0.001408 0.001408 0.029577 0.001408 0.445070 0.367606 0.008451 0.085915 0.001408 0.057746 
0.001515 0.001515 0.016667 0.009091 0.342424 0.122727 0.153030 0.206061 0.084848 0.062121 
0.001739 0.201739 0.001739 0.001739 0.019130 0.001739 0.062609 0.566957 0.106087 0.036522 
0.001020 0.001020 0.184694 0.006122 0.001020 0.001020 0.705102 0.001020 0.082653 0.016327 
0.001242 0.001242 0.218634 0.007453 0.175155 0.001242 0.001242 0.007453 0.547826 0.038509 
0.236943 0.383439 0.045860 0.001274 0.001274 0.007643 0.173248 0.007643 0.007643 0.135032 
0.319697 0.001515 0.463636 0.009091 0.054545 0.001515 0.001515 0.031818 0.001515 0.115152 
0.034444 0.290000 0.001111 0.084444 0.001111 0.340000 0.001111 0.001111 0.245556 0.001111 
0.001124 0.596629 0.164045 0.001124 0.231461 0.001124 0.001124 0.001124 0.001124 0.001124 
0.001370 0.569863 0.069863 0.008219 0.001370 0.193151 0.145205 0.008219 0.001370 0.001370 
