0.000031 0.000031 0.009230 0.000031 0.272953 0.343484 0.000031 0.000031 0.046029 0.328151 
0.000037 0.000037 0.000037 0.643183 0.000037 0.154392 0.202168 0.000037 0.000037 0.000037 
0.000030 0.000030 0.000030 0.000030 0.000030 0.000030 0.000030 0.418303 0.581460 0.000030 
0.000037 0.000037 0.000037 0.000037 0.000037 0.203665 0.000037 0.000037 0.059274 0.736801 
0.000036 0.353699 0.205738 0.000036 0.086647 0.083039 0.000036 0.000036 0.000036 0.270696 
0.000050 0.070722 0.000050 0.201969 0.000050 0.620949 0.000050 0.000050 0.106058 0.000050 
0.000044 0.000044 0.000044 0.537252 0.088111 0.374328 0.000044 0.000044 0.000044 0.000044 
0.255340 0.298490 0.000036 0.000036 0.000036 0.000036 0.000036 0.089932 0.000036 0.356023 
0.246477 0.000035 0.000035 0.000035 0.378376 0.000035 0.013919 0.000035 0.000035 0.361020 
0.000043 0.000043 0.098713 0.471943 0.000043 0.000043 0.000043 0.429043 0.000043 0.000043 
0.000030 0.199970 0.000030 0.000030 0.000030 0.000030 0.251469 0.000030 0.000030 0.548349 
0.281557 0.000029 0.000029 0.000029 0.000029 0.135047 0.000029 0.583194 0.000029 0.000029 
0.704159 0.000036 0.000036 0.000036 0.171507 0.000036 0.000036 0.000036 0.124079 0.000036 
0.000035 0.000035 0.000035 0.000035 0.000035 0.000035 0.943165 0.000035 0.056552 0.000035 
0.322616 0.372244 0.198547 0.000035 0.000035 0.000035 0.000035 0.000035 0.000035 0.106381 
0.000040 0.191963 0.655778 0.000040 0.000040 0.000040 0.000040 0.151979 0.000040 0.000040 
0.000031 0.000031 0.000031 0.000031 0.000031 0.000031 0.033763 0.000031 0.965992 0.000031 
0.441448 0.000032 0.000032 0.000032 0.000032 0.311620 0.000032 0.000032 0.000032 0.246706 
0.000047 0.000047 0.000047 0.000047 0.000047 0.323839 0.000047 0.000047 0.000047 0.675786 
0.000038 0.769559 0.000038 0.000038 0.192418 0.000038 0.000038 0.037759 0.000038 0.000038 
0.367593 0.022456 0.000045 0.000045 0.000045 0.000045 0.000045 0.000045 0.000045 0.609637 
0.000039 0.267377 0.228632 0.000039 0.000039 0.000039 0.000039 0.193762 0.000039 0.309996 
0.534027 0.176995 0.288761 0.000031 0.000031 0.000031 0.000031 0.000031 0.000031 0.000031 
0.592231 0.000029 0.090912 0.000029 0.000029 0.000029 0.000029 0.000029 0.000029 0.316652 
0.022866 0.000046 0.000046 0.000046 0.000046 0.976769 0.000046 0.000046 0.000046 0.000046 
0.000033 0.000033 0.000033 0.000033 0.000033 0.000033 0.299609 0.000033 0.000033 0.700130 
0.000034 0.340124 0.000034 0.000034 0.000034 0.037822 0.000034 0.000034 0.302336 0.319512 
0.056145 0.000051 0.000051 0.000051 0.000051 0.000051 0.000051 0.000051 0.943447 0.000051 
0.116815 0.000047 0.000047 0.014059 0.000047 0.112144 0.000047 0.000047 0.756702 0.000047 
0.000040 0.655778 0.000040 0.000040 0.263934 0.080008 0.000040 0.000040 0.000040 0.000040 
0.000032 0.337504 0.000032 0.000032 0.302483 0.000032 0.000032 0.041420 0.318402 0.000032 
0.000034 0.426005 0.000034 0.000034 0.000034 0.000034 0.000034 0.000034 0.000034 0.573720 
0.201945 0.418641 0.000025 0.000025 0.000025 0.000025 0.000025 0.379242 0.000025 0.000025 
0.000029 0.386545 0.061058 0.000029 0.494071 0.058152 0.000029 0.000029 0.000029 0.000029 
0.000040 0.000040 0.000040 0.096387 0.000040 0.000040 0.477760 0.000040 0.000040 0.425572 
0.000049 0.078828 0.000049 0.000049 0.000049 0.000049 0.920778 0.000049 0.000049 0.000049 
0.000040 0.051403 0.000040 0.000040 0.000040 0.000040 0.000040 0.000040 0.000040 0.948281 
0.000040 0.634324 0.000040 0.000040 0.072300 0.000040 0.000040 0.293095 0.000040 0.000040 
0.239920 0.268475 0.000057 0.000057 0.000057 0.000057 0.491205 0.000057 0.000057 0.000057 
0.000039 0.000039 0.000039 0.488222 0.000039 0.000039 0.000039 0.000039 0.000039 0.511468 
0.009522 0.658503 0.331644 0.000047 0.000047 0.000047 0.000047 0.000047 0.000047 0.000047 
0.000034 0.000034 0.368873 0.086212 0.000034 0.000034 0.000034 0.544674 0.000034 0.000034 
0.272629 0.017093 0.482737 0.227200 0.000057 0.000057 0.000057 0.000057 0.000057 0.000057 
0.000037 0.000037 0.000037 0.172258 0.000037 0.000037 0.673942 0.153538 0.000037 0.000037 
0.958058 0.000032 0.000032 0.000032 0.000032 0.000032 0.000032 0.006440 0.035277 0.000032 
0.000023 0.141522 0.361888 0.000023 0.120645 0.090489 0.000023 0.187915 0.097448 0.000023 
0.000046 0.000046 0.000046 0.541082 0.000046 0.133012 0.000046 0.256809 0.000046 0.068822 
0.000026 0.177815 0.131435 0.000026 0.000026 0.000026 0.000026 0.283458 0.000026 0.407137 
0.259098 0.000030 0.000030 0.000030 0.740658 0.000030 0.000030 0.000030 0.000030 0.000030 
0.000024 0.000024 0.000024 0.000024 0.056245 0.943559 0.000024 0.000024 0.000024 0.000024 
0.000032 0.153829 0.000032 0.016053 0.000032 0.000032 0.413361 0.201890 0.214707 0.000032 
0.000043 0.286875 0.091308 0.000043 0.000043 0.000043 0.000043 0.621512 0.000043 0.000043 
0.241325 0.340904 0.000038 0.000038 0.000038 0.000038 0.126427 0.000038 0.291115 0.000038 
0.000045 0.000045 0.093753 0.000045 0.000045 0.187461 0.718474 0.000045 0.000045 0.000045 
0.842008 0.000045 0.000045 0.000045 0.144124 0.000045 0.000045 0.013552 0.000045 0.000045 
0.131901 0.000043 0.000043 0.000043 0.672097 0.182943 0.000043 0.000043 0.000043 0.012803 
0.000052 0.267955 0.000052 0.005204 0.000052 0.000052 0.211283 0.025811 0.489490 0.000052 
0.140573 0.000027 0.000027 0.000027 0.000027 0.803527 0.000027 0.055715 0.000027 0.000027 
0.000045 0.000045 0.000045 0.000045 0.000045 0.749705 0.000045 0.000045 0.109087 0.140891 
0.361289 0.000031 0.000031 0.000031 0.000031 0.087231 0.000031 0.364404 0.000031 0.186889 
0.089659 0.437815 0.000034 0.472285 0.000034 0.000034 0.000034 0.000034 0.000034 0.000034 
0.071233 0.000028 0.000028 0.000028 0.000028 0.000028 0.000028 0.296240 0.190857 0.441498 
0.359307 0.088545 0.000026 0.000026 0.000026 0.000026 0.000026 0.291617 0.067717 0.192684 
0.506488 0.000033 0.000033 0.000033 0.354220 0.000033 0.000033 0.000033 0.139060 0.000033 
0.000037 0.000037 0.000037 0.000037 0.000037 0.000037 0.000037 0.166642 0.000037 0.833062 
0.105837 0.164210 0.000036 0.000036 0.000036 0.000036 0.000036 0.445130 0.284604 0.000036 
0.000040 0.000040 0.000040 0.000040 0.000040 0.055795 0.816448 0.000040 0.127479 0.000040 
0.247873 0.000041 0.000041 0.000041 0.177654 0.000041 0.000041 0.574184 0.000041 0.000041 
0.000043 0.106835 0.000043 0.000043 0.000043 0.000043 0.892824 0.000043 0.000043 0.000043 
0.000030 0.166143 0.000030 0.000030 0.000030 0.000030 0.000030 0.220507 0.613138 0.000030 
0.571782 0.000037 0.000037 0.000037 0.000037 0.354150 0.000037 0.073810 0.000037 0.000037 
0.000040 0.190247 0.004087 0.000040 0.000040 0.805382 0.000040 0.000040 0.000040 0.000040 
0.000044 0.805856 0.000044 0.000044 0.000044 0.000044 0.035271 0.000044 0.158565 0.000044 
0.120989 0.000036 0.000036 0.000036 0.000036 0.547883 0.000036 0.330879 0.000036 0.000036 
0.226375 0.367840 0.000031 0.000031 0.405564 0.000031 0.000031 0.000031 0.000031 0.000031 
0.000034 0.347889 0.064201 0.287099 0.000034 0.300608 0.000034 0.000034 0.000034 0.000034 
0.167353 0.167353 0.000043 0.274603 0.235993 0.000043 0.000043 0.154483 0.000043 0.000043 
0.148271 0.600570 0.000038 0.000038 0.231889 0.000038 0.000038 0.000038 0.019042 0.000038 
0.000047 0.215908 0.000047 0.000047 0.638245 0.000047 0.000047 0.000047 0.145519 0.000047 
0.242924 0.000047 0.000047 0.000047 0.004717 0.000047 0.752032 0.000047 0.000047 0.000047 
0.000047 0.000047 0.000047 0.000047 0.213216 0.322170 0.028470 0.000047 0.000047 0.435860 
0.000036 0.526729 0.003619 0.118273 0.000036 0.000036 0.000036 0.351164 0.000036 0.000036 
0.000040 0.000040 0.000040 0.000040 0.495875 0.000040 0.000040 0.000040 0.503808 0.000040 
0.426140 0.092898 0.000027 0.051926 0.000027 0.000027 0.428872 0.000027 0.000027 0.000027 
0.000035 0.623511 0.000035 0.094079 0.000035 0.000035 0.000035 0.000035 0.282166 0.000035 
0.000032 0.000032 0.428465 0.000032 0.162317 0.000032 0.009770 0.217494 0.000032 0.181792 
0.000042 0.381237 0.000042 0.182169 0.000042 0.000042 0.262643 0.000042 0.000042 0.173698 
0.116203 0.000031 0.000031 0.000031 0.000031 0.302690 0.000031 0.000031 0.000031 0.580893 
0.000051 0.300918 0.000051 0.000051 0.000051 0.000051 0.000051 0.122438 0.571188 0.005150 
0.000034 0.368153 0.168896 0.000034 0.000034 0.000034 0.000034 0.202668 0.111483 0.148632 
0.000036 0.000036 0.064995 0.826453 0.000036 0.108300 0.000036 0.000036 0.000036 0.000036 
0.000036 0.446305 0.000036 0.000036 0.142842 0.000036 0.000036 0.000036 0.410603 0.000036 
0.145066 0.000026 0.000026 0.000026 0.543926 0.000026 0.000026 0.310826 0.000026 0.000026 
0.000051 0.214227 0.000051 0.040847 0.000051 0.142835 0.000051 0.000051 0.601785 0.000051 
0.000043 0.380222 0.000043 0.247800 0.000043 0.000043 0.000043 0.034216 0.337505 0.000043 
0.000033 0.000033 0.149821 0.403810 0.035852 0.000033 0.000033 0.410322 0.000033 0.000033 
0.104691 0.000036 0.000036 0.000036 0.000036 0.895020 0.000036 0.000036 0.000036 0.000036 
0.000031 0.000031 0.266202 0.000031 0.000031 0.000031 0.000031 0.733550 0.000031 0.000031 
0.999593 0.000045 0.000045 0.000045 0.000045 0.000045 0.000045 0.000045 0.000045 0.000045 
0.000029 0.237641 0.000029 0.437583 0.000029 0.043495 0.000029 0.234744 0.046392 0.000029 
0.276664 0.690249 0.000027 0.000027 0.000027 0.032895 0.000027 0.000027 0.000027 0.000027 
0.399893 0.142842 0.000036 0.000036 0.000036 0.457015 0.000036 0.000036 0.000036 0.000036 
0.000034 0.000034 0.000034 0.337849 0.000034 0.000034 0.661875 0.000034 0.000034 0.000034 
0.333195 0.053599 0.166627 0.000059 0.000059 0.446222 0.000059 0.000059 0.000059 0.000059 
0.000033 0.000033 0.381966 0.063135 0.000033 0.029924 0.000033 0.019960 0.504849 0.000033 
0.000034 0.344743 0.000034 0.000034 0.000034 0.000034 0.000034 0.654981 0.000034 0.000034 
0.000033 0.000033 0.000033 0.079215 0.000033 0.194688 0.725866 0.000033 0.000033 0.000033 
0.331157 0.000032 0.000032 0.000032 0.369000 0.299622 0.000032 0.000032 0.000032 0.000032 
0.788409 0.000047 0.000047 0.000047 0.000047 0.000047 0.000047 0.000047 0.211215 0.000047 
0.000045 0.000045 0.000045 0.000045 0.000045 0.000045 0.179337 0.035903 0.784446 0.000045 
0.000046 0.000046 0.000046 0.000046 0.324099 0.000046 0.000046 0.155226 0.520356 0.000046 
0.082787 0.460146 0.000033 0.000033 0.417114 0.000033 0.000033 0.000033 0.000033 0.039755 
0.000057 0.000057 0.000057 0.000057 0.000057 0.000057 0.040034 0.000057 0.959509 0.000057 
0.000040 0.000040 0.000040 0.000040 0.000040 0.000040 0.000040 0.380841 0.618842 0.000040 
0.000044 0.000044 0.000044 0.915568 0.000044 0.000044 0.000044 0.000044 0.000044 0.084078 
0.000050 0.000050 0.035032 0.154973 0.000050 0.000050 0.809645 0.000050 0.000050 0.000050 
0.457744 0.000037 0.000037 0.000037 0.000037 0.000037 0.000037 0.000037 0.483376 0.058623 
0.000031 0.256917 0.000031 0.000031 0.000031 0.306438 0.000031 0.000031 0.436428 0.000031 
0.000038 0.000038 0.000038 0.000038 0.000038 0.000038 0.652461 0.347234 0.000038 0.000038 
0.000027 0.000027 0.356687 0.000027 0.351283 0.000027 0.000027 0.000027 0.251310 0.040557 
0.000037 0.000037 0.308747 0.000037 0.000037 0.000037 0.503528 0.000037 0.000037 0.187468 
0.046896 0.000039 0.285084 0.000039 0.667747 0.000039 0.000039 0.000039 0.000039 0.000039 
0.000041 0.458869 0.000041 0.131135 0.000041 0.000041 0.000041 0.094265 0.278615 0.036911 
0.119291 0.000035 0.000035 0.000035 0.000035 0.000035 0.000035 0.852368 0.000035 0.028095 
0.000045 0.000045 0.000045 0.295876 0.000045 0.000045 0.703765 0.000045 0.000045 0.000045 
0.000036 0.000036 0.000036 0.000036 0.223782 0.000036 0.656839 0.119127 0.000036 0.000036 
0.000033 0.000033 0.780105 0.000033 0.000033 0.000033 0.000033 0.219633 0.000033 0.000033 
0.000039 0.979969 0.000039 0.000039 0.000039 0.019717 0.000039 0.000039 0.000039 0.000039 
0.000037 0.499853 0.000037 0.000037 0.000037 0.000037 0.000037 0.058839 0.000037 0.441051 
0.000041 0.069118 0.000041 0.000041 0.117879 0.812718 0.000041 0.000041 0.000041 0.000041 
0.572418 0.427250 0.000041 0.000041 0.000041 0.000041 0.000041 0.000041 0.000041 0.000041 
0.346736 0.000045 0.000045 0.000045 0.337731 0.000045 0.000045 0.315218 0.000045 0.000045 
0.000036 0.127263 0.000036 0.000036 0.000036 0.000036 0.094547 0.338095 0.381716 0.058197 
0.336524 0.000033 0.000033 0.000033 0.218915 0.000033 0.000033 0.444332 0.000033 0.000033 
0.000033 0.272075 0.416290 0.000033 0.311406 0.000033 0.000033 0.000033 0.000033 0.000033 
0.000045 0.452757 0.000045 0.040385 0.506544 0.000045 0.000045 0.000045 0.000045 0.000045 
0.364170 0.525627 0.000034 0.000034 0.109962 0.000034 0.000034 0.000034 0.000034 0.000034 
0.000052 0.000052 0.000052 0.383273 0.000052 0.000052 0.616313 0.000052 0.000052 0.000052 
0.033157 0.000066 0.105956 0.000066 0.172138 0.000066 0.688352 0.000066 0.000066 0.000066 
0.099432 0.000028 0.000028 0.000028 0.610650 0.153394 0.110792 0.025589 0.000028 0.000028 
0.466550 0.000032 0.000032 0.000032 0.307871 0.000032 0.000032 0.000032 0.000032 0.225357 
0.801259 0.103052 0.000038 0.000038 0.000038 0.000038 0.000038 0.000038 0.095422 0.000038 
0.011227 0.179075 0.000037 0.473741 0.000037 0.000037 0.000037 0.335733 0.000037 0.000037 
0.000031 0.435631 0.000031 0.112849 0.000031 0.235067 0.037637 0.178659 0.000031 0.000031 
0.000041 0.156355 0.000041 0.296216 0.000041 0.057631 0.000041 0.000041 0.489552 0.000041 
0.844497 0.000036 0.000036 0.000036 0.000036 0.000036 0.000036 0.000036 0.155215 0.000036 
0.284792 0.578643 0.000030 0.000030 0.000030 0.000030 0.000030 0.000030 0.000030 0.136353 
0.070278 0.154039 0.502594 0.000027 0.032451 0.000027 0.000027 0.172953 0.000027 0.067576 
0.000042 0.000042 0.000042 0.725474 0.000042 0.274188 0.000042 0.000042 0.000042 0.000042 
0.248005 0.096900 0.000039 0.000039 0.000039 0.000039 0.108524 0.546339 0.000039 0.000039 
0.000036 0.297420 0.000036 0.000036 0.000036 0.000036 0.000036 0.000036 0.000036 0.702293 
0.000033 0.000033 0.000033 0.069317 0.000033 0.000033 0.102309 0.828143 0.000033 0.000033 
0.643991 0.000037 0.355709 0.000037 0.000037 0.000037 0.000037 0.000037 0.000037 0.000037 
0.126856 0.000037 0.000037 0.000037 0.801977 0.000037 0.000037 0.000037 0.000037 0.070906 
0.000032 0.073963 0.000032 0.000032 0.491835 0.331115 0.000032 0.102893 0.000032 0.000032 
0.107435 0.363527 0.000041 0.528748 0.000041 0.000041 0.000041 0.000041 0.000041 0.000041 
0.000035 0.000035 0.000035 0.000035 0.049314 0.549138 0.000035 0.147870 0.253467 0.000035 
0.000034 0.000034 0.000034 0.347889 0.000034 0.000034 0.489733 0.000034 0.000034 0.162141 
0.000034 0.000034 0.064638 0.615471 0.112241 0.207446 0.000034 0.000034 0.000034 0.000034 
0.000038 0.000038 0.000038 0.000038 0.007554 0.000038 0.000038 0.424690 0.304434 0.263097 
0.000040 0.403878 0.000040 0.000040 0.000040 0.000040 0.000040 0.020032 0.175970 0.399880 
0.000046 0.004631 0.000046 0.000046 0.169693 0.123842 0.472306 0.000046 0.229298 0.000046 
0.000035 0.000035 0.821426 0.000035 0.000035 0.178294 0.000035 0.000035 0.000035 0.000035 
0.000039 0.000039 0.000039 0.784889 0.000039 0.000039 0.085943 0.128895 0.000039 0.000039 
0.000039 0.629139 0.000039 0.000039 0.370552 0.000039 0.000039 0.000039 0.000039 0.000039 
0.000036 0.128104 0.409143 0.000036 0.088972 0.000036 0.000036 0.085414 0.288189 0.000036 
0.000039 0.000039 0.000039 0.429559 0.000039 0.000039 0.011753 0.000039 0.000039 0.558415 
0.057173 0.000071 0.000071 0.000071 0.000071 0.000071 0.942256 0.000071 0.000071 0.000071 
0.000052 0.000052 0.000052 0.000052 0.000052 0.000052 0.776851 0.000052 0.222734 0.000052 
0.719793 0.000033 0.000033 0.000033 0.176641 0.000033 0.000033 0.000033 0.103332 0.000033 
0.059671 0.000028 0.000028 0.000028 0.000028 0.000028 0.000028 0.000028 0.099432 0.840699 
0.000047 0.000047 0.000047 0.000047 0.000047 0.000047 0.000047 0.541850 0.000047 0.457777 
0.000033 0.136654 0.000033 0.000033 0.000033 0.000033 0.000033 0.603166 0.259947 0.000033 
0.000050 0.000050 0.000050 0.000050 0.437017 0.216022 0.261226 0.085434 0.000050 0.000050 
0.000027 0.000027 0.000027 0.000027 0.000027 0.999756 0.000027 0.000027 0.000027 0.000027 
0.302708 0.000040 0.000040 0.000040 0.557587 0.000040 0.139427 0.000040 0.000040 0.000040 
0.000037 0.533173 0.000037 0.000037 0.000037 0.000037 0.000037 0.037060 0.000037 0.429508 
0.000033 0.478704 0.000033 0.000033 0.000033 0.000033 0.521035 0.000033 0.000033 0.000033 
0.000034 0.000034 0.000034 0.119856 0.000034 0.000034 0.000034 0.390312 0.489593 0.000034 
0.000041 0.000041 0.456284 0.000041 0.000041 0.323559 0.000041 0.000041 0.000041 0.219867 
0.000041 0.274519 0.000041 0.114748 0.000041 0.000041 0.000041 0.000041 0.110651 0.499836 
0.199050 0.000045 0.000045 0.122162 0.000045 0.000045 0.162867 0.330213 0.185482 0.000045 
0.000043 0.000043 0.000043 0.000043 0.000043 0.000043 0.000043 0.000043 0.786942 0.212718 
0.237825 0.000044 0.594496 0.000044 0.079304 0.000044 0.052884 0.035271 0.000044 0.000044 
0.000073 0.712785 0.000073 0.000073 0.000073 0.000073 0.000073 0.000073 0.000073 0.286627 
0.000055 0.000055 0.000055 0.000055 0.000055 0.000055 0.999503 0.000055 0.000055 0.000055 
0.000028 0.000028 0.000028 0.000028 0.466378 0.000028 0.000028 0.000028 0.533398 0.000028 
0.000035 0.154910 0.000035 0.000035 0.000035 0.000035 0.000035 0.000035 0.820169 0.024674 
0.498417 0.000029 0.000029 0.000029 0.000029 0.501349 0.000029 0.000029 0.000029 0.000029 
0.000036 0.000036 0.000036 0.672394 0.202810 0.000036 0.000036 0.124546 0.000036 0.000036 
0.000033 0.000033 0.000033 0.082514 0.000033 0.118806 0.534510 0.263972 0.000033 0.000033 
0.110087 0.683219 0.032141 0.000046 0.000046 0.000046 0.174278 0.000046 0.000046 0.000046 
0.000037 0.193995 0.014957 0.059717 0.000037 0.000037 0.000037 0.000037 0.731108 0.000037 
0.000036 0.000036 0.827077 0.000036 0.000036 0.000036 0.000036 0.000036 0.172636 0.000036 
0.000032 0.000032 0.111817 0.000032 0.000032 0.380102 0.000032 0.000032 0.507857 0.000032 
0.225770 0.260950 0.175931 0.000029 0.058663 0.000029 0.000029 0.278540 0.000029 0.000029 
0.000037 0.000037 0.413169 0.199225 0.000037 0.169716 0.000037 0.217669 0.000037 0.000037 
0.201428 0.000037 0.000037 0.000037 0.131856 0.000037 0.000037 0.498023 0.168473 0.000037 
0.000036 0.498079 0.000036 0.000036 0.000036 0.000036 0.088972 0.106759 0.174351 0.131661 
0.054871 0.333235 0.000042 0.181400 0.430240 0.000042 0.000042 0.000042 0.000042 0.000042 
0.000048 0.000048 0.000048 0.965765 0.000048 0.033848 0.000048 0.000048 0.000048 0.000048 
0.000047 0.381942 0.000047 0.000047 0.457379 0.000047 0.000047 0.000047 0.127346 0.033050 
0.884850 0.000064 0.000064 0.000064 0.000064 0.000064 0.114640 0.000064 0.000064 0.000064 
0.347918 0.343018 0.000049 0.000049 0.034346 0.000049 0.000049 0.000049 0.274424 0.000049 
0.777509 0.000040 0.000040 0.000040 0.000040 0.083340 0.000040 0.000040 0.138873 0.000040 
0.000032 0.058455 0.000032 0.000032 0.000032 0.142843 0.000032 0.370042 0.428465 0.000032 
0.000039 0.000039 0.000039 0.000039 0.000039 0.922462 0.000039 0.000039 0.077229 0.000039 
0.000029 0.000029 0.000029 0.000029 0.000029 0.642702 0.074293 0.111425 0.171408 0.000029 
0.000050 0.000050 0.000050 0.000050 0.000050 0.000050 0.627875 0.000050 0.371723 0.000050 
0.372460 0.000033 0.000033 0.000033 0.000033 0.336524 0.290787 0.000033 0.000033 0.000033 
0.000048 0.502221 0.294592 0.000048 0.000048 0.000048 0.000048 0.000048 0.202849 0.000048 
0.296711 0.000032 0.235440 0.000032 0.467623 0.000032 0.000032 0.000032 0.000032 0.000032 
0.000040 0.000040 0.000040 0.345141 0.000040 0.000040 0.000040 0.321341 0.230107 0.103173 
0.000035 0.000035 0.226905 0.198547 0.000035 0.113470 0.000035 0.460865 0.000035 0.000035 
0.000030 0.097265 0.000030 0.000030 0.000030 0.464935 0.000030 0.000030 0.437587 0.000030 
0.000032 0.000032 0.000032 0.000032 0.019134 0.980611 0.000032 0.000032 0.000032 0.000032 
0.541357 0.000036 0.000036 0.000036 0.000036 0.000036 0.000036 0.039733 0.418658 0.000036 
0.354998 0.000041 0.000041 0.000041 0.000041 0.538596 0.106120 0.000041 0.000041 0.000041 
0.000049 0.000049 0.000049 0.000049 0.000049 0.625357 0.334860 0.039439 0.000049 0.000049 
0.282627 0.000052 0.000052 0.000052 0.000052 0.000052 0.000052 0.000052 0.716954 0.000052 
0.020023 0.000029 0.000029 0.000029 0.000029 0.000029 0.000029 0.931191 0.000029 0.048586 
0.852422 0.000039 0.000039 0.000039 0.000039 0.085277 0.000039 0.000039 0.062030 0.000039 
0.000036 0.000036 0.000036 0.000036 0.449515 0.237361 0.000036 0.000036 0.097123 0.215786 
0.000039 0.000039 0.000039 0.000039 0.392882 0.000039 0.000039 0.000039 0.000039 0.606807 
0.000036 0.000036 0.128561 0.764049 0.000036 0.000036 0.000036 0.107140 0.000036 0.000036 
0.000046 0.325477 0.000046 0.000046 0.000046 0.227848 0.000046 0.446351 0.000046 0.000046 
0.514646 0.034686 0.000049 0.000049 0.000049 0.019842 0.000049 0.000049 0.316724 0.113855 
0.000030 0.000030 0.246980 0.000030 0.000030 0.092264 0.000030 0.026807 0.288634 0.345165 
0.000038 0.438331 0.000038 0.126913 0.000038 0.000038 0.434487 0.000038 0.000038 0.000038 
0.000043 0.491286 0.000043 0.000043 0.508372 0.000043 0.000043 0.000043 0.000043 0.000043 
0.000035 0.000035 0.000035 0.000035 0.482134 0.000035 0.024849 0.209181 0.173733 0.109926 
0.000027 0.062510 0.000027 0.000027 0.000027 0.263543 0.000027 0.065227 0.472725 0.135860 
0.000047 0.540076 0.066367 0.000047 0.000047 0.000047 0.393226 0.000047 0.000047 0.000047 
0.611314 0.003411 0.165518 0.003411 0.216177 0.000034 0.000034 0.000034 0.000034 0.000034 
0.472847 0.000034 0.000034 0.000034 0.097974 0.206045 0.010165 0.000034 0.000034 0.212800 
0.255023 0.188730 0.000051 0.000051 0.000051 0.504895 0.000051 0.000051 0.051045 0.000051 
0.000040 0.000040 0.020032 0.547821 0.000040 0.000040 0.000040 0.431867 0.000040 0.000040 
0.000039 0.000039 0.410035 0.000039 0.000039 0.499844 0.000039 0.027372 0.062515 0.000039 
0.000030 0.000030 0.702202 0.000030 0.014906 0.000030 0.000030 0.000030 0.000030 0.282684 
0.106381 0.322121 0.267426 0.000030 0.115497 0.000030 0.000030 0.188423 0.000030 0.000030 
0.003580 0.000035 0.000035 0.000035 0.000035 0.085112 0.000035 0.326161 0.000035 0.584934 
0.143594 0.000053 0.000053 0.000053 0.000053 0.148910 0.643328 0.000053 0.000053 0.063849 
0.000028 0.000028 0.000028 0.000028 0.000028 0.468042 0.000028 0.196649 0.335115 0.000028 
0.000034 0.000034 0.000034 0.000034 0.000034 0.041116 0.000034 0.000034 0.000034 0.958610 
0.000029 0.000029 0.498408 0.000029 0.000029 0.000029 0.000029 0.309673 0.000029 0.191713 
0.000044 0.271854 0.000044 0.372687 0.214862 0.092109 0.000044 0.000044 0.048268 0.000044 
0.010376 0.000034 0.000034 0.589486 0.037952 0.096553 0.000034 0.000034 0.000034 0.265460 
0.000034 0.915550 0.000034 0.000034 0.000034 0.084180 0.000034 0.000034 0.000034 0.000034 
0.381276 0.000028 0.000028 0.000028 0.618498 0.000028 0.000028 0.000028 0.000028 0.000028 
0.000043 0.278183 0.721469 0.000043 0.000043 0.000043 0.000043 0.000043 0.000043 0.000043 
0.000037 0.167261 0.000037 0.000037 0.000037 0.208138 0.000037 0.000037 0.000037 0.624340 
0.163689 0.216762 0.000044 0.000044 0.057541 0.000044 0.000044 0.000044 0.561743 0.000044 
0.307167 0.000030 0.000030 0.000030 0.635381 0.000030 0.000030 0.057242 0.000030 0.000030 
0.000027 0.000027 0.000027 0.119676 0.319091 0.000027 0.558389 0.002685 0.000027 0.000027 
0.169849 0.000032 0.182666 0.000032 0.000032 0.157033 0.000032 0.451810 0.012848 0.025665 
0.142411 0.000030 0.018207 0.000030 0.636201 0.000030 0.000030 0.000030 0.000030 0.202999 
0.000035 0.000035 0.104165 0.000035 0.000035 0.364491 0.000035 0.364491 0.166644 0.000035 
0.000036 0.000036 0.000036 0.000036 0.000036 0.970593 0.029117 0.000036 0.000036 0.000036 
0.000031 0.000031 0.000031 0.000031 0.000031 0.999720 0.000031 0.000031 0.000031 0.000031 
0.177546 0.000031 0.149517 0.000031 0.672719 0.000031 0.000031 0.000031 0.000031 0.000031 
0.000049 0.077681 0.000049 0.000049 0.000049 0.883115 0.000049 0.038865 0.000049 0.000049 
0.000059 0.000059 0.000059 0.329277 0.670253 0.000059 0.000059 0.000059 0.000059 0.000059 
0.000037 0.260164 0.219287 0.167261 0.000037 0.000037 0.211854 0.000037 0.141249 0.000037 
0.406130 0.000039 0.000039 0.000039 0.593557 0.000039 0.000039 0.000039 0.000039 0.000039 
0.000036 0.000036 0.000036 0.480007 0.000036 0.202129 0.317611 0.000036 0.000036 0.000036 
0.000036 0.605554 0.000036 0.000036 0.000036 0.000036 0.000036 0.000036 0.000036 0.394160 
0.000053 0.000053 0.000053 0.925881 0.000053 0.000053 0.000053 0.073698 0.000053 0.000053 
0.000048 0.323563 0.265620 0.154563 0.000048 0.000048 0.000048 0.000048 0.000048 0.255963 
0.000036 0.000036 0.000036 0.000036 0.000036 0.000036 0.000036 0.496260 0.000036 0.503452 
0.000030 0.000030 0.000030 0.000030 0.036605 0.000030 0.000030 0.813807 0.149375 0.000030 
0.000026 0.000026 0.002671 0.835784 0.002671 0.000026 0.000026 0.000026 0.158715 0.000026 
0.842205 0.000032 0.000032 0.000032 0.028962 0.000032 0.083607 0.045034 0.000032 0.000032 
0.000041 0.135231 0.000041 0.434289 0.000041 0.184392 0.000041 0.155715 0.000041 0.090168 
0.091219 0.000034 0.000034 0.000034 0.000034 0.000034 0.732894 0.000034 0.175650 0.000034 
0.000038 0.015300 0.000038 0.000038 0.492217 0.000038 0.305265 0.186990 0.000038 0.000038 
0.000046 0.000046 0.497490 0.093026 0.409159 0.000046 0.000046 0.000046 0.000046 0.000046 
0.000055 0.000055 0.000055 0.839371 0.000055 0.000055 0.000055 0.000055 0.000055 0.160188 
0.000029 0.000029 0.000029 0.000029 0.000029 0.000029 0.405159 0.349781 0.000029 0.244856 
0.000037 0.355218 0.040315 0.000037 0.000037 0.000037 0.604211 0.000037 0.000037 0.000037 
0.398253 0.081308 0.000041 0.000041 0.000041 0.000041 0.000041 0.520154 0.000041 0.000041 
0.000033 0.282835 0.148011 0.000033 0.000033 0.568925 0.000033 0.000033 0.000033 0.000033 
0.526573 0.213945 0.000041 0.259194 0.000041 0.000041 0.000041 0.000041 0.000041 0.000041 
0.000050 0.000050 0.224938 0.000050 0.204948 0.000050 0.000050 0.569765 0.000050 0.000050 
0.189149 0.000045 0.000045 0.000045 0.000045 0.000045 0.000045 0.000045 0.000045 0.810491 
0.000036 0.000036 0.356023 0.000036 0.000036 0.643689 0.000036 0.000036 0.000036 0.000036 
0.000035 0.541513 0.000035 0.000035 0.000035 0.000035 0.000035 0.222180 0.000035 0.236064 
0.572479 0.000044 0.000044 0.114531 0.000044 0.000044 0.000044 0.312682 0.000044 0.000044 
0.479831 0.000044 0.000044 0.000044 0.000044 0.173301 0.000044 0.000044 0.346557 0.000044 
0.000032 0.082808 0.000032 0.464852 0.000032 0.000032 0.000032 0.140115 0.312034 0.000032 
0.000033 0.000033 0.215648 0.039236 0.000033 0.000033 0.000033 0.744887 0.000033 0.000033 
0.362331 0.436534 0.000044 0.048058 0.000044 0.000044 0.000044 0.000044 0.152815 0.000044 
0.558874 0.000039 0.000039 0.263715 0.000039 0.000039 0.000039 0.000039 0.177135 0.000039 
0.000040 0.000040 0.576421 0.000040 0.000040 0.201572 0.000040 0.004071 0.217694 0.000040 
0.000052 0.000052 0.000052 0.000052 0.000052 0.000052 0.994326 0.000052 0.000052 0.005258 
0.000027 0.083338 0.000027 0.000027 0.908385 0.000027 0.000027 0.008089 0.000027 0.000027 
0.120593 0.000050 0.753440 0.000050 0.000050 0.000050 0.000050 0.125615 0.000050 0.000050 
0.020358 0.000041 0.000041 0.186957 0.000041 0.544535 0.000041 0.000041 0.247907 0.000041 
0.793608 0.000073 0.000073 0.000073 0.205805 0.000073 0.000073 0.000073 0.000073 0.000073 
0.000031 0.000031 0.000031 0.096274 0.000031 0.000031 0.707886 0.195622 0.000031 0.000031 
0.121316 0.000037 0.000037 0.000037 0.000037 0.441051 0.000037 0.000037 0.437376 0.000037 
0.000035 0.000035 0.534813 0.000035 0.000035 0.440440 0.000035 0.024502 0.000035 0.000035 
0.000033 0.509863 0.223292 0.000033 0.000033 0.000033 0.000033 0.000033 0.149983 0.116661 
0.000035 0.000035 0.000035 0.152464 0.000035 0.028394 0.818894 0.000035 0.000035 0.000035 
0.000029 0.000029 0.000029 0.000029 0.043369 0.057816 0.418983 0.317856 0.000029 0.161832 
0.640718 0.000039 0.000039 0.150560 0.000039 0.000039 0.000039 0.054072 0.154419 0.000039 
0.000035 0.244630 0.000035 0.574300 0.000035 0.081567 0.000035 0.000035 0.099291 0.000035 
0.000052 0.265539 0.000052 0.354034 0.000052 0.000052 0.328006 0.000052 0.052108 0.000052 
0.000045 0.245388 0.000045 0.000045 0.000045 0.331713 0.000045 0.000045 0.000045 0.422581 
0.000039 0.000039 0.000039 0.538590 0.000039 0.000039 0.000039 0.023286 0.317745 0.120147 
0.000040 0.000040 0.202340 0.035740 0.000040 0.202340 0.000040 0.388774 0.170607 0.000040 
0.000027 0.000027 0.000027 0.507955 0.000027 0.000027 0.491830 0.000027 0.000027 0.000027 
0.000025 0.000025 0.000025 0.000025 0.000025 0.784637 0.000025 0.012680 0.202506 0.000025 
0.000034 0.000034 0.000034 0.659744 0.000034 0.000034 0.249108 0.000034 0.090912 0.000034 
0.000049 0.000049 0.000049 0.000049 0.000049 0.000049 0.999557 0.000049 0.000049 0.000049 
0.000030 0.000030 0.201189 0.000030 0.000030 0.195093 0.012222 0.405395 0.185949 0.000030 
0.057777 0.000036 0.000036 0.353699 0.241826 0.000036 0.000036 0.075821 0.270696 0.000036 
0.000042 0.000042 0.054641 0.000042 0.000042 0.945023 0.000042 0.000042 0.000042 0.000042 
0.000024 0.000024 0.182672 0.521533 0.000024 0.288416 0.007234 0.000024 0.000024 0.000024 
0.306122 0.000039 0.000039 0.000039 0.000039 0.546339 0.000039 0.000039 0.147269 0.000039 
0.000043 0.576719 0.000043 0.149551 0.000043 0.000043 0.000043 0.000043 0.273430 0.000043 
0.496534 0.000033 0.013362 0.000033 0.163312 0.000033 0.000033 0.023359 0.000033 0.303266 
0.000047 0.000047 0.000047 0.934190 0.000047 0.000047 0.000047 0.000047 0.065437 0.000047 
0.905484 0.080006 0.000029 0.000029 0.000029 0.000029 0.000029 0.000029 0.014310 0.000029 
0.000032 0.436784 0.132676 0.000032 0.000032 0.000032 0.223261 0.000032 0.207085 0.000032 
0.563904 0.217898 0.000043 0.000043 0.000043 0.000043 0.217898 0.000043 0.000043 0.000043 
0.331713 0.000045 0.000045 0.090913 0.000045 0.000045 0.000045 0.577056 0.000045 0.000045 
0.005869 0.116270 0.000058 0.000058 0.185997 0.000058 0.000058 0.000058 0.691517 0.000058 
0.000027 0.000027 0.841328 0.000027 0.000027 0.000027 0.060120 0.000027 0.098361 0.000027 
0.000039 0.288989 0.000039 0.000039 0.000039 0.000039 0.000039 0.093752 0.613081 0.003944 
0.204341 0.000036 0.058409 0.000036 0.000036 0.094892 0.642138 0.000036 0.000036 0.000036 
0.000036 0.000036 0.000036 0.465322 0.000036 0.000036 0.000036 0.170883 0.185423 0.178153 
0.000027 0.000027 0.000027 0.406925 0.075478 0.113204 0.404231 0.000027 0.000027 0.000027 
0.000037 0.000037 0.000037 0.041067 0.011227 0.947445 0.000037 0.000037 0.000037 0.000037 
0.758279 0.000034 0.000034 0.000034 0.000034 0.000034 0.000034 0.000034 0.000034 0.241448 
0.041288 0.476071 0.000032 0.076198 0.406252 0.000032 0.000032 0.000032 0.000032 0.000032 
0.128826 0.009230 0.000031 0.000031 0.000031 0.834131 0.000031 0.027630 0.000031 0.000031 
0.323047 0.170275 0.000044 0.000044 0.000044 0.000044 0.004409 0.000044 0.502008 0.000044 
0.000028 0.000028 0.000028 0.000028 0.000028 0.266998 0.000028 0.644732 0.000028 0.088072 
0.232084 0.165149 0.000045 0.000045 0.000045 0.214235 0.000045 0.000045 0.285631 0.102677 
0.000045 0.454384 0.000045 0.190868 0.000045 0.000045 0.263562 0.000045 0.000045 0.090913 
0.254982 0.000034 0.271754 0.117444 0.221436 0.000034 0.134217 0.000034 0.000034 0.000034 
0.587832 0.000037 0.000037 0.000037 0.044964 0.000037 0.000037 0.366941 0.000037 0.000037 
0.525304 0.146879 0.112991 0.000028 0.000028 0.186416 0.000028 0.000028 0.000028 0.028269 
0.000042 0.000042 0.151877 0.000042 0.847786 0.000042 0.000042 0.000042 0.000042 0.000042 
0.000043 0.000043 0.212718 0.000043 0.000043 0.153169 0.000043 0.000043 0.123394 0.510464 
0.581235 0.186018 0.232514 0.000033 0.000033 0.000033 0.000033 0.000033 0.000033 0.000033 
0.000021 0.000021 0.000021 0.000021 0.000021 0.020720 0.000021 0.000021 0.668619 0.310515 
0.457879 0.000038 0.000038 0.164098 0.000038 0.000038 0.160282 0.000038 0.217512 0.000038 
0.000025 0.000025 0.321024 0.000025 0.000025 0.000025 0.000025 0.678780 0.000025 0.000025 
0.539410 0.143869 0.000036 0.000036 0.000036 0.107911 0.035994 0.125890 0.000036 0.046782 
0.104789 0.155672 0.000030 0.000030 0.739330 0.000030 0.000030 0.000030 0.000030 0.000030 
0.000046 0.000046 0.000046 0.226793 0.000046 0.000046 0.763582 0.009301 0.000046 0.000046 
0.000037 0.029877 0.026147 0.000037 0.000037 0.000037 0.000037 0.000037 0.000037 0.943715 
0.301883 0.665401 0.000032 0.000032 0.000032 0.000032 0.000032 0.000032 0.000032 0.032489 
0.000028 0.000028 0.000028 0.000028 0.079551 0.000028 0.715734 0.204516 0.000028 0.000028 
0.000048 0.000048 0.000048 0.000048 0.000048 0.143520 0.000048 0.114825 0.000048 0.741320 
0.000040 0.150774 0.000040 0.000040 0.079373 0.142840 0.000040 0.031773 0.341174 0.253907 
0.585695 0.020229 0.000034 0.000034 0.000034 0.393840 0.000034 0.000034 0.000034 0.000034 
0.000033 0.653149 0.000033 0.000033 0.000033 0.000033 0.269943 0.070010 0.000033 0.006698 
0.050407 0.000039 0.000039 0.058156 0.000039 0.000039 0.891166 0.000039 0.000039 0.000039 
0.000034 0.000034 0.000034 0.000034 0.000034 0.625672 0.000034 0.000034 0.374056 0.000034 
0.000034 0.000034 0.000034 0.000034 0.000034 0.615471 0.000034 0.173444 0.000034 0.210847 
0.000041 0.061999 0.194176 0.000041 0.000041 0.000041 0.681578 0.000041 0.000041 0.061999 
0.000034 0.131746 0.000034 0.000034 0.000034 0.000034 0.000034 0.867984 0.000034 0.000034 
0.000032 0.082025 0.176632 0.000032 0.000032 0.290161 0.000032 0.450993 0.000032 0.000032 
0.394229 0.000032 0.605519 0.000032 0.000032 0.000032 0.000032 0.000032 0.000032 0.000032 
0.081642 0.000051 0.000051 0.000051 0.000051 0.071443 0.846558 0.000051 0.000051 0.000051 
0.000060 0.000060 0.263375 0.000060 0.000060 0.000060 0.000060 0.263375 0.000060 0.472831 
0.003097 0.000031 0.030696 0.000031 0.000031 0.061362 0.000031 0.000031 0.622539 0.282153 
0.000053 0.000053 0.000053 0.000053 0.000053 0.845348 0.000053 0.000053 0.000053 0.154226 
0.000039 0.000039 0.000039 0.000039 0.000039 0.000039 0.252859 0.000039 0.746830 0.000039 
0.240351 0.000024 0.000024 0.000024 0.000024 0.233141 0.000024 0.000024 0.526340 0.000024 
0.478291 0.000054 0.000054 0.134390 0.000054 0.386943 0.000054 0.000054 0.000054 0.000054 
0.000037 0.000037 0.000037 0.000037 0.000037 0.000037 0.910479 0.089223 0.000037 0.000037 
0.000029 0.000029 0.000029 0.702764 0.000029 0.000029 0.014731 0.000029 0.282299 0.000029 
0.544610 0.313353 0.000037 0.000037 0.000037 0.115666 0.000037 0.026147 0.000037 0.000037 
0.832864 0.000064 0.000064 0.000064 0.000064 0.000064 0.166624 0.000064 0.000064 0.000064 
0.000023 0.000023 0.000023 0.329493 0.000023 0.000023 0.000023 0.436287 0.000023 0.234060 
0.000031 0.000031 0.000031 0.675920 0.000031 0.000031 0.000031 0.000031 0.323829 0.000031 
0.285197 0.000032 0.000032 0.253156 0.227523 0.000032 0.000032 0.233931 0.000032 0.000032 
0.000029 0.000029 0.000029 0.000029 0.000029 0.000029 0.000029 0.911785 0.000029 0.087980 
0.000031 0.336347 0.003116 0.000031 0.385714 0.000031 0.129620 0.145048 0.000031 0.000031 
0.140077 0.000048 0.705022 0.000048 0.154563 0.000048 0.000048 0.000048 0.000048 0.000048 
0.000045 0.479650 0.000045 0.000045 0.000045 0.260018 0.260018 0.000045 0.000045 0.000045 
0.000034 0.000034 0.266155 0.000034 0.569806 0.000034 0.000034 0.000034 0.000034 0.163801 
0.432273 0.000027 0.241342 0.000027 0.326200 0.000027 0.000027 0.000027 0.000027 0.000027 
0.000032 0.000032 0.000032 0.000032 0.905583 0.094158 0.000032 0.000032 0.000032 0.000032 
0.324690 0.000043 0.593806 0.000043 0.000043 0.000043 0.000043 0.081205 0.000043 0.000043 
0.000054 0.000054 0.000054 0.000054 0.581260 0.000054 0.000054 0.000054 0.070668 0.347691 
0.025858 0.000037 0.000037 0.000037 0.000037 0.000037 0.973847 0.000037 0.000037 0.000037 
0.000043 0.000043 0.000043 0.111106 0.000043 0.000043 0.888552 0.000043 0.000043 0.000043 
0.602695 0.000049 0.000049 0.000049 0.000049 0.000049 0.000049 0.289123 0.000049 0.107839 
0.000044 0.075232 0.000044 0.154843 0.000044 0.000044 0.000044 0.000044 0.406944 0.362716 
0.202914 0.188159 0.000037 0.243489 0.339395 0.000037 0.000037 0.025858 0.000037 0.000037 
0.414782 0.000035 0.000035 0.000035 0.000035 0.233995 0.000035 0.152464 0.000035 0.198547 
0.000026 0.054416 0.085496 0.000026 0.000026 0.036286 0.000026 0.499896 0.000026 0.323776 
0.100840 0.000042 0.000042 0.000042 0.000042 0.210038 0.000042 0.021042 0.000042 0.667829 
0.000032 0.000032 0.114645 0.000032 0.000032 0.000032 0.000032 0.000032 0.000032 0.885100 
0.000039 0.121086 0.000039 0.000039 0.000039 0.000039 0.000039 0.546701 0.000039 0.331941 
0.267272 0.000033 0.000033 0.000033 0.000033 0.000033 0.544408 0.000033 0.049522 0.138601 
0.000038 0.000038 0.000038 0.348391 0.000038 0.000038 0.651306 0.000038 0.000038 0.000038 
0.826698 0.000042 0.000042 0.046436 0.126571 0.000042 0.000042 0.000042 0.000042 0.000042 
0.000033 0.359392 0.000033 0.000033 0.000033 0.003300 0.000033 0.000033 0.346325 0.290787 
0.015184 0.000038 0.000038 0.000038 0.227225 0.200719 0.000038 0.261303 0.295381 0.000038 
0.000023 0.584393 0.281648 0.000023 0.000023 0.000023 0.000023 0.000023 0.000023 0.133795 
0.000045 0.000045 0.000045 0.421381 0.000045 0.000045 0.000045 0.000045 0.578261 0.000045 
0.000032 0.072793 0.635906 0.000032 0.000032 0.000032 0.000032 0.000032 0.142392 0.148719 
0.801363 0.000041 0.000041 0.000041 0.000041 0.198306 0.000041 0.000041 0.000041 0.000041 
0.812474 0.000030 0.000030 0.000030 0.000030 0.000030 0.000030 0.000030 0.187285 0.000030 
0.539628 0.000044 0.221185 0.000044 0.238877 0.000044 0.000044 0.000044 0.000044 0.000044 
0.000070 0.000070 0.000070 0.482250 0.000070 0.000070 0.000070 0.000070 0.000070 0.517191 
0.002693 0.000027 0.000027 0.000027 0.000027 0.000027 0.000027 0.255958 0.741162 0.000027 
0.000036 0.000036 0.000036 0.000036 0.000036 0.195695 0.000036 0.032053 0.000036 0.772003 
0.000045 0.000045 0.830031 0.000045 0.000045 0.000045 0.000045 0.169612 0.000045 0.000045 
0.000029 0.000029 0.515730 0.000029 0.000029 0.484039 0.000029 0.000029 0.000029 0.000029 
0.000071 0.000071 0.114276 0.000071 0.092862 0.157102 0.000071 0.000071 0.050036 0.585368 
0.000040 0.000040 0.193639 0.000040 0.000040 0.000040 0.699368 0.106717 0.000040 0.000040 
0.000029 0.000029 0.345751 0.000029 0.654019 0.000029 0.000029 0.000029 0.000029 0.000029 
0.000035 0.000035 0.074477 0.078022 0.000035 0.170188 0.180822 0.000035 0.003580 0.492769 
0.000043 0.000043 0.000043 0.585997 0.000043 0.000043 0.073287 0.137915 0.202542 0.000043 
0.047637 0.149643 0.000034 0.000034 0.078239 0.000034 0.000034 0.724277 0.000034 0.000034 
0.559280 0.101398 0.339077 0.000035 0.000035 0.000035 0.000035 0.000035 0.000035 0.000035 
0.000043 0.000043 0.000043 0.000043 0.000043 0.149551 0.418667 0.021401 0.000043 0.410124 
0.242132 0.000039 0.000039 0.511558 0.000039 0.000039 0.000039 0.000039 0.246037 0.000039 
0.812673 0.174170 0.000032 0.000032 0.012931 0.000032 0.000032 0.000032 0.000032 0.000032 
0.000041 0.000041 0.848674 0.040840 0.000041 0.110200 0.000041 0.000041 0.000041 0.000041 
0.606222 0.000040 0.000040 0.000040 0.000040 0.248936 0.000040 0.000040 0.000040 0.144560 
0.649975 0.000049 0.000049 0.000049 0.000049 0.000049 0.000049 0.049286 0.300394 0.000049 
0.170864 0.000032 0.673869 0.000032 0.000032 0.000032 0.063303 0.000032 0.091775 0.000032 
0.659453 0.178920 0.000035 0.000035 0.000035 0.161382 0.000035 0.000035 0.000035 0.000035 
0.967099 0.000054 0.032469 0.000054 0.000054 0.000054 0.000054 0.000054 0.000054 0.000054 
0.583444 0.000032 0.000032 0.000032 0.000032 0.000032 0.012646 0.403690 0.000032 0.000032 
0.000035 0.106381 0.163098 0.666466 0.053208 0.000035 0.000035 0.000035 0.000035 0.010670 
0.000050 0.000050 0.000050 0.000050 0.241135 0.758463 0.000050 0.000050 0.000050 0.000050 
0.000029 0.435949 0.000029 0.000029 0.000029 0.020372 0.212177 0.000029 0.000029 0.331328 
0.000046 0.000046 0.000046 0.304053 0.000046 0.000046 0.184293 0.000046 0.511331 0.000046 
0.000040 0.531575 0.000040 0.071440 0.000040 0.000040 0.000040 0.396708 0.000040 0.000040 
0.000048 0.000048 0.000048 0.480586 0.000048 0.096156 0.000048 0.000048 0.422922 0.000048 
0.000047 0.000047 0.004762 0.000047 0.160349 0.834559 0.000047 0.000047 0.000047 0.000047 
