0.052162 0.027630 0.000031 0.000031 0.000031 0.297485 0.000031 0.000031 0.000031 0.622539 
0.000037 0.000037 0.000037 0.687284 0.000037 0.106615 0.205843 0.000037 0.000037 0.000037 
0.000030 0.000030 0.139454 0.000030 0.000030 0.000030 0.000030 0.361940 0.498398 0.000030 
0.000037 0.000037 0.000037 0.000037 0.007442 0.236986 0.000037 0.000037 0.000037 0.755313 
0.000036 0.220173 0.306785 0.000036 0.000036 0.061386 0.000036 0.000036 0.000036 0.411440 
0.000050 0.000050 0.000050 0.156537 0.000050 0.666381 0.000050 0.000050 0.176729 0.000050 
0.000044 0.000044 0.000044 0.559269 0.000044 0.440379 0.000044 0.000044 0.000044 0.000044 
0.345236 0.000036 0.035994 0.000036 0.000036 0.000036 0.000036 0.100719 0.000036 0.517835 
0.149288 0.000035 0.000035 0.000035 0.336723 0.000035 0.034745 0.000035 0.000035 0.479035 
0.000043 0.000043 0.103003 0.424753 0.000043 0.000043 0.000043 0.471943 0.000043 0.000043 
0.006089 0.000030 0.000030 0.000030 0.000030 0.000030 0.202999 0.000030 0.027295 0.763435 
0.166648 0.000029 0.000029 0.000029 0.000029 0.143666 0.000029 0.689486 0.000029 0.000029 
0.660379 0.000036 0.000036 0.000036 0.211638 0.000036 0.000036 0.000036 0.127727 0.000036 
0.000035 0.000035 0.000035 0.000035 0.000035 0.000035 0.900777 0.000035 0.098940 0.000035 
0.304892 0.389968 0.163098 0.000035 0.000035 0.000035 0.000035 0.021305 0.000035 0.120560 
0.000040 0.000040 0.747741 0.000040 0.000040 0.000040 0.000040 0.251939 0.000040 0.000040 
0.000031 0.000031 0.000031 0.000031 0.000031 0.000031 0.070561 0.000031 0.929193 0.000031 
0.415482 0.000032 0.000032 0.000032 0.000032 0.360305 0.000032 0.000032 0.000032 0.223986 
0.000047 0.000047 0.000047 0.000047 0.000047 0.258142 0.000047 0.000047 0.000047 0.741483 
0.000038 0.679027 0.000038 0.000038 0.260317 0.000038 0.000038 0.060392 0.000038 0.000038 
0.349664 0.000045 0.000045 0.000045 0.000045 0.000045 0.000045 0.000045 0.000045 0.649978 
0.000039 0.337117 0.360364 0.000039 0.000039 0.000039 0.000039 0.000039 0.000039 0.302247 
0.627165 0.173890 0.198727 0.000031 0.000031 0.000031 0.000031 0.000031 0.000031 0.000031 
0.542392 0.000029 0.079185 0.000029 0.000029 0.000029 0.000029 0.000029 0.000029 0.378218 
0.000046 0.000046 0.000046 0.000046 0.000046 0.999589 0.000046 0.000046 0.000046 0.000046 
0.000033 0.000033 0.000033 0.000033 0.000033 0.000033 0.240996 0.000033 0.000033 0.758743 
0.048128 0.213020 0.000034 0.000034 0.000034 0.024081 0.000034 0.000034 0.298901 0.415699 
0.025548 0.000051 0.000051 0.000051 0.000051 0.000051 0.000051 0.000051 0.974044 0.000051 
0.023400 0.000047 0.000047 0.000047 0.000047 0.140168 0.000047 0.000047 0.836105 0.000047 
0.000040 0.595802 0.000040 0.000040 0.403878 0.000040 0.000040 0.000040 0.000040 0.000040 
0.000032 0.000032 0.000032 0.085992 0.506240 0.000032 0.000032 0.401178 0.000032 0.006399 
0.000034 0.450052 0.000034 0.000034 0.000034 0.000034 0.000034 0.000034 0.000034 0.549674 
0.155159 0.485127 0.000025 0.009874 0.000025 0.000025 0.000025 0.349692 0.000025 0.000025 
0.000029 0.386545 0.069776 0.000029 0.502790 0.040715 0.000029 0.000029 0.000029 0.000029 
0.000040 0.000040 0.000040 0.116459 0.000040 0.000040 0.449659 0.000040 0.000040 0.433601 
0.000049 0.044362 0.000049 0.000049 0.000049 0.000049 0.955244 0.000049 0.000049 0.000049 
0.000040 0.000040 0.003991 0.000040 0.000040 0.000040 0.000040 0.000040 0.000040 0.995693 
0.000040 0.650381 0.000040 0.000040 0.072300 0.000040 0.000040 0.277037 0.000040 0.000040 
0.371274 0.194232 0.000057 0.000057 0.000057 0.000057 0.434095 0.000057 0.000057 0.000057 
0.000039 0.000039 0.000039 0.480473 0.000039 0.000039 0.000039 0.000039 0.000039 0.519217 
0.000047 0.720085 0.270062 0.000047 0.000047 0.000047 0.000047 0.000047 0.000047 0.009522 
0.000034 0.000034 0.427473 0.079317 0.000034 0.000034 0.000034 0.492968 0.000034 0.000034 
0.272629 0.000057 0.545202 0.181772 0.000057 0.000057 0.000057 0.000057 0.000057 0.000057 
0.000037 0.000037 0.000037 0.176001 0.000037 0.000037 0.745077 0.078660 0.000037 0.000037 
0.983691 0.000032 0.000032 0.016053 0.000032 0.000032 0.000032 0.000032 0.000032 0.000032 
0.000023 0.169357 0.475551 0.058014 0.109047 0.069613 0.000023 0.000023 0.118325 0.000023 
0.000046 0.000046 0.000046 0.623613 0.000046 0.000046 0.000046 0.307244 0.000046 0.068822 
0.000026 0.175238 0.203582 0.000026 0.000026 0.000026 0.000026 0.262845 0.000026 0.358181 
0.286528 0.000030 0.000030 0.000030 0.713228 0.000030 0.000030 0.000030 0.000030 0.000030 
0.000024 0.002469 0.000024 0.000024 0.034246 0.963114 0.000024 0.000024 0.000024 0.000024 
0.000032 0.166645 0.000032 0.016053 0.000032 0.022461 0.432586 0.185870 0.176258 0.000032 
0.000043 0.230378 0.160843 0.000043 0.000043 0.000043 0.000043 0.608475 0.000043 0.000043 
0.226005 0.360054 0.000038 0.000038 0.000038 0.000038 0.068977 0.000038 0.344734 0.000038 
0.000045 0.000045 0.000045 0.000045 0.000045 0.249933 0.749710 0.000045 0.000045 0.000045 
0.778973 0.000045 0.000045 0.000045 0.171139 0.000045 0.000045 0.000045 0.049572 0.000045 
0.000043 0.000043 0.055338 0.000043 0.812463 0.131901 0.000043 0.000043 0.000043 0.000043 
0.000052 0.195827 0.000052 0.000052 0.000052 0.000052 0.216435 0.025811 0.561618 0.000052 
0.108751 0.000027 0.000027 0.000027 0.000027 0.811482 0.000027 0.079581 0.000027 0.000027 
0.000045 0.000045 0.000045 0.000045 0.000045 0.813312 0.000045 0.000045 0.068196 0.118174 
0.264746 0.000031 0.077889 0.000031 0.000031 0.118374 0.000031 0.305232 0.000031 0.233603 
0.172389 0.334402 0.000034 0.427473 0.065529 0.000034 0.000034 0.000034 0.000034 0.000034 
0.113956 0.000028 0.000028 0.000028 0.000028 0.000028 0.000028 0.381686 0.000028 0.504158 
0.387946 0.171856 0.000026 0.000026 0.000026 0.000026 0.000026 0.309841 0.002630 0.127597 
0.715028 0.000033 0.000033 0.000033 0.000033 0.023204 0.000033 0.000033 0.261536 0.000033 
0.000037 0.000037 0.000037 0.000037 0.000037 0.000037 0.000037 0.181451 0.000037 0.818252 
0.043816 0.186100 0.000036 0.000036 0.000036 0.000036 0.000036 0.456074 0.313791 0.000036 
0.000040 0.000040 0.000040 0.000040 0.000040 0.071724 0.756710 0.000040 0.171286 0.000040 
0.347005 0.000041 0.000041 0.000041 0.045477 0.000041 0.000041 0.607228 0.000041 0.000041 
0.000043 0.123921 0.000043 0.000043 0.000043 0.000043 0.875737 0.000043 0.000043 0.000043 
0.000030 0.302054 0.000030 0.000030 0.000030 0.000030 0.000030 0.000030 0.682603 0.015131 
0.527518 0.000037 0.000037 0.000037 0.000037 0.339395 0.000037 0.132829 0.000037 0.000037 
0.000040 0.194294 0.000040 0.000040 0.000040 0.805382 0.000040 0.000040 0.000040 0.000040 
0.000044 0.981990 0.000044 0.000044 0.000044 0.000044 0.017657 0.000044 0.000044 0.000044 
0.071185 0.000036 0.000036 0.000036 0.000036 0.547883 0.000036 0.380683 0.000036 0.000036 
0.361553 0.223232 0.003175 0.000031 0.405564 0.000031 0.000031 0.000031 0.000031 0.006319 
0.000034 0.276967 0.057447 0.358021 0.000034 0.307362 0.000034 0.000034 0.000034 0.000034 
0.235993 0.000043 0.000043 0.364693 0.163063 0.000043 0.004333 0.231703 0.000043 0.000043 
0.554960 0.000038 0.000038 0.000038 0.399126 0.000038 0.000038 0.000038 0.045648 0.000038 
0.000047 0.290990 0.000047 0.000047 0.708634 0.000047 0.000047 0.000047 0.000047 0.000047 
0.182205 0.000047 0.000047 0.000047 0.000047 0.000047 0.817422 0.000047 0.000047 0.000047 
0.000047 0.000047 0.000047 0.000047 0.289010 0.127949 0.052155 0.000047 0.000047 0.530602 
0.000036 0.490899 0.000036 0.111107 0.000036 0.032282 0.000036 0.365496 0.000036 0.000036 
0.000040 0.000040 0.000040 0.000040 0.575208 0.000040 0.000040 0.000040 0.424474 0.000040 
0.297760 0.109287 0.000027 0.000027 0.000027 0.060120 0.502622 0.000027 0.000027 0.030074 
0.000035 0.714072 0.000035 0.104528 0.000035 0.000035 0.000035 0.000035 0.181156 0.000035 
0.000032 0.000032 0.428465 0.000032 0.146089 0.000032 0.000032 0.139598 0.000032 0.285654 
0.000042 0.389708 0.000042 0.000042 0.000042 0.000042 0.347353 0.000042 0.000042 0.262643 
0.168175 0.000031 0.000031 0.000031 0.000031 0.171232 0.000031 0.000031 0.000031 0.660379 
0.000051 0.000051 0.000051 0.000051 0.000051 0.000051 0.000051 0.096940 0.902652 0.000051 
0.000034 0.459338 0.165518 0.000034 0.000034 0.000034 0.000034 0.138501 0.057447 0.179027 
0.000036 0.000036 0.108300 0.840888 0.000036 0.050559 0.000036 0.000036 0.000036 0.000036 
0.000036 0.407033 0.000036 0.000036 0.142842 0.000036 0.000036 0.000036 0.449875 0.000036 
0.168376 0.000026 0.000026 0.000026 0.489536 0.000026 0.000026 0.341906 0.000026 0.000026 
0.000051 0.336614 0.000051 0.102040 0.000051 0.000051 0.000051 0.000051 0.560989 0.000051 
0.000043 0.397309 0.000043 0.234985 0.000043 0.000043 0.000043 0.017129 0.350320 0.000043 
0.000033 0.000033 0.175871 0.400554 0.000033 0.000033 0.000033 0.423347 0.000033 0.000033 
0.129953 0.000036 0.000036 0.000036 0.000036 0.869758 0.000036 0.000036 0.000036 0.000036 
0.000031 0.000031 0.315723 0.000031 0.000031 0.000031 0.000031 0.684030 0.000031 0.000031 
0.999593 0.000045 0.000045 0.000045 0.000045 0.000045 0.000045 0.000045 0.000045 0.000045 
0.000029 0.246334 0.000029 0.376731 0.000029 0.078267 0.000029 0.298493 0.000029 0.000029 
0.317749 0.671076 0.000027 0.010983 0.000027 0.000027 0.000027 0.000027 0.000027 0.000027 
0.392753 0.124991 0.000036 0.000036 0.000036 0.482006 0.000036 0.000036 0.000036 0.000036 
0.000034 0.000034 0.000034 0.424026 0.000034 0.048294 0.527439 0.000034 0.000034 0.000034 
0.285604 0.000059 0.285604 0.000059 0.000059 0.428376 0.000059 0.000059 0.000059 0.000059 
0.000033 0.139522 0.405214 0.083062 0.000033 0.000033 0.000033 0.000033 0.372003 0.000033 
0.186177 0.000034 0.000034 0.000034 0.000034 0.000034 0.034505 0.775629 0.000034 0.003482 
0.000033 0.000033 0.000033 0.049522 0.000033 0.168294 0.781953 0.000033 0.000033 0.000033 
0.346925 0.000032 0.000032 0.000032 0.359540 0.293314 0.000032 0.000032 0.000032 0.000032 
0.774331 0.000047 0.000047 0.000047 0.000047 0.000047 0.000047 0.000047 0.225293 0.000047 
0.000045 0.000045 0.000045 0.094173 0.000045 0.004527 0.170372 0.044868 0.685836 0.000045 
0.000046 0.000046 0.000046 0.000046 0.228252 0.000046 0.000046 0.178047 0.593382 0.000046 
0.201953 0.569381 0.000033 0.000033 0.000033 0.000033 0.000033 0.000033 0.000033 0.228434 
0.000057 0.000057 0.000057 0.000057 0.017190 0.011479 0.062878 0.000057 0.908110 0.000057 
0.000040 0.000040 0.004006 0.000040 0.000040 0.000040 0.000040 0.341174 0.654542 0.000040 
0.000044 0.000044 0.000044 0.937682 0.000044 0.000044 0.000044 0.000044 0.000044 0.061964 
0.000050 0.005047 0.000050 0.179960 0.000050 0.000050 0.814643 0.000050 0.000050 0.000050 
0.421128 0.000037 0.000037 0.000037 0.000037 0.000037 0.000037 0.025668 0.472391 0.080593 
0.000031 0.374528 0.000031 0.000031 0.000031 0.256917 0.000031 0.000031 0.368338 0.000031 
0.000038 0.000038 0.000038 0.000038 0.000038 0.000038 0.625754 0.373941 0.000038 0.000038 
0.000027 0.000027 0.408025 0.000027 0.240503 0.000027 0.000027 0.000027 0.310754 0.040557 
0.000037 0.000037 0.323447 0.000037 0.000037 0.000037 0.514553 0.000037 0.000037 0.161742 
0.000039 0.000039 0.320226 0.000039 0.679461 0.000039 0.000039 0.000039 0.000039 0.000039 
0.000041 0.512126 0.000041 0.131135 0.000041 0.000041 0.000041 0.053298 0.270422 0.032814 
0.157874 0.000035 0.000035 0.000035 0.000035 0.000035 0.000035 0.810277 0.000035 0.031603 
0.000045 0.000045 0.000045 0.336217 0.000045 0.000045 0.663424 0.000045 0.000045 0.000045 
0.000036 0.000036 0.000036 0.000036 0.227391 0.000036 0.617142 0.155215 0.000036 0.000036 
0.000033 0.000033 0.832547 0.000033 0.000033 0.000033 0.000033 0.167191 0.000033 0.000033 
0.000039 0.964227 0.000039 0.000039 0.000039 0.035458 0.000039 0.000039 0.000039 0.000039 
0.000037 0.547630 0.000037 0.000037 0.000037 0.000037 0.000037 0.066189 0.000037 0.385924 
0.000041 0.093499 0.000041 0.000041 0.000041 0.906176 0.000041 0.000041 0.000041 0.000041 
0.626338 0.373331 0.000041 0.000041 0.000041 0.000041 0.000041 0.000041 0.000041 0.000041 
0.423278 0.000045 0.000045 0.000045 0.297208 0.000045 0.000045 0.279199 0.000045 0.000045 
0.000036 0.181788 0.000036 0.000036 0.000036 0.000036 0.000036 0.498037 0.283570 0.036387 
0.375727 0.000033 0.000033 0.000033 0.143777 0.000033 0.000033 0.480268 0.000033 0.000033 
0.000033 0.206522 0.373681 0.000033 0.419567 0.000033 0.000033 0.000033 0.000033 0.000033 
0.000045 0.461721 0.000045 0.067279 0.470686 0.000045 0.000045 0.000045 0.000045 0.000045 
0.357300 0.642425 0.000034 0.000034 0.000034 0.000034 0.000034 0.000034 0.000034 0.000034 
0.000052 0.000052 0.000052 0.419524 0.000052 0.000052 0.580062 0.000052 0.000052 0.000052 
0.000066 0.000066 0.172138 0.000066 0.158901 0.000066 0.668498 0.000066 0.000066 0.000066 
0.184635 0.000028 0.000028 0.000028 0.539648 0.178955 0.045470 0.051150 0.000028 0.000028 
0.463377 0.000032 0.000032 0.000032 0.304697 0.000032 0.000032 0.000032 0.000032 0.231704 
0.675353 0.324342 0.000038 0.000038 0.000038 0.000038 0.000038 0.000038 0.000038 0.000038 
0.000037 0.208915 0.000037 0.428982 0.000037 0.000037 0.000037 0.361843 0.000037 0.000037 
0.000031 0.391758 0.000031 0.191194 0.000031 0.225666 0.000031 0.191194 0.000031 0.000031 
0.000041 0.144015 0.000041 0.394940 0.000041 0.082312 0.000041 0.000041 0.378486 0.000041 
0.743450 0.000036 0.000036 0.000036 0.000036 0.000036 0.003645 0.000036 0.252652 0.000036 
0.248440 0.654377 0.000030 0.000030 0.000030 0.000030 0.000030 0.000030 0.000030 0.096971 
0.151337 0.121616 0.464766 0.000027 0.000027 0.000027 0.000027 0.156741 0.000027 0.105404 
0.000042 0.000042 0.000042 0.721257 0.000042 0.278406 0.000042 0.000042 0.000042 0.000042 
0.248005 0.170515 0.000039 0.000039 0.000039 0.000039 0.000039 0.581209 0.000039 0.000039 
0.000036 0.293837 0.000036 0.000036 0.000036 0.000036 0.000036 0.000036 0.000036 0.705876 
0.000033 0.000033 0.000033 0.125404 0.000033 0.000033 0.000033 0.874332 0.000033 0.000033 
0.715125 0.000037 0.284575 0.000037 0.000037 0.000037 0.000037 0.000037 0.000037 0.000037 
0.104476 0.000037 0.000037 0.000037 0.768407 0.000037 0.000037 0.000037 0.000037 0.126856 
0.000032 0.051463 0.000032 0.000032 0.533623 0.321472 0.000032 0.093250 0.000032 0.000032 
0.078521 0.487443 0.000041 0.433746 0.000041 0.000041 0.000041 0.000041 0.000041 0.000041 
0.000035 0.000035 0.000035 0.000035 0.045794 0.626575 0.000035 0.147870 0.179549 0.000035 
0.000034 0.000034 0.000034 0.388416 0.000034 0.000034 0.442452 0.000034 0.000034 0.168896 
0.000034 0.000034 0.091840 0.642673 0.132642 0.132642 0.000034 0.000034 0.000034 0.000034 
0.000038 0.000038 0.026343 0.000038 0.000038 0.000038 0.000038 0.454754 0.308192 0.210485 
0.000040 0.371891 0.000040 0.000040 0.000040 0.000040 0.060016 0.044022 0.127989 0.395882 
0.000046 0.000046 0.000046 0.000046 0.243054 0.192618 0.380605 0.000046 0.183448 0.000046 
0.000035 0.000035 0.772492 0.000035 0.000035 0.227228 0.000035 0.000035 0.000035 0.000035 
0.000039 0.019563 0.000039 0.796603 0.000039 0.000039 0.000039 0.183561 0.000039 0.000039 
0.046353 0.644577 0.000039 0.000039 0.308800 0.000039 0.000039 0.000039 0.000039 0.000039 
0.000036 0.117432 0.565671 0.000036 0.000036 0.000036 0.000036 0.000036 0.316649 0.000036 
0.000039 0.000039 0.000039 0.468606 0.000039 0.058610 0.000039 0.000039 0.000039 0.472511 
0.021485 0.000071 0.000071 0.007209 0.000071 0.000071 0.970807 0.000071 0.000071 0.000071 
0.000052 0.000052 0.000052 0.000052 0.000052 0.000052 0.999534 0.000052 0.000052 0.000052 
0.663146 0.000033 0.000033 0.000033 0.113329 0.000033 0.000033 0.000033 0.103332 0.119993 
0.000028 0.000028 0.071031 0.000028 0.000028 0.000028 0.000028 0.071031 0.000028 0.857739 
0.000047 0.000047 0.000047 0.000047 0.000047 0.000047 0.000047 0.481130 0.000047 0.518496 
0.000033 0.176641 0.000033 0.000033 0.000033 0.000033 0.000033 0.609830 0.213296 0.000033 
0.000050 0.020141 0.000050 0.000050 0.421949 0.000050 0.331542 0.226067 0.000050 0.000050 
0.000027 0.000027 0.000027 0.000027 0.000027 0.999756 0.000027 0.000027 0.000027 0.000027 
0.266866 0.000040 0.000040 0.000040 0.565552 0.000040 0.167304 0.000040 0.000040 0.000040 
0.000037 0.647945 0.000037 0.000037 0.000037 0.000037 0.000037 0.000037 0.000037 0.351759 
0.000033 0.586161 0.003289 0.000033 0.000033 0.000033 0.410322 0.000033 0.000033 0.000033 
0.000034 0.000034 0.000034 0.089045 0.037693 0.000034 0.000034 0.338959 0.534098 0.000034 
0.000041 0.000041 0.501908 0.000041 0.000041 0.261344 0.000041 0.000041 0.000041 0.236458 
0.000041 0.176198 0.000041 0.090168 0.000041 0.000041 0.000041 0.000041 0.184392 0.548996 
0.000045 0.000045 0.000045 0.000045 0.000045 0.000045 0.000045 0.583492 0.235233 0.180959 
0.000043 0.000043 0.000043 0.000043 0.000043 0.000043 0.000043 0.000043 0.769928 0.229732 
0.092514 0.000044 0.638529 0.000044 0.193791 0.000044 0.074901 0.000044 0.000044 0.000044 
0.000073 0.683395 0.000073 0.000073 0.000073 0.000073 0.000073 0.000073 0.000073 0.316018 
0.000055 0.000055 0.000055 0.000055 0.000055 0.000055 0.999503 0.000055 0.000055 0.000055 
0.000028 0.268109 0.000028 0.000028 0.385395 0.000028 0.000028 0.346300 0.000028 0.000028 
0.000035 0.000035 0.000035 0.000035 0.000035 0.000035 0.183069 0.000035 0.816649 0.000035 
0.310789 0.000029 0.146614 0.000029 0.000029 0.542392 0.000029 0.000029 0.000029 0.000029 
0.000036 0.000036 0.000036 0.505194 0.231270 0.000036 0.000036 0.192138 0.071185 0.000036 
0.000033 0.000033 0.000033 0.099010 0.000033 0.000033 0.564203 0.336556 0.000033 0.000033 
0.000046 0.843696 0.027556 0.000046 0.000046 0.000046 0.128427 0.000046 0.000046 0.000046 
0.000037 0.279784 0.000037 0.000037 0.000037 0.000037 0.000037 0.000037 0.719918 0.000037 
0.000036 0.000036 0.863035 0.000036 0.000036 0.000036 0.010823 0.000036 0.125890 0.000036 
0.000032 0.000032 0.076685 0.000032 0.000032 0.373714 0.000032 0.000032 0.549377 0.000032 
0.228701 0.216974 0.193521 0.000029 0.044005 0.000029 0.000029 0.316652 0.000029 0.000029 
0.000037 0.000037 0.438989 0.184471 0.000037 0.151273 0.000037 0.225046 0.000037 0.000037 
0.000037 0.000037 0.000037 0.000037 0.227060 0.000037 0.000037 0.563933 0.208751 0.000037 
0.000036 0.494522 0.000036 0.000036 0.000036 0.067627 0.035610 0.291747 0.000036 0.110317 
0.008477 0.232012 0.000042 0.000042 0.560987 0.000042 0.000042 0.000042 0.198271 0.000042 
0.000048 0.000048 0.000048 0.975423 0.000048 0.024191 0.000048 0.000048 0.000048 0.000048 
0.000047 0.235785 0.000047 0.000047 0.424375 0.000047 0.000047 0.000047 0.264074 0.075483 
0.814831 0.000064 0.000064 0.000064 0.000064 0.000064 0.184659 0.000064 0.000064 0.000064 
0.347918 0.328319 0.000049 0.000049 0.000049 0.000049 0.000049 0.000049 0.323420 0.000049 
0.829076 0.000040 0.000040 0.000040 0.000040 0.079373 0.000040 0.000040 0.091273 0.000040 
0.000032 0.084421 0.000032 0.000032 0.000032 0.000032 0.013015 0.301883 0.600487 0.000032 
0.000039 0.000039 0.000039 0.000039 0.000039 0.945619 0.000039 0.000039 0.054072 0.000039 
0.000029 0.000029 0.000029 0.000029 0.000029 0.662696 0.000029 0.194259 0.142845 0.000029 
0.000050 0.000050 0.000050 0.000050 0.000050 0.000050 0.547514 0.000050 0.452084 0.000050 
0.346325 0.000033 0.000033 0.000033 0.000033 0.343058 0.310389 0.000033 0.000033 0.000033 
0.000048 0.516707 0.241478 0.000048 0.000048 0.000048 0.000048 0.000048 0.241478 0.000048 
0.287036 0.000032 0.222541 0.000032 0.490197 0.000032 0.000032 0.000032 0.000032 0.000032 
0.000040 0.000040 0.000040 0.337207 0.000040 0.000040 0.000040 0.333241 0.202340 0.126973 
0.000035 0.000035 0.170188 0.141829 0.117015 0.063843 0.000035 0.506948 0.000035 0.000035 
0.000030 0.443665 0.000030 0.000030 0.000030 0.556092 0.000030 0.000030 0.000030 0.000030 
0.000032 0.000032 0.000032 0.000032 0.019134 0.980611 0.000032 0.000032 0.000032 0.000032 
0.411440 0.000036 0.086647 0.000036 0.000036 0.000036 0.000036 0.036124 0.458354 0.007254 
0.301958 0.000041 0.044920 0.000041 0.000041 0.554916 0.097960 0.000041 0.000041 0.000041 
0.000049 0.290547 0.064057 0.000049 0.000049 0.462875 0.182226 0.000049 0.000049 0.000049 
0.120408 0.000052 0.000052 0.000052 0.000052 0.000052 0.000052 0.000052 0.879173 0.000052 
0.034304 0.000029 0.000029 0.000029 0.000029 0.000029 0.000029 0.925478 0.000029 0.040017 
0.821426 0.000039 0.000039 0.000039 0.027160 0.096900 0.000039 0.000039 0.054281 0.000039 
0.000036 0.000036 0.000036 0.129486 0.424344 0.284106 0.000036 0.000036 0.000036 0.161848 
0.000039 0.003928 0.000039 0.000039 0.353987 0.000039 0.000039 0.000039 0.019487 0.622365 
0.000036 0.000036 0.214245 0.621242 0.000036 0.000036 0.000036 0.164263 0.000036 0.000036 
0.000046 0.404510 0.000046 0.000046 0.000046 0.148815 0.000046 0.446351 0.000046 0.000046 
0.588867 0.000049 0.000049 0.000049 0.000049 0.000049 0.000049 0.000049 0.287036 0.123751 
0.000030 0.000030 0.288634 0.000030 0.000030 0.095240 0.000030 0.000030 0.273758 0.342190 
0.000038 0.476778 0.000038 0.146136 0.000038 0.000038 0.376817 0.000038 0.000038 0.000038 
0.000043 0.542546 0.000043 0.000043 0.410124 0.000043 0.047031 0.000043 0.000043 0.000043 
0.000035 0.000035 0.000035 0.000035 0.531762 0.000035 0.046118 0.152464 0.233995 0.035484 
0.000027 0.000027 0.000027 0.000027 0.002744 0.268976 0.000027 0.108693 0.527058 0.092393 
0.000047 0.478494 0.056892 0.165846 0.000047 0.000047 0.298484 0.000047 0.000047 0.000047 
0.729517 0.000034 0.168896 0.000034 0.101351 0.000034 0.000034 0.000034 0.000034 0.000034 
0.506619 0.000034 0.000034 0.000034 0.135123 0.097974 0.000034 0.000034 0.000034 0.260081 
0.306017 0.142835 0.000051 0.000051 0.000051 0.402907 0.000051 0.000051 0.147935 0.000051 
0.000040 0.000040 0.000040 0.515834 0.000040 0.000040 0.000040 0.483846 0.000040 0.000040 
0.000039 0.000039 0.472511 0.000039 0.000039 0.413940 0.000039 0.000039 0.113276 0.000039 
0.000030 0.000030 0.708152 0.000030 0.000030 0.000030 0.000030 0.000030 0.000030 0.291610 
0.212732 0.306928 0.291735 0.000030 0.088149 0.000030 0.000030 0.100304 0.000030 0.000030 
0.000035 0.000035 0.000035 0.000035 0.000035 0.088657 0.000035 0.350975 0.017760 0.542396 
0.218022 0.000053 0.000053 0.000053 0.000053 0.000053 0.680542 0.000053 0.000053 0.101063 
0.000028 0.000028 0.000028 0.000028 0.000028 0.542814 0.000028 0.113570 0.343423 0.000028 
0.000034 0.000034 0.000034 0.000034 0.000034 0.051387 0.000034 0.000034 0.000034 0.948340 
0.000029 0.000029 0.495459 0.000029 0.000029 0.000029 0.000029 0.327367 0.000029 0.176968 
0.000044 0.188558 0.000044 0.512977 0.175406 0.122797 0.000044 0.000044 0.000044 0.000044 
0.000034 0.000034 0.000034 0.517098 0.096553 0.117235 0.000034 0.000034 0.000034 0.268907 
0.000034 0.952575 0.000034 0.000034 0.000034 0.047156 0.000034 0.000034 0.000034 0.000034 
0.389749 0.000028 0.000028 0.000028 0.610025 0.000028 0.000028 0.000028 0.000028 0.000028 
0.000043 0.321643 0.678010 0.000043 0.000043 0.000043 0.000043 0.000043 0.000043 0.000043 
0.000037 0.104088 0.000037 0.000037 0.130100 0.148681 0.000037 0.000037 0.000037 0.616908 
0.181380 0.163689 0.000044 0.000044 0.066387 0.000044 0.000044 0.000044 0.588280 0.000044 
0.370400 0.000030 0.000030 0.000030 0.578169 0.000030 0.000030 0.051220 0.000030 0.000030 
0.000027 0.000027 0.000027 0.000027 0.313773 0.000027 0.595613 0.090428 0.000027 0.000027 
0.182666 0.000032 0.262768 0.000032 0.000032 0.128196 0.000032 0.406953 0.000032 0.019257 
0.142411 0.000030 0.000030 0.000030 0.639231 0.000030 0.000030 0.000030 0.021236 0.196940 
0.000035 0.000035 0.062513 0.000035 0.000035 0.312426 0.000035 0.465151 0.159701 0.000035 
0.000036 0.000036 0.000036 0.000036 0.000036 0.934242 0.065467 0.000036 0.000036 0.000036 
0.000031 0.000031 0.000031 0.000031 0.000031 0.999720 0.000031 0.000031 0.000031 0.000031 
0.161974 0.000031 0.133946 0.000031 0.703862 0.000031 0.000031 0.000031 0.000031 0.000031 
0.000049 0.111645 0.000049 0.000049 0.000049 0.810335 0.000049 0.077681 0.000049 0.000049 
0.000059 0.000059 0.000059 0.341035 0.658495 0.000059 0.000059 0.000059 0.000059 0.000059 
0.000037 0.535154 0.085507 0.208138 0.000037 0.000037 0.170977 0.000037 0.000037 0.000037 
0.324131 0.000039 0.000039 0.000039 0.671652 0.000039 0.000039 0.000039 0.000039 0.003944 
0.000036 0.000036 0.000036 0.541357 0.000036 0.227391 0.231000 0.000036 0.000036 0.000036 
0.000036 0.566141 0.000036 0.000036 0.000036 0.000036 0.000036 0.000036 0.000036 0.433572 
0.000053 0.000053 0.000053 0.889058 0.000053 0.000053 0.000053 0.110521 0.000053 0.000053 
0.000048 0.323563 0.270449 0.091791 0.000048 0.000048 0.000048 0.000048 0.000048 0.313906 
0.000036 0.000036 0.000036 0.000036 0.000036 0.000036 0.000036 0.521431 0.000036 0.478281 
0.000030 0.000030 0.000030 0.000030 0.079275 0.000030 0.000030 0.822950 0.097562 0.000030 
0.000026 0.000026 0.000026 0.809336 0.068791 0.000026 0.000026 0.121687 0.000026 0.000026 
0.842205 0.000032 0.000032 0.000032 0.000032 0.000032 0.093250 0.064320 0.000032 0.000032 
0.000041 0.000041 0.000041 0.659607 0.000041 0.147522 0.000041 0.122941 0.000041 0.069685 
0.081087 0.000034 0.000034 0.000034 0.000034 0.000034 0.682236 0.000034 0.236440 0.000034 
0.000038 0.000038 0.000038 0.000038 0.503663 0.000038 0.274742 0.221328 0.000038 0.000038 
0.000046 0.000046 0.581172 0.000046 0.413808 0.000046 0.000046 0.000046 0.004695 0.000046 
0.000055 0.000055 0.000055 0.883545 0.000055 0.000055 0.000055 0.000055 0.000055 0.116013 
0.000029 0.000029 0.000029 0.000029 0.000029 0.000029 0.466365 0.306062 0.000029 0.227368 
0.000037 0.626181 0.025668 0.000037 0.000037 0.000037 0.347895 0.000037 0.000037 0.000037 
0.337302 0.032548 0.126006 0.000041 0.000041 0.000041 0.000041 0.503901 0.000041 0.000041 
0.000033 0.243374 0.161164 0.000033 0.000033 0.595232 0.000033 0.000033 0.000033 0.000033 
0.485438 0.000041 0.000041 0.263307 0.000041 0.000041 0.012382 0.000041 0.238626 0.000041 
0.000050 0.000050 0.354873 0.000050 0.139980 0.000050 0.000050 0.504798 0.000050 0.000050 
0.153129 0.000045 0.000045 0.000045 0.000045 0.000045 0.000045 0.000045 0.000045 0.846511 
0.000036 0.000036 0.381194 0.000036 0.000036 0.618519 0.000036 0.000036 0.000036 0.000036 
0.000035 0.510274 0.000035 0.000035 0.000035 0.000035 0.000035 0.357549 0.000035 0.131933 
0.590092 0.000044 0.000044 0.000044 0.000044 0.000044 0.000044 0.409555 0.000044 0.000044 
0.519813 0.000044 0.000044 0.000044 0.000044 0.000044 0.000044 0.000044 0.479831 0.000044 
0.000032 0.254728 0.000032 0.601751 0.000032 0.000032 0.000032 0.143298 0.000032 0.000032 
0.000033 0.000033 0.316923 0.032702 0.000033 0.000033 0.000033 0.650147 0.000033 0.000033 
0.397250 0.375426 0.000044 0.000044 0.000044 0.000044 0.000044 0.000044 0.227019 0.000044 
0.598229 0.000039 0.000039 0.082684 0.000039 0.000039 0.145651 0.000039 0.173200 0.000039 
0.000040 0.000040 0.648972 0.000040 0.000040 0.205603 0.000040 0.000040 0.145143 0.000040 
0.000052 0.000052 0.000052 0.000052 0.000052 0.000052 0.999531 0.000052 0.000052 0.000052 
0.000027 0.198898 0.000027 0.000027 0.795512 0.000027 0.000027 0.005402 0.000027 0.000027 
0.100502 0.000050 0.763486 0.000050 0.000050 0.000050 0.000050 0.135660 0.000050 0.000050 
0.004104 0.000041 0.000041 0.178830 0.000041 0.524218 0.000041 0.000041 0.292605 0.000041 
0.668699 0.000073 0.000073 0.000073 0.330713 0.000073 0.000073 0.000073 0.000073 0.000073 
0.000031 0.000031 0.000031 0.152158 0.000031 0.000031 0.673735 0.173890 0.000031 0.000031 
0.000037 0.055164 0.000037 0.000037 0.000037 0.477802 0.000037 0.000037 0.466777 0.000037 
0.000035 0.000035 0.513841 0.000035 0.000035 0.429955 0.000035 0.055959 0.000035 0.000035 
0.000033 0.499867 0.233289 0.000033 0.000033 0.000033 0.000033 0.000033 0.086671 0.179973 
0.000035 0.000035 0.000035 0.230450 0.000035 0.000035 0.769266 0.000035 0.000035 0.000035 
0.000029 0.000029 0.000029 0.000029 0.083820 0.017365 0.398758 0.369864 0.000029 0.130049 
0.667734 0.000039 0.000039 0.235469 0.000039 0.000039 0.000039 0.000039 0.096526 0.000039 
0.000035 0.269443 0.000035 0.517582 0.000035 0.113470 0.000035 0.000035 0.099291 0.000035 
0.000052 0.265539 0.000052 0.338417 0.000052 0.000052 0.395679 0.000052 0.000052 0.000052 
0.081826 0.068196 0.000045 0.018219 0.000045 0.436211 0.000045 0.000045 0.000045 0.395320 
0.000039 0.000039 0.000039 0.720690 0.000039 0.000039 0.000039 0.000039 0.279000 0.000039 
0.000040 0.000040 0.313407 0.063507 0.000040 0.368941 0.000040 0.043673 0.210274 0.000040 
0.000027 0.000027 0.000027 0.521392 0.000027 0.000027 0.478393 0.000027 0.000027 0.000027 
0.000025 0.000025 0.000025 0.000025 0.000025 0.711238 0.000025 0.288560 0.000025 0.000025 
0.000034 0.000034 0.000034 0.774184 0.000034 0.000034 0.154864 0.000034 0.070717 0.000034 
0.000049 0.000049 0.000049 0.000049 0.000049 0.019744 0.979862 0.000049 0.000049 0.000049 
0.000030 0.000030 0.240811 0.155471 0.000030 0.228619 0.000030 0.374916 0.000030 0.000030 
0.166041 0.000036 0.000036 0.303176 0.216564 0.000036 0.000036 0.122735 0.191303 0.000036 
0.000042 0.000042 0.000042 0.033641 0.000042 0.966023 0.000042 0.000042 0.000042 0.000042 
0.000024 0.000024 0.192286 0.514323 0.000024 0.283610 0.009637 0.000024 0.000024 0.000024 
0.321620 0.000039 0.000039 0.000039 0.000039 0.550213 0.000039 0.000039 0.127896 0.000039 
0.000043 0.696326 0.021401 0.281974 0.000043 0.000043 0.000043 0.000043 0.000043 0.000043 
0.413229 0.000033 0.000033 0.000033 0.169977 0.000033 0.000033 0.013362 0.010030 0.393236 
0.000047 0.000047 0.000047 0.999580 0.000047 0.000047 0.000047 0.000047 0.000047 0.000047 
0.851214 0.000029 0.094287 0.000029 0.000029 0.000029 0.000029 0.000029 0.054299 0.000029 
0.000032 0.385021 0.155322 0.135911 0.000032 0.000032 0.122970 0.200615 0.000032 0.000032 
0.487014 0.512644 0.000043 0.000043 0.000043 0.000043 0.000043 0.000043 0.000043 0.000043 
0.358973 0.000045 0.000045 0.109087 0.000045 0.000045 0.000045 0.531622 0.000045 0.000045 
0.000058 0.098838 0.000058 0.000058 0.174375 0.000058 0.005869 0.191807 0.528820 0.000058 
0.000027 0.000027 0.838596 0.000027 0.000027 0.000027 0.010953 0.000027 0.150259 0.000027 
0.000039 0.261656 0.000039 0.000039 0.000039 0.000039 0.000039 0.085943 0.652128 0.000039 
0.189748 0.021926 0.076651 0.000036 0.000036 0.127727 0.561875 0.021926 0.000036 0.000036 
0.000036 0.000036 0.000036 0.468957 0.000036 0.000036 0.000036 0.123628 0.225409 0.181788 
0.000027 0.000027 0.000027 0.355726 0.118593 0.075478 0.406925 0.000027 0.000027 0.043142 
0.000037 0.000037 0.000037 0.055987 0.000037 0.943715 0.000037 0.000037 0.000037 0.000037 
0.649473 0.000034 0.000034 0.000034 0.000034 0.000034 0.000034 0.000034 0.000034 0.350255 
0.133323 0.393558 0.000032 0.079372 0.393558 0.000032 0.000032 0.000032 0.000032 0.000032 
0.162557 0.000031 0.000031 0.000031 0.000031 0.821864 0.000031 0.015363 0.000031 0.000031 
0.340506 0.157180 0.000044 0.000044 0.000044 0.000044 0.000044 0.000044 0.502008 0.000044 
0.000028 0.000028 0.000028 0.000028 0.000028 0.255638 0.000028 0.656092 0.000028 0.088072 
0.276707 0.330254 0.000045 0.000045 0.080366 0.174074 0.004507 0.000045 0.133913 0.000045 
0.000045 0.240845 0.000045 0.286279 0.000045 0.000045 0.349886 0.000045 0.000045 0.122717 
0.281818 0.000034 0.338846 0.114089 0.187890 0.000034 0.077189 0.000034 0.000034 0.000034 
0.576601 0.000037 0.000037 0.000037 0.000037 0.000037 0.000037 0.423100 0.000037 0.000037 
0.776645 0.000028 0.045213 0.000028 0.000028 0.152528 0.000028 0.000028 0.025445 0.000028 
0.000042 0.000042 0.147659 0.000042 0.852003 0.000042 0.000042 0.000042 0.000042 0.000042 
0.000043 0.000043 0.204211 0.000043 0.000043 0.000043 0.000043 0.000043 0.174436 0.621055 
0.591199 0.116274 0.292295 0.000033 0.000033 0.000033 0.000033 0.000033 0.000033 0.000033 
0.000021 0.000021 0.000021 0.000021 0.000021 0.000021 0.000021 0.053840 0.645850 0.300166 
0.351049 0.000038 0.000038 0.209882 0.000038 0.000038 0.145021 0.000038 0.293819 0.000038 
0.000025 0.000025 0.404337 0.000025 0.000025 0.000025 0.000025 0.595467 0.000025 0.000025 
0.593348 0.000036 0.003632 0.000036 0.000036 0.000036 0.151061 0.251744 0.000036 0.000036 
0.137713 0.000030 0.000030 0.000030 0.862047 0.000030 0.000030 0.000030 0.000030 0.000030 
0.000046 0.000046 0.000046 0.231421 0.000046 0.046321 0.721934 0.000046 0.000046 0.000046 
0.000037 0.000037 0.022417 0.000037 0.000037 0.000037 0.000037 0.000037 0.000037 0.977285 
0.418728 0.571276 0.000032 0.000032 0.000032 0.000032 0.000032 0.000032 0.000032 0.009770 
0.000028 0.000028 0.000028 0.000028 0.093752 0.000028 0.670293 0.235757 0.000028 0.000028 
0.000048 0.000048 0.000048 0.000048 0.000048 0.114825 0.000048 0.110043 0.000048 0.774797 
0.000040 0.130940 0.000040 0.000040 0.162674 0.000040 0.000040 0.071440 0.388774 0.245974 
0.639549 0.000034 0.000034 0.000034 0.000034 0.360182 0.000034 0.000034 0.000034 0.000034 
0.000033 0.503199 0.000033 0.203299 0.090003 0.000033 0.189970 0.000033 0.013362 0.000033 
0.046532 0.000039 0.000039 0.054281 0.000039 0.000039 0.898915 0.000039 0.000039 0.000039 
0.000034 0.000034 0.003434 0.000034 0.000034 0.588269 0.000034 0.000034 0.408058 0.000034 
0.000034 0.000034 0.000034 0.000034 0.000034 0.564468 0.000034 0.323053 0.000034 0.112241 
0.000041 0.107435 0.194176 0.000041 0.000041 0.000041 0.698100 0.000041 0.000041 0.000041 
0.000034 0.118237 0.000034 0.000034 0.000034 0.000034 0.000034 0.881493 0.000034 0.000034 
0.000032 0.094639 0.129328 0.000032 0.000032 0.362693 0.000032 0.413150 0.000032 0.000032 
0.264932 0.000032 0.734816 0.000032 0.000032 0.000032 0.000032 0.000032 0.000032 0.000032 
0.107139 0.000051 0.000051 0.000051 0.000051 0.066344 0.826160 0.000051 0.000051 0.000051 
0.000060 0.000060 0.197546 0.000060 0.000060 0.000060 0.000060 0.359126 0.000060 0.442908 
0.000031 0.000031 0.000031 0.000031 0.000031 0.082827 0.000031 0.000031 0.573474 0.343484 
0.000053 0.000053 0.000053 0.000053 0.000053 0.919777 0.000053 0.000053 0.000053 0.079798 
0.011708 0.000039 0.000039 0.000039 0.000039 0.000039 0.241190 0.000039 0.746830 0.000039 
0.247561 0.000024 0.000024 0.000024 0.000024 0.264384 0.000024 0.000024 0.487888 0.000024 
0.424557 0.000054 0.000054 0.000054 0.000054 0.526652 0.000054 0.000054 0.048415 0.000054 
0.000037 0.000037 0.000037 0.000037 0.000037 0.000037 0.910479 0.040914 0.048346 0.000037 
0.000029 0.000029 0.000029 0.705704 0.000029 0.000029 0.014731 0.000029 0.279359 0.000029 
0.511041 0.235024 0.000037 0.000037 0.000037 0.253674 0.000037 0.000037 0.000037 0.000037 
0.839270 0.000064 0.000064 0.000064 0.000064 0.000064 0.000064 0.000064 0.160218 0.000064 
0.000023 0.000023 0.000023 0.311316 0.000023 0.000023 0.000023 0.461282 0.000023 0.227244 
0.000031 0.000031 0.000031 0.710500 0.000031 0.000031 0.000031 0.000031 0.289249 0.000031 
0.291605 0.000032 0.000032 0.211503 0.240340 0.000032 0.000032 0.256360 0.000032 0.000032 
0.000029 0.000029 0.000029 0.000029 0.000029 0.000029 0.000029 0.923512 0.000029 0.076253 
0.000031 0.000031 0.086424 0.000031 0.438167 0.000031 0.475193 0.000031 0.000031 0.000031 
0.241478 0.000048 0.690536 0.000048 0.067648 0.000048 0.000048 0.000048 0.000048 0.000048 
0.000045 0.470686 0.000045 0.000045 0.000045 0.264500 0.264500 0.000045 0.000045 0.000045 
0.000034 0.000034 0.310508 0.000034 0.484510 0.000034 0.000034 0.000034 0.000034 0.204742 
0.368629 0.000027 0.257253 0.000027 0.373933 0.000027 0.000027 0.000027 0.000027 0.000027 
0.000032 0.000032 0.000032 0.000032 0.892600 0.107141 0.000032 0.000032 0.000032 0.000032 
0.401581 0.000043 0.598078 0.000043 0.000043 0.000043 0.000043 0.000043 0.000043 0.000043 
0.000054 0.000054 0.000054 0.000054 0.581260 0.000054 0.000054 0.000054 0.065236 0.353123 
0.036924 0.000037 0.000037 0.000037 0.000037 0.000037 0.959093 0.003726 0.000037 0.000037 
0.000043 0.000043 0.000043 0.000043 0.000043 0.000043 0.880009 0.119650 0.000043 0.000043 
0.656590 0.000049 0.000049 0.000049 0.000049 0.000049 0.000049 0.240127 0.000049 0.102940 
0.000044 0.199071 0.000044 0.168111 0.000044 0.000044 0.000044 0.000044 0.331756 0.300796 
0.265622 0.199225 0.000037 0.269310 0.265622 0.000037 0.000037 0.000037 0.000037 0.000037 
0.382878 0.000035 0.000035 0.000035 0.000035 0.000035 0.000035 0.202091 0.003580 0.411237 
0.000026 0.000026 0.072546 0.000026 0.000026 0.075136 0.000026 0.525796 0.000026 0.326366 
0.000042 0.000042 0.134439 0.000042 0.000042 0.042041 0.000042 0.016842 0.000042 0.806426 
0.000032 0.000032 0.098727 0.000032 0.000032 0.000032 0.000032 0.000032 0.000032 0.901019 
0.000039 0.218704 0.000039 0.000039 0.000039 0.000039 0.000039 0.566224 0.000039 0.214799 
0.257374 0.000033 0.000033 0.000033 0.000033 0.000033 0.485021 0.000033 0.072616 0.184790 
0.000038 0.000038 0.000038 0.291594 0.000038 0.000038 0.708103 0.000038 0.000038 0.000038 
0.902615 0.000042 0.000042 0.097048 0.000042 0.000042 0.000042 0.000042 0.000042 0.000042 
0.000033 0.375727 0.000033 0.000033 0.000033 0.000033 0.000033 0.000033 0.310389 0.313656 
0.000038 0.000038 0.000038 0.000038 0.223438 0.155282 0.003824 0.162855 0.454411 0.000038 
0.000023 0.513987 0.330932 0.000023 0.000023 0.000023 0.000023 0.000023 0.000023 0.154917 
0.000045 0.000045 0.000045 0.524473 0.000045 0.000045 0.000045 0.004527 0.470686 0.000045 
0.000032 0.126574 0.607434 0.000032 0.000032 0.000032 0.000032 0.000032 0.145555 0.120247 
0.747666 0.000041 0.000041 0.000041 0.000041 0.252003 0.000041 0.000041 0.000041 0.000041 
0.854757 0.000030 0.000030 0.000030 0.000030 0.000030 0.000030 0.000030 0.145002 0.000030 
0.548474 0.000044 0.252145 0.000044 0.199071 0.000044 0.000044 0.000044 0.000044 0.000044 
0.000070 0.000070 0.000070 0.454298 0.000070 0.000070 0.000070 0.000070 0.000070 0.545143 
0.000027 0.000027 0.000027 0.000027 0.000027 0.000027 0.000027 0.279952 0.719835 0.000027 
0.000036 0.000036 0.000036 0.049840 0.000036 0.206368 0.000036 0.000036 0.000036 0.743543 
0.000045 0.000045 0.825569 0.049130 0.000045 0.000045 0.000045 0.124989 0.000045 0.000045 
0.000029 0.000029 0.530135 0.000029 0.000029 0.466753 0.000029 0.000029 0.002910 0.000029 
0.000071 0.000071 0.000071 0.000071 0.349822 0.000071 0.000071 0.000071 0.057173 0.592505 
0.000040 0.000040 0.094864 0.000040 0.221296 0.000040 0.482062 0.201541 0.000040 0.000040 
0.000029 0.000029 0.521492 0.000029 0.478277 0.000029 0.000029 0.000029 0.000029 0.000029 
0.000035 0.000035 0.085112 0.117015 0.000035 0.226905 0.180822 0.000035 0.000035 0.389968 
0.000043 0.000043 0.000043 0.594614 0.000043 0.000043 0.077596 0.168074 0.159457 0.000043 
0.132642 0.139442 0.000034 0.000034 0.074838 0.000034 0.000034 0.652873 0.000034 0.000034 
0.678120 0.000035 0.321601 0.000035 0.000035 0.000035 0.000035 0.000035 0.000035 0.000035 
0.000043 0.000043 0.000043 0.000043 0.000043 0.153823 0.384494 0.085476 0.000043 0.375950 
0.249941 0.042991 0.000039 0.546701 0.000039 0.000039 0.000039 0.000039 0.160133 0.000039 
0.812673 0.187069 0.000032 0.000032 0.000032 0.000032 0.000032 0.000032 0.000032 0.000032 
0.000041 0.000041 0.705875 0.057160 0.175479 0.061240 0.000041 0.000041 0.000041 0.000041 
0.546006 0.000040 0.000040 0.000040 0.000040 0.256965 0.000040 0.000040 0.000040 0.196748 
0.679517 0.000049 0.000049 0.000049 0.000049 0.000049 0.000049 0.000049 0.320089 0.000049 
0.193009 0.000032 0.714995 0.000032 0.000032 0.000032 0.050649 0.000032 0.041158 0.000032 
0.701543 0.147352 0.000035 0.000035 0.000035 0.150859 0.000035 0.000035 0.000035 0.000035 
0.896867 0.000054 0.102701 0.000054 0.000054 0.000054 0.000054 0.000054 0.000054 0.000054 
0.596058 0.000032 0.000032 0.000032 0.000032 0.000032 0.015799 0.387922 0.000032 0.000032 
0.000035 0.000035 0.138284 0.776356 0.085112 0.000035 0.000035 0.000035 0.000035 0.000035 
0.000050 0.000050 0.000050 0.000050 0.130638 0.868960 0.000050 0.000050 0.000050 0.000050 
0.000029 0.450480 0.000029 0.000029 0.000029 0.000029 0.217989 0.000029 0.000029 0.331328 
0.000046 0.000046 0.000046 0.363934 0.000046 0.000046 0.119807 0.000046 0.515937 0.000046 
0.000040 0.559342 0.000040 0.083340 0.000040 0.000040 0.000040 0.357041 0.000040 0.000040 
0.000048 0.000048 0.000048 0.480586 0.000048 0.110572 0.000048 0.000048 0.408506 0.000048 
0.000047 0.000047 0.000047 0.000047 0.188637 0.810985 0.000047 0.000047 0.000047 0.000047 
