0.555396 0.397122 0.001439 0.001439 0.001439 0.001439 0.001439 0.001439 0.008633 0.030216 
0.597163 0.171631 0.058156 0.001418 0.001418 0.001418 0.001418 0.008511 0.150355 0.008511 
0.378261 0.363768 0.001449 0.001449 0.240580 0.001449 0.001449 0.001449 0.001449 0.008696 
0.708911 0.000990 0.000990 0.000990 0.000990 0.000990 0.015842 0.218812 0.020792 0.030693 
0.579259 0.179259 0.023704 0.001481 0.208889 0.001481 0.001481 0.001481 0.001481 0.001481 
0.001681 0.699160 0.278992 0.001681 0.010084 0.001681 0.001681 0.001681 0.001681 0.001681 
0.162712 0.094915 0.315254 0.027119 0.044068 0.001695 0.001695 0.001695 0.349153 0.001695 
0.002381 0.835714 0.002381 0.050000 0.038095 0.014286 0.002381 0.002381 0.038095 0.014286 
0.050704 0.001408 0.114085 0.001408 0.163380 0.001408 0.001408 0.663380 0.001408 0.001408 
0.001235 0.822222 0.155556 0.001235 0.001235 0.001235 0.001235 0.001235 0.013580 0.001235 
0.038235 0.464706 0.405882 0.052941 0.001471 0.001471 0.001471 0.030882 0.001471 0.001471 
0.001307 0.216993 0.654902 0.001307 0.014379 0.001307 0.066667 0.007843 0.033987 0.001307 
0.001471 0.001471 0.214706 0.001471 0.001471 0.023529 0.001471 0.185294 0.508824 0.060294 
0.001342 0.464430 0.357047 0.028188 0.001342 0.102013 0.001342 0.001342 0.001342 0.041611 
0.001170 0.661988 0.024561 0.188304 0.001170 0.042105 0.007018 0.007018 0.001170 0.065497 
0.001449 0.552174 0.001449 0.001449 0.001449 0.204348 0.160870 0.059420 0.015942 0.001449 
0.128662 0.281529 0.300637 0.236943 0.007643 0.001274 0.007643 0.033121 0.001274 0.001274 
0.427027 0.068919 0.204054 0.008108 0.285135 0.001351 0.001351 0.001351 0.001351 0.001351 
0.001471 0.442647 0.133824 0.023529 0.001471 0.001471 0.045588 0.001471 0.229412 0.119118 
0.001587 0.160317 0.001587 0.795238 0.001587 0.001587 0.009524 0.001587 0.025397 0.001587 
0.009231 0.001538 0.270769 0.086154 0.001538 0.001538 0.024615 0.001538 0.570769 0.032308 
0.441791 0.479104 0.023881 0.001493 0.001493 0.008955 0.001493 0.001493 0.001493 0.038806 
0.001538 0.001538 0.124615 0.001538 0.016923 0.093846 0.016923 0.370769 0.370769 0.001538 
0.001695 0.001695 0.052542 0.001695 0.001695 0.001695 0.154237 0.425424 0.349153 0.010169 
0.001504 0.219549 0.054135 0.009023 0.001504 0.001504 0.001504 0.610526 0.099248 0.001504 
0.046591 0.001136 0.001136 0.921591 0.006818 0.001136 0.001136 0.018182 0.001136 0.001136 
0.001274 0.001274 0.115924 0.001274 0.001274 0.001274 0.103185 0.765605 0.007643 0.001274 
0.006667 0.001111 0.001111 0.006667 0.001111 0.001111 0.001111 0.973333 0.006667 0.001111 
0.742000 0.032000 0.012000 0.002000 0.012000 0.002000 0.002000 0.002000 0.172000 0.022000 
0.382915 0.558794 0.001005 0.001005 0.001005 0.001005 0.006030 0.006030 0.001005 0.041206 
0.001667 0.001667 0.001667 0.001667 0.001667 0.001667 0.060000 0.918333 0.001667 0.010000 
0.001198 0.600000 0.162874 0.001198 0.007186 0.001198 0.061078 0.001198 0.007186 0.156886 
0.020915 0.001307 0.001307 0.216993 0.001307 0.001307 0.001307 0.543791 0.105882 0.105882 
0.001183 0.007101 0.042604 0.782249 0.001183 0.001183 0.001183 0.155030 0.007101 0.001183 
0.001709 0.001709 0.027350 0.343590 0.001709 0.001709 0.001709 0.617094 0.001709 0.001709 
0.001399 0.476923 0.141259 0.001399 0.001399 0.036364 0.001399 0.099301 0.239161 0.001399 
0.001653 0.175207 0.117355 0.059504 0.001653 0.001653 0.001653 0.530579 0.001653 0.109091 
0.000909 0.000909 0.005455 0.305455 0.000909 0.000909 0.050909 0.441818 0.078182 0.114545 
0.001379 0.035862 0.001379 0.070345 0.001379 0.001379 0.056552 0.828966 0.001379 0.001379 
0.007500 0.113750 0.245000 0.001250 0.001250 0.001250 0.057500 0.007500 0.482500 0.082500 
0.000823 0.000823 0.062551 0.087243 0.000823 0.000823 0.004938 0.099588 0.692181 0.050206 
0.143226 0.356129 0.014194 0.001290 0.001290 0.001290 0.007742 0.472258 0.001290 0.001290 
0.001905 0.382857 0.001905 0.373333 0.001905 0.001905 0.011429 0.211429 0.011429 0.001905 
0.216993 0.001307 0.001307 0.138562 0.001307 0.269281 0.001307 0.171242 0.105882 0.092810 
0.009160 0.131298 0.009160 0.001527 0.001527 0.169466 0.345038 0.016794 0.276336 0.039695 
0.040523 0.916340 0.007843 0.001307 0.001307 0.001307 0.001307 0.001307 0.014379 0.014379 
0.137705 0.214208 0.186885 0.296175 0.001093 0.001093 0.001093 0.159563 0.001093 0.001093 
0.001852 0.011111 0.325926 0.075926 0.020370 0.001852 0.001852 0.251852 0.001852 0.307407 
0.001333 0.001333 0.001333 0.481333 0.181333 0.054667 0.001333 0.108000 0.168000 0.001333 
0.009865 0.000897 0.000897 0.000897 0.063677 0.005381 0.005381 0.830493 0.000897 0.081614 
0.185987 0.014013 0.205096 0.007643 0.001274 0.001274 0.045860 0.428025 0.001274 0.109554 
0.084524 0.001190 0.007143 0.001190 0.001190 0.001190 0.001190 0.596429 0.304762 0.001190 
0.012121 0.163636 0.284848 0.062626 0.002020 0.345455 0.072727 0.002020 0.052525 0.002020 
0.015068 0.001370 0.001370 0.001370 0.001370 0.001370 0.001370 0.782192 0.001370 0.193151 
0.001449 0.305797 0.015942 0.088406 0.247826 0.008696 0.124638 0.001449 0.204348 0.001449 
0.196992 0.121805 0.001504 0.437594 0.001504 0.009023 0.001504 0.099248 0.031579 0.099248 
0.001087 0.593478 0.001087 0.126087 0.001087 0.001087 0.006522 0.001087 0.256522 0.011957 
0.001183 0.001183 0.084024 0.178698 0.001183 0.001183 0.001183 0.533728 0.190533 0.007101 
0.013018 0.474556 0.001183 0.338462 0.001183 0.001183 0.001183 0.166864 0.001183 0.001183 
0.001351 0.332432 0.001351 0.156757 0.116216 0.001351 0.001351 0.379730 0.008108 0.001351 
0.145205 0.076712 0.001370 0.001370 0.001370 0.001370 0.001370 0.754795 0.001370 0.015068 
0.102899 0.037681 0.182609 0.363768 0.240580 0.030435 0.008696 0.015942 0.015942 0.001449 
0.046753 0.001299 0.001299 0.488312 0.014286 0.150649 0.001299 0.287013 0.001299 0.007792 
0.009756 0.164228 0.107317 0.286179 0.001626 0.001626 0.001626 0.221138 0.204878 0.001626 
0.001587 0.287302 0.001587 0.271429 0.001587 0.025397 0.001587 0.390476 0.017460 0.001587 
0.001170 0.007018 0.410526 0.001170 0.007018 0.170760 0.018713 0.346199 0.036257 0.001170 
0.271053 0.573684 0.021053 0.001316 0.007895 0.021053 0.034211 0.007895 0.001316 0.060526 
0.080597 0.000995 0.000995 0.005970 0.000995 0.080597 0.000995 0.826866 0.000995 0.000995 
0.219802 0.001980 0.001980 0.328713 0.001980 0.427723 0.001980 0.001980 0.001980 0.011881 
0.049600 0.145600 0.033600 0.521600 0.001600 0.017600 0.001600 0.025600 0.201600 0.001600 
0.443678 0.001149 0.127586 0.052874 0.001149 0.001149 0.219540 0.144828 0.001149 0.006897 
0.025941 0.302092 0.009205 0.013389 0.000837 0.009205 0.331381 0.038494 0.264435 0.005021 
0.131401 0.546860 0.000966 0.000966 0.000966 0.020290 0.058937 0.000966 0.237681 0.000966 
0.225668 0.182888 0.001070 0.033155 0.001070 0.027807 0.022460 0.017112 0.487701 0.001070 
0.001143 0.001143 0.058286 0.001143 0.001143 0.018286 0.498286 0.315429 0.052571 0.052571 
0.001460 0.001460 0.001460 0.001460 0.008759 0.016058 0.110949 0.563504 0.293431 0.001460 
0.001274 0.644586 0.001274 0.052229 0.122293 0.001274 0.001274 0.020382 0.147771 0.007643 
0.001389 0.063889 0.251389 0.404167 0.001389 0.251389 0.015278 0.001389 0.001389 0.008333 
0.016176 0.016176 0.001471 0.802941 0.119118 0.001471 0.001471 0.001471 0.001471 0.038235 
0.001198 0.001198 0.001198 0.629940 0.156886 0.162874 0.001198 0.043114 0.001198 0.001198 
0.001527 0.001527 0.001527 0.642748 0.001527 0.192366 0.001527 0.039695 0.001527 0.116031 
0.020000 0.001250 0.138750 0.013750 0.001250 0.588750 0.007500 0.101250 0.126250 0.001250 
0.001010 0.006061 0.152525 0.612121 0.021212 0.001010 0.011111 0.006061 0.187879 0.001010 
0.001111 0.001111 0.001111 0.284444 0.001111 0.262222 0.006667 0.151111 0.190000 0.101111 
0.019632 0.001227 0.001227 0.001227 0.001227 0.154601 0.694479 0.007362 0.117791 0.001227 
0.000995 0.040796 0.000995 0.478607 0.259701 0.155224 0.015920 0.005970 0.040796 0.000995 
0.020561 0.001869 0.020561 0.095327 0.001869 0.842991 0.001869 0.011215 0.001869 0.001869 
0.016580 0.006218 0.001036 0.415544 0.135751 0.156477 0.249741 0.001036 0.001036 0.016580 
0.001439 0.195683 0.073381 0.001439 0.001439 0.181295 0.166906 0.109353 0.267626 0.001439 
0.007273 0.843636 0.001212 0.086061 0.001212 0.001212 0.001212 0.001212 0.031515 0.025455 
0.198765 0.241975 0.118519 0.161728 0.001235 0.001235 0.272840 0.001235 0.001235 0.001235 
0.001361 0.450340 0.001361 0.225850 0.001361 0.001361 0.001361 0.014966 0.014966 0.287075 
0.001198 0.001198 0.001198 0.719760 0.102994 0.049102 0.001198 0.079042 0.001198 0.043114 
0.192593 0.309877 0.272840 0.180247 0.001235 0.001235 0.001235 0.025926 0.013580 0.001235 
0.476596 0.490780 0.001418 0.001418 0.001418 0.001418 0.022695 0.001418 0.001418 0.001418 
0.154497 0.805291 0.001058 0.001058 0.001058 0.006349 0.001058 0.016931 0.001058 0.011640 
0.313744 0.522275 0.038863 0.000948 0.105213 0.000948 0.000948 0.000948 0.000948 0.015166 
0.457310 0.387135 0.012865 0.001170 0.001170 0.135673 0.001170 0.001170 0.001170 0.001170 
0.481250 0.439583 0.043750 0.002083 0.002083 0.002083 0.002083 0.012500 0.012500 0.002083 
0.001342 0.813423 0.008054 0.001342 0.001342 0.055034 0.068456 0.001342 0.001342 0.048322 
0.016931 0.535450 0.165079 0.059259 0.001058 0.027513 0.001058 0.032804 0.032804 0.128042 
0.007143 0.048810 0.405952 0.001190 0.025000 0.001190 0.001190 0.358333 0.001190 0.150000 
0.345714 0.345714 0.002857 0.231429 0.031429 0.031429 0.002857 0.002857 0.002857 0.002857 
0.772800 0.164800 0.000800 0.032800 0.008800 0.016800 0.000800 0.000800 0.000800 0.000800 
0.470270 0.091892 0.037838 0.001802 0.010811 0.001802 0.001802 0.001802 0.380180 0.001802 
0.249645 0.575887 0.001418 0.001418 0.150355 0.001418 0.001418 0.001418 0.015603 0.001418 
0.445926 0.253333 0.001481 0.142222 0.001481 0.001481 0.001481 0.001481 0.149630 0.001481 
0.158904 0.001370 0.432877 0.001370 0.015068 0.001370 0.001370 0.384932 0.001370 0.001370 
0.143810 0.000952 0.639048 0.010476 0.000952 0.000952 0.000952 0.200952 0.000952 0.000952 
0.555405 0.177027 0.163514 0.028378 0.001351 0.055405 0.014865 0.001351 0.001351 0.001351 
0.392308 0.392308 0.020513 0.174359 0.001282 0.001282 0.001282 0.014103 0.001282 0.001282 
0.001325 0.908609 0.001325 0.001325 0.001325 0.001325 0.001325 0.001325 0.074172 0.007947 
0.024060 0.918797 0.009023 0.039098 0.001504 0.001504 0.001504 0.001504 0.001504 0.001504 
0.001299 0.767532 0.150649 0.001299 0.001299 0.001299 0.001299 0.033766 0.040260 0.001299 
0.087356 0.460920 0.012644 0.006897 0.001149 0.001149 0.001149 0.001149 0.208046 0.219540 
0.398347 0.001653 0.588430 0.001653 0.001653 0.001653 0.001653 0.001653 0.001653 0.001653 
0.060131 0.628758 0.210458 0.001307 0.007843 0.001307 0.001307 0.086275 0.001307 0.001307 
0.387143 0.215714 0.001429 0.151429 0.015714 0.001429 0.001429 0.001429 0.222857 0.001429 
0.689600 0.009600 0.137600 0.001600 0.009600 0.001600 0.001600 0.137600 0.001600 0.009600 
0.170270 0.102703 0.616216 0.014865 0.014865 0.001351 0.001351 0.001351 0.075676 0.001351 
0.001429 0.765714 0.008571 0.001429 0.001429 0.001429 0.001429 0.015714 0.201429 0.001429 
0.001361 0.674830 0.001361 0.001361 0.001361 0.014966 0.008163 0.001361 0.191837 0.103401 
0.550376 0.159398 0.031579 0.159398 0.001504 0.001504 0.024060 0.001504 0.039098 0.031579 
0.757317 0.190244 0.001220 0.001220 0.001220 0.013415 0.001220 0.025610 0.001220 0.007317 
0.103590 0.206154 0.401026 0.001026 0.093333 0.001026 0.001026 0.190769 0.001026 0.001026 
0.001111 0.356667 0.001111 0.523333 0.001111 0.067778 0.001111 0.045556 0.001111 0.001111 
0.001042 0.339583 0.511458 0.001042 0.001042 0.001042 0.001042 0.141667 0.001042 0.001042 
0.184314 0.700654 0.020915 0.014379 0.007843 0.001307 0.040523 0.001307 0.001307 0.027451 
0.028966 0.835862 0.118621 0.008276 0.001379 0.001379 0.001379 0.001379 0.001379 0.001379 
0.089941 0.261538 0.048521 0.001183 0.007101 0.001183 0.007101 0.581065 0.001183 0.001183 
0.747541 0.001639 0.042623 0.009836 0.001639 0.075410 0.001639 0.001639 0.108197 0.009836 
0.001587 0.628571 0.001587 0.263492 0.096825 0.001587 0.001587 0.001587 0.001587 0.001587 
0.001481 0.090370 0.001481 0.445926 0.016296 0.001481 0.157037 0.001481 0.282963 0.001481 
0.042623 0.001639 0.001639 0.419672 0.395082 0.108197 0.018033 0.001639 0.009836 0.001639 
0.001681 0.010084 0.119328 0.245378 0.001681 0.001681 0.312605 0.026891 0.245378 0.035294 
0.001389 0.001389 0.230556 0.001389 0.001389 0.438889 0.209722 0.001389 0.105556 0.008333 
0.420979 0.001399 0.001399 0.001399 0.001399 0.001399 0.008392 0.001399 0.560839 0.001399 
0.042857 0.007143 0.001190 0.007143 0.048810 0.001190 0.030952 0.400000 0.459524 0.001190 
0.001099 0.473626 0.001099 0.001099 0.001099 0.001099 0.001099 0.001099 0.490110 0.028571 
0.028704 0.561111 0.000926 0.000926 0.000926 0.000926 0.000926 0.000926 0.403704 0.000926 
0.001274 0.842038 0.001274 0.001274 0.001274 0.001274 0.001274 0.001274 0.147771 0.001274 
0.001471 0.170588 0.001471 0.008824 0.001471 0.001471 0.001471 0.361765 0.435294 0.016176 
0.457353 0.170588 0.067647 0.001471 0.288235 0.008824 0.001471 0.001471 0.001471 0.001471 
0.290789 0.659211 0.001316 0.001316 0.040789 0.001316 0.001316 0.001316 0.001316 0.001316 
0.294737 0.618045 0.031579 0.001504 0.001504 0.001504 0.031579 0.009023 0.001504 0.009023 
0.001739 0.593043 0.340870 0.053913 0.001739 0.001739 0.001739 0.001739 0.001739 0.001739 
0.056983 0.610056 0.179888 0.029050 0.001117 0.001117 0.001117 0.118436 0.001117 0.001117 
0.651282 0.052991 0.198291 0.010256 0.001709 0.001709 0.001709 0.001709 0.078632 0.001709 
0.001351 0.906757 0.001351 0.014865 0.001351 0.001351 0.014865 0.055405 0.001351 0.001351 
0.001852 0.575926 0.001852 0.001852 0.001852 0.011111 0.001852 0.390741 0.001852 0.011111 
0.341758 0.001099 0.072527 0.023077 0.006593 0.001099 0.012088 0.380220 0.160440 0.001099 
0.001170 0.007018 0.018713 0.001170 0.001170 0.001170 0.001170 0.644444 0.001170 0.322807 
0.088199 0.044720 0.417391 0.125466 0.001242 0.007453 0.001242 0.119255 0.175155 0.019876 
0.328421 0.002105 0.002105 0.086316 0.002105 0.065263 0.012632 0.475789 0.002105 0.023158 
0.023704 0.786667 0.001481 0.031111 0.001481 0.001481 0.001481 0.001481 0.149630 0.001481 
0.001093 0.520219 0.001093 0.001093 0.017486 0.001093 0.001093 0.001093 0.257923 0.197814 
0.094915 0.374576 0.103390 0.010169 0.001695 0.001695 0.281356 0.061017 0.061017 0.010169 
0.331959 0.569072 0.002062 0.002062 0.002062 0.002062 0.002062 0.002062 0.074227 0.012371 
0.001136 0.001136 0.228409 0.001136 0.001136 0.001136 0.063636 0.080682 0.489773 0.131818 
0.001250 0.001250 0.088750 0.170000 0.195000 0.001250 0.001250 0.520000 0.020000 0.001250 
0.007273 0.625455 0.001212 0.001212 0.037576 0.001212 0.001212 0.001212 0.322424 0.001212 
0.001205 0.001205 0.001205 0.001205 0.001205 0.031325 0.019277 0.826506 0.115663 0.001205 
0.009091 0.077273 0.251515 0.046970 0.213636 0.001515 0.259091 0.100000 0.009091 0.031818 
0.001307 0.386928 0.001307 0.001307 0.001307 0.001307 0.092810 0.001307 0.471895 0.040523 
0.001449 0.124638 0.175362 0.001449 0.059420 0.001449 0.400000 0.001449 0.197101 0.037681 
0.001307 0.073203 0.047059 0.007843 0.001307 0.001307 0.033987 0.125490 0.641830 0.066667 
0.007500 0.001250 0.038750 0.001250 0.001250 0.032500 0.007500 0.082500 0.826250 0.001250 
0.001379 0.773793 0.008276 0.001379 0.001379 0.001379 0.001379 0.001379 0.208276 0.001379 
0.001124 0.237079 0.001124 0.074157 0.001124 0.001124 0.298876 0.001124 0.383146 0.001124 
0.242759 0.291034 0.042759 0.001379 0.408276 0.001379 0.001379 0.001379 0.001379 0.008276 
0.141573 0.062921 0.023596 0.017978 0.001124 0.023596 0.473034 0.119101 0.135955 0.001124 
0.001869 0.001869 0.001869 0.001869 0.001869 0.011215 0.740187 0.235514 0.001869 0.001869 
0.001493 0.583582 0.001493 0.001493 0.001493 0.001493 0.016418 0.001493 0.374627 0.016418 
0.001575 0.229921 0.001575 0.143307 0.096063 0.025197 0.033071 0.001575 0.466142 0.001575 
0.065854 0.004878 0.114634 0.000813 0.000813 0.000813 0.541463 0.000813 0.000813 0.269106 
0.072727 0.228571 0.001299 0.001299 0.001299 0.001299 0.189610 0.196104 0.254545 0.053247 
0.039490 0.001274 0.020382 0.071338 0.007643 0.058599 0.001274 0.147771 0.650955 0.001274 
0.001058 0.064550 0.265608 0.270899 0.001058 0.006349 0.117460 0.006349 0.265608 0.001058 
0.019876 0.473292 0.013665 0.168944 0.001242 0.001242 0.001242 0.001242 0.318012 0.001242 
0.418405 0.412270 0.001227 0.001227 0.001227 0.001227 0.001227 0.001227 0.148466 0.013497 
0.087500 0.079687 0.001563 0.009375 0.001563 0.001563 0.095312 0.064062 0.657813 0.001563 
0.007500 0.001250 0.001250 0.001250 0.001250 0.007500 0.001250 0.251250 0.720000 0.007500 
0.001379 0.001379 0.008276 0.104828 0.001379 0.028966 0.008276 0.001379 0.477241 0.366897 
0.001379 0.001379 0.001379 0.063448 0.035862 0.001379 0.001379 0.015172 0.801379 0.077241 
0.522535 0.001408 0.008451 0.008451 0.001408 0.001408 0.001408 0.452113 0.001408 0.001408 
0.130000 0.465714 0.001429 0.001429 0.008571 0.022857 0.001429 0.108571 0.222857 0.037143 
0.047273 0.001818 0.001818 0.001818 0.020000 0.001818 0.001818 0.074545 0.792727 0.056364 
0.001600 0.201600 0.001600 0.001600 0.001600 0.001600 0.001600 0.001600 0.785600 0.001600 
0.001000 0.086000 0.001000 0.111000 0.001000 0.001000 0.001000 0.681000 0.116000 0.001000 
0.001786 0.001786 0.001786 0.001786 0.010714 0.055357 0.403571 0.001786 0.519643 0.001786 
0.001064 0.054255 0.006383 0.011702 0.001064 0.038298 0.282979 0.527660 0.075532 0.001064 
0.267890 0.038532 0.001835 0.001835 0.001835 0.001835 0.001835 0.011009 0.598165 0.075229 
0.029167 0.098611 0.001389 0.022222 0.001389 0.001389 0.015278 0.022222 0.383333 0.425000 
0.001370 0.439726 0.117808 0.227397 0.117808 0.076712 0.001370 0.001370 0.001370 0.015068 
0.001282 0.001282 0.860256 0.001282 0.001282 0.046154 0.026923 0.001282 0.001282 0.058974 
0.330435 0.001242 0.373913 0.001242 0.001242 0.001242 0.001242 0.286957 0.001242 0.001242 
0.374713 0.598851 0.001149 0.001149 0.001149 0.001149 0.001149 0.012644 0.001149 0.006897 
0.001282 0.956410 0.001282 0.007692 0.007692 0.001282 0.001282 0.020513 0.001282 0.001282 
0.027097 0.510968 0.001290 0.001290 0.272258 0.065806 0.001290 0.001290 0.001290 0.117419 
0.080672 0.042857 0.387395 0.000840 0.000840 0.000840 0.000840 0.416807 0.068067 0.000840 
0.730556 0.126389 0.119444 0.001389 0.001389 0.001389 0.015278 0.001389 0.001389 0.001389 
0.001961 0.109804 0.805882 0.001961 0.001961 0.001961 0.001961 0.031373 0.041176 0.001961 
0.001471 0.383824 0.001471 0.001471 0.427941 0.001471 0.001471 0.001471 0.177941 0.001471 
0.069697 0.418182 0.221212 0.137879 0.001515 0.001515 0.001515 0.145455 0.001515 0.001515 
0.001515 0.289394 0.009091 0.001515 0.190909 0.001515 0.009091 0.001515 0.115152 0.380303 
0.001667 0.485000 0.001667 0.001667 0.110000 0.001667 0.010000 0.001667 0.101667 0.285000 
0.454118 0.207059 0.065882 0.007059 0.001176 0.001176 0.001176 0.218824 0.042353 0.001176 
0.463830 0.282979 0.176596 0.001064 0.001064 0.001064 0.038298 0.017021 0.006383 0.011702 
0.001130 0.814689 0.006780 0.001130 0.006780 0.001130 0.001130 0.001130 0.148023 0.018079 
0.015610 0.000976 0.000976 0.010732 0.483902 0.040000 0.000976 0.000976 0.440000 0.005854 
0.002151 0.303226 0.088172 0.034409 0.002151 0.141935 0.163441 0.012903 0.249462 0.002151 
0.006667 0.095556 0.134444 0.384444 0.001111 0.023333 0.351111 0.001111 0.001111 0.001111 
0.002105 0.002105 0.002105 0.002105 0.002105 0.054737 0.317895 0.191579 0.412632 0.012632 
0.028889 0.012222 0.001111 0.001111 0.001111 0.723333 0.006667 0.006667 0.217778 0.001111 
0.008163 0.001361 0.001361 0.491156 0.001361 0.001361 0.259864 0.014966 0.219048 0.001361 
0.513253 0.001205 0.079518 0.001205 0.031325 0.344578 0.001205 0.001205 0.001205 0.025301 
0.082143 0.001786 0.010714 0.001786 0.001786 0.885714 0.001786 0.010714 0.001786 0.001786 
0.000966 0.000966 0.010628 0.314976 0.000966 0.063768 0.000966 0.034783 0.430918 0.141063 
0.001130 0.125424 0.001130 0.215819 0.001130 0.001130 0.289266 0.029379 0.334463 0.001130 
0.001250 0.207500 0.682500 0.001250 0.001250 0.045000 0.001250 0.057500 0.001250 0.001250 
0.001754 0.001754 0.142105 0.001754 0.001754 0.308772 0.177193 0.001754 0.256140 0.107018 
0.087568 0.130811 0.001081 0.444324 0.001081 0.001081 0.022703 0.233514 0.076757 0.001081 
0.235000 0.068333 0.001667 0.068333 0.001667 0.451667 0.085000 0.001667 0.085000 0.001667 
0.025000 0.009375 0.282813 0.001563 0.001563 0.009375 0.509375 0.001563 0.134375 0.025000 
0.047126 0.006897 0.156322 0.081609 0.001149 0.018391 0.414943 0.018391 0.254023 0.001149 
0.274227 0.140206 0.001031 0.434021 0.001031 0.001031 0.006186 0.011340 0.001031 0.129897 
0.001563 0.009375 0.290625 0.009375 0.001563 0.400000 0.001563 0.017188 0.204687 0.064062 
0.001379 0.015172 0.263448 0.415172 0.008276 0.042759 0.035862 0.001379 0.118621 0.097931 
0.001515 0.001515 0.001515 0.009091 0.372727 0.001515 0.463636 0.001515 0.001515 0.145455 
0.001449 0.001449 0.001449 0.001449 0.001449 0.957971 0.015942 0.001449 0.001449 0.015942 
0.001613 0.324194 0.001613 0.638710 0.025806 0.001613 0.001613 0.001613 0.001613 0.001613 
0.002128 0.012766 0.289362 0.161702 0.406383 0.002128 0.012766 0.002128 0.002128 0.108511 
0.007792 0.001299 0.105195 0.157143 0.001299 0.001299 0.001299 0.020779 0.371429 0.332468 
0.001493 0.001493 0.158209 0.038806 0.001493 0.486567 0.068657 0.001493 0.240299 0.001493 
0.060215 0.049462 0.001075 0.355914 0.070968 0.001075 0.318280 0.049462 0.087097 0.006452 
0.017778 0.490000 0.001111 0.106667 0.001111 0.001111 0.001111 0.001111 0.240000 0.140000 
0.001667 0.001667 0.118333 0.010000 0.001667 0.043333 0.076667 0.710000 0.035000 0.001667 
0.001282 0.007692 0.001282 0.392308 0.315385 0.001282 0.116667 0.001282 0.155128 0.007692 
0.009756 0.066667 0.180488 0.269919 0.066667 0.009756 0.351220 0.042276 0.001626 0.001626 
0.024719 0.125843 0.013483 0.002247 0.002247 0.305618 0.002247 0.002247 0.002247 0.519101 
0.001770 0.001770 0.081416 0.656637 0.001770 0.001770 0.090265 0.090265 0.072566 0.001770 
0.001290 0.001290 0.001290 0.407742 0.369032 0.007742 0.169032 0.007742 0.033548 0.001290 
0.001575 0.001575 0.088189 0.001575 0.001575 0.875591 0.001575 0.017323 0.001575 0.009449 
0.001460 0.271533 0.578102 0.037956 0.001460 0.001460 0.037956 0.008759 0.059854 0.001460 
0.037647 0.167059 0.002353 0.002353 0.014118 0.002353 0.684706 0.014118 0.061176 0.014118 
0.179310 0.001149 0.127586 0.116092 0.305747 0.208046 0.006897 0.029885 0.001149 0.024138 
0.001093 0.001093 0.001093 0.350820 0.001093 0.634973 0.006557 0.001093 0.001093 0.001093 
0.001961 0.001961 0.031373 0.217647 0.001961 0.737255 0.001961 0.001961 0.001961 0.001961 
0.001835 0.001835 0.121101 0.139450 0.029358 0.469725 0.194495 0.011009 0.029358 0.001835 
0.518033 0.403279 0.001639 0.001639 0.001639 0.067213 0.001639 0.001639 0.001639 0.001639 
0.001471 0.641176 0.001471 0.001471 0.258824 0.001471 0.001471 0.045588 0.001471 0.045588 
0.442857 0.390909 0.098701 0.014286 0.046753 0.001299 0.001299 0.001299 0.001299 0.001299 
0.029577 0.818310 0.114085 0.001408 0.001408 0.001408 0.001408 0.015493 0.015493 0.001408 
0.318367 0.338776 0.022449 0.002041 0.277551 0.012245 0.002041 0.022449 0.002041 0.002041 
0.715966 0.060504 0.085714 0.010084 0.018487 0.001681 0.001681 0.001681 0.018487 0.085714 
0.806504 0.001626 0.001626 0.058537 0.001626 0.058537 0.001626 0.001626 0.017886 0.050407 
0.352747 0.001099 0.270330 0.220879 0.089011 0.061538 0.001099 0.001099 0.001099 0.001099 
0.001818 0.501818 0.010909 0.001818 0.438182 0.020000 0.001818 0.010909 0.010909 0.001818 
0.783333 0.001282 0.001282 0.001282 0.039744 0.001282 0.001282 0.148718 0.007692 0.014103 
0.913274 0.001770 0.001770 0.001770 0.019469 0.001770 0.010619 0.001770 0.019469 0.028319 
0.232692 0.578846 0.001923 0.001923 0.165385 0.001923 0.001923 0.001923 0.001923 0.011538 
0.011650 0.885437 0.001942 0.001942 0.001942 0.001942 0.001942 0.069903 0.021359 0.001942 
0.011321 0.728302 0.049057 0.001887 0.086792 0.001887 0.001887 0.001887 0.011321 0.105660 
0.126389 0.452778 0.001389 0.168056 0.001389 0.008333 0.237500 0.001389 0.001389 0.001389 
0.630189 0.246541 0.001258 0.001258 0.001258 0.001258 0.001258 0.108176 0.001258 0.007547 
0.001515 0.706061 0.009091 0.009091 0.001515 0.001515 0.001515 0.206061 0.001515 0.062121 
0.118085 0.852128 0.001064 0.001064 0.001064 0.001064 0.022340 0.001064 0.001064 0.001064 
0.840000 0.032308 0.001538 0.001538 0.001538 0.001538 0.063077 0.055385 0.001538 0.001538 
0.880000 0.072857 0.001429 0.001429 0.001429 0.022857 0.008571 0.001429 0.008571 0.001429 
0.539860 0.127273 0.001399 0.036364 0.001399 0.001399 0.015385 0.267133 0.001399 0.008392 
0.001504 0.542857 0.272180 0.001504 0.009023 0.091729 0.001504 0.001504 0.076692 0.001504 
0.001681 0.833613 0.068908 0.001681 0.001681 0.001681 0.001681 0.001681 0.001681 0.085714 
0.001235 0.958025 0.019753 0.001235 0.001235 0.001235 0.013580 0.001235 0.001235 0.001235 
0.002041 0.512245 0.002041 0.002041 0.002041 0.002041 0.002041 0.002041 0.471429 0.002041 
0.833613 0.001681 0.068908 0.001681 0.001681 0.001681 0.010084 0.001681 0.060504 0.018487 
0.239024 0.348780 0.104878 0.001220 0.001220 0.001220 0.013415 0.208537 0.001220 0.080488 
0.019643 0.528571 0.001786 0.233929 0.001786 0.001786 0.001786 0.001786 0.207143 0.001786 
0.437143 0.358571 0.187143 0.001429 0.001429 0.001429 0.001429 0.001429 0.001429 0.008571 
0.050350 0.777622 0.015385 0.001399 0.001399 0.001399 0.001399 0.001399 0.148252 0.001399 
0.766897 0.022069 0.001379 0.091034 0.001379 0.008276 0.001379 0.001379 0.104828 0.001379 
0.108511 0.427660 0.002128 0.257447 0.002128 0.012766 0.002128 0.002128 0.182979 0.002128 
0.002020 0.860606 0.002020 0.002020 0.002020 0.002020 0.022222 0.082828 0.022222 0.002020 
0.640278 0.133333 0.008333 0.001389 0.036111 0.001389 0.001389 0.147222 0.001389 0.029167 
0.290141 0.247887 0.198592 0.177465 0.001408 0.001408 0.001408 0.078873 0.001408 0.001408 
0.001527 0.680916 0.009160 0.207634 0.001527 0.085496 0.001527 0.001527 0.001527 0.009160 
0.222059 0.126471 0.170588 0.302941 0.001471 0.001471 0.001471 0.030882 0.075000 0.067647 
0.001379 0.180690 0.463448 0.049655 0.022069 0.256552 0.001379 0.008276 0.008276 0.008276 
0.243939 0.569697 0.009091 0.001515 0.001515 0.001515 0.001515 0.001515 0.145455 0.024242 
0.001143 0.338286 0.075429 0.018286 0.549714 0.012571 0.001143 0.001143 0.001143 0.001143 
0.802740 0.042466 0.001370 0.001370 0.001370 0.001370 0.008219 0.056164 0.083562 0.001370 
0.001117 0.889385 0.006704 0.001117 0.006704 0.001117 0.001117 0.068156 0.017877 0.006704 
0.312987 0.644156 0.001299 0.001299 0.001299 0.001299 0.014286 0.001299 0.020779 0.001299 
0.031343 0.643284 0.001493 0.001493 0.038806 0.232836 0.031343 0.016418 0.001493 0.001493 
0.129323 0.001504 0.001504 0.024060 0.001504 0.001504 0.009023 0.655639 0.166917 0.009023 
0.036842 0.001754 0.001754 0.001754 0.001754 0.001754 0.001754 0.650877 0.300000 0.001754 
0.527273 0.022222 0.002020 0.012121 0.143434 0.002020 0.002020 0.284848 0.002020 0.002020 
0.339437 0.508451 0.001408 0.001408 0.078873 0.001408 0.022535 0.001408 0.001408 0.043662 
0.183654 0.419231 0.000962 0.000962 0.000962 0.000962 0.000962 0.222115 0.005769 0.164423 
0.001399 0.001399 0.001399 0.001399 0.015385 0.001399 0.001399 0.840559 0.127273 0.008392 
0.052577 0.001031 0.624742 0.001031 0.016495 0.021649 0.001031 0.279381 0.001031 0.001031 
0.050932 0.442236 0.001242 0.001242 0.001242 0.113043 0.001242 0.386335 0.001242 0.001242 
0.548649 0.001351 0.001351 0.001351 0.001351 0.001351 0.001351 0.055405 0.008108 0.379730 
0.006250 0.714583 0.105208 0.001042 0.027083 0.001042 0.001042 0.079167 0.001042 0.063542 
0.001333 0.628000 0.141333 0.001333 0.001333 0.001333 0.001333 0.221333 0.001333 0.001333 
0.001418 0.334752 0.462411 0.001418 0.001418 0.001418 0.001418 0.171631 0.022695 0.001418 
0.028889 0.528889 0.001111 0.223333 0.006667 0.001111 0.001111 0.206667 0.001111 0.001111 
0.001042 0.001042 0.001042 0.016667 0.001042 0.001042 0.115625 0.495833 0.001042 0.365625 
0.019277 0.669880 0.001205 0.067470 0.151807 0.001205 0.001205 0.007229 0.079518 0.001205 
0.001429 0.001429 0.001429 0.030000 0.001429 0.001429 0.115714 0.430000 0.008571 0.408571 
0.001408 0.001408 0.114085 0.001408 0.078873 0.135211 0.283099 0.100000 0.121127 0.163380 
0.001235 0.402469 0.001235 0.007407 0.001235 0.001235 0.001235 0.266667 0.001235 0.316049 
0.007059 0.001176 0.330588 0.036471 0.001176 0.001176 0.001176 0.618824 0.001176 0.001176 
0.001190 0.370238 0.025000 0.185714 0.173810 0.209524 0.001190 0.001190 0.007143 0.025000 
0.054667 0.528000 0.008000 0.001333 0.041333 0.001333 0.001333 0.001333 0.114667 0.248000 
0.213699 0.761644 0.008219 0.008219 0.001370 0.001370 0.001370 0.001370 0.001370 0.001370 
0.001105 0.520442 0.001105 0.001105 0.001105 0.001105 0.056354 0.216575 0.200000 0.001105 
0.293805 0.001770 0.019469 0.001770 0.001770 0.037168 0.311504 0.001770 0.258407 0.072566 
0.356522 0.392754 0.037681 0.001449 0.139130 0.030435 0.001449 0.023188 0.001449 0.015942 
0.045556 0.417778 0.001111 0.334444 0.001111 0.001111 0.001111 0.101111 0.095556 0.001111 
0.054118 0.001176 0.001176 0.036471 0.207059 0.248235 0.030588 0.254118 0.165882 0.001176 
0.105660 0.256604 0.049057 0.001887 0.001887 0.011321 0.001887 0.171698 0.001887 0.398113 
0.044604 0.102158 0.469065 0.001439 0.008633 0.001439 0.001439 0.030216 0.073381 0.267626 
0.033684 0.317895 0.012632 0.002105 0.423158 0.002105 0.002105 0.002105 0.117895 0.086316 
0.023596 0.124719 0.091011 0.001124 0.220225 0.006742 0.001124 0.079775 0.001124 0.450562 
0.014194 0.072258 0.543226 0.001290 0.001290 0.007742 0.001290 0.104516 0.001290 0.252903 
0.012766 0.002128 0.002128 0.002128 0.119149 0.002128 0.002128 0.002128 0.246809 0.608511 
0.001299 0.248052 0.001299 0.001299 0.001299 0.001299 0.066234 0.001299 0.241558 0.436364 
0.157812 0.275000 0.001563 0.025000 0.228125 0.001563 0.001563 0.001563 0.001563 0.306250 
0.001212 0.407273 0.304242 0.001212 0.013333 0.001212 0.001212 0.001212 0.001212 0.267879 
0.001342 0.001342 0.008054 0.061745 0.263087 0.417450 0.155705 0.081879 0.001342 0.008054 
0.001481 0.579259 0.053333 0.001481 0.023704 0.001481 0.001481 0.001481 0.008889 0.327407 
0.195833 0.355556 0.001389 0.029167 0.063889 0.001389 0.001389 0.008333 0.001389 0.341667 
0.001220 0.001220 0.068293 0.117073 0.678049 0.092683 0.001220 0.001220 0.019512 0.019512 
0.001299 0.540260 0.111688 0.001299 0.001299 0.001299 0.001299 0.007792 0.001299 0.332468 
0.008955 0.008955 0.441791 0.001493 0.001493 0.001493 0.001493 0.098507 0.016418 0.419403 
0.001015 0.001015 0.011168 0.021320 0.747208 0.006091 0.026396 0.036548 0.046701 0.102538 
0.242169 0.133735 0.049398 0.007229 0.392771 0.025301 0.001205 0.001205 0.145783 0.001205 
0.001087 0.001087 0.001087 0.001087 0.234783 0.001087 0.001087 0.006522 0.734783 0.017391 
0.001493 0.531343 0.038806 0.001493 0.419403 0.001493 0.001493 0.001493 0.001493 0.001493 
0.090323 0.340323 0.001613 0.001613 0.324194 0.001613 0.082258 0.001613 0.154839 0.001613 
0.001170 0.188304 0.007018 0.001170 0.784795 0.007018 0.001170 0.001170 0.001170 0.007018 
0.460741 0.164444 0.008889 0.001481 0.245926 0.001481 0.112593 0.001481 0.001481 0.001481 
0.201379 0.063448 0.332414 0.022069 0.015172 0.270345 0.001379 0.035862 0.001379 0.056552 
0.001026 0.088205 0.006154 0.001026 0.118974 0.001026 0.001026 0.088205 0.149744 0.544615 
0.001613 0.469355 0.162903 0.009677 0.348387 0.001613 0.001613 0.001613 0.001613 0.001613 
0.001198 0.276647 0.001198 0.001198 0.198802 0.037126 0.001198 0.001198 0.414371 0.067066 
0.160606 0.001515 0.001515 0.001515 0.425758 0.001515 0.001515 0.009091 0.395455 0.001515 
0.178431 0.090196 0.119608 0.001961 0.501961 0.001961 0.001961 0.100000 0.001961 0.001961 
0.001250 0.701250 0.001250 0.001250 0.013750 0.001250 0.001250 0.013750 0.001250 0.263750 
0.056044 0.193407 0.001099 0.001099 0.314286 0.001099 0.012088 0.001099 0.413187 0.006593 
0.001818 0.010909 0.001818 0.047273 0.274545 0.001818 0.001818 0.001818 0.656364 0.001818 
0.026582 0.418987 0.001266 0.001266 0.273418 0.001266 0.001266 0.007595 0.184810 0.083544 
0.174667 0.001333 0.008000 0.261333 0.241333 0.001333 0.008000 0.148000 0.001333 0.154667 
0.001600 0.001600 0.001600 0.001600 0.633600 0.001600 0.001600 0.153600 0.201600 0.001600 
0.001802 0.001802 0.416216 0.010811 0.073874 0.001802 0.010811 0.163964 0.145946 0.172973 
0.168889 0.735556 0.002222 0.080000 0.002222 0.002222 0.002222 0.002222 0.002222 0.002222 
0.001282 0.385897 0.001282 0.001282 0.014103 0.001282 0.001282 0.014103 0.219231 0.360256 
0.021333 0.001333 0.001333 0.074667 0.661333 0.001333 0.041333 0.001333 0.188000 0.008000 
0.906122 0.001361 0.076190 0.008163 0.001361 0.001361 0.001361 0.001361 0.001361 0.001361 
0.100000 0.430986 0.001408 0.001408 0.423944 0.001408 0.001408 0.036620 0.001408 0.001408 
0.007362 0.896933 0.031902 0.007362 0.007362 0.001227 0.001227 0.038037 0.007362 0.001227 
0.001923 0.001923 0.001923 0.973077 0.001923 0.001923 0.001923 0.001923 0.011538 0.001923 
0.057600 0.001600 0.009600 0.505600 0.001600 0.017600 0.321600 0.001600 0.009600 0.073600 
0.001563 0.353125 0.017188 0.087500 0.001563 0.009375 0.001563 0.157812 0.360938 0.009375 
0.136842 0.009023 0.001504 0.467669 0.001504 0.001504 0.001504 0.377444 0.001504 0.001504 
0.001653 0.001653 0.216529 0.191736 0.009917 0.183471 0.009917 0.001653 0.340496 0.042975 
0.001205 0.001205 0.001205 0.910843 0.001205 0.037349 0.007229 0.019277 0.019277 0.001205 
0.019632 0.001227 0.001227 0.712883 0.001227 0.246626 0.001227 0.001227 0.001227 0.013497 
0.001299 0.001299 0.001299 0.838961 0.053247 0.014286 0.085714 0.001299 0.001299 0.001299 
0.001626 0.091057 0.017886 0.400000 0.001626 0.001626 0.001626 0.009756 0.465041 0.009756 
0.001869 0.001869 0.170093 0.459813 0.001869 0.001869 0.076636 0.076636 0.160748 0.048598 
0.001351 0.001351 0.109459 0.697297 0.001351 0.021622 0.001351 0.089189 0.075676 0.001351 
0.234586 0.001504 0.001504 0.302256 0.069173 0.001504 0.001504 0.302256 0.084211 0.001504 
0.001695 0.001695 0.001695 0.900000 0.035593 0.035593 0.001695 0.010169 0.010169 0.001695 
0.019277 0.061446 0.001205 0.681928 0.001205 0.001205 0.019277 0.031325 0.067470 0.115663 
0.001170 0.001170 0.094737 0.626901 0.024561 0.106433 0.001170 0.001170 0.141520 0.001170 
0.001325 0.001325 0.007947 0.703311 0.001325 0.259603 0.021192 0.001325 0.001325 0.001325 
0.048521 0.048521 0.001183 0.616568 0.137278 0.066272 0.072189 0.001183 0.001183 0.007101 
0.025000 0.009375 0.009375 0.650000 0.009375 0.009375 0.001563 0.282813 0.001563 0.001563 
0.001695 0.001695 0.137288 0.510169 0.052542 0.001695 0.001695 0.281356 0.010169 0.001695 
0.019298 0.001754 0.326316 0.343860 0.229825 0.010526 0.001754 0.001754 0.063158 0.001754 
0.001439 0.001439 0.001439 0.015827 0.001439 0.094964 0.030216 0.771223 0.001439 0.080576 
0.128358 0.008955 0.001493 0.367164 0.008955 0.001493 0.053731 0.053731 0.023881 0.352239 
0.001064 0.001064 0.107447 0.602128 0.048936 0.187234 0.043617 0.006383 0.001064 0.001064 
0.001111 0.023333 0.028889 0.540000 0.367778 0.001111 0.034444 0.001111 0.001111 0.001111 
0.001408 0.001408 0.008451 0.346479 0.001408 0.001408 0.001408 0.621127 0.008451 0.008451 
0.006818 0.001136 0.040909 0.785227 0.052273 0.001136 0.001136 0.001136 0.001136 0.109091 
0.262112 0.007453 0.001242 0.001242 0.001242 0.100621 0.299379 0.324224 0.001242 0.001242 
0.026087 0.032298 0.460870 0.088199 0.162733 0.001242 0.050932 0.001242 0.026087 0.150311 
0.569231 0.208284 0.001183 0.001183 0.072189 0.048521 0.024852 0.001183 0.036686 0.036686 
0.634188 0.292308 0.001709 0.001709 0.035897 0.018803 0.010256 0.001709 0.001709 0.001709 
0.001408 0.001408 0.247887 0.290141 0.156338 0.001408 0.163380 0.100000 0.015493 0.022535 
0.001250 0.163750 0.001250 0.201250 0.001250 0.476250 0.051250 0.013750 0.026250 0.063750 
0.129825 0.626901 0.018713 0.001170 0.012865 0.007018 0.001170 0.001170 0.001170 0.200000 
0.234731 0.600000 0.001198 0.013174 0.013174 0.001198 0.001198 0.019162 0.007186 0.108982 
0.114019 0.852336 0.001869 0.001869 0.011215 0.011215 0.001869 0.001869 0.001869 0.001869 
0.322172 0.005430 0.145701 0.000905 0.023529 0.000905 0.000905 0.462443 0.037104 0.000905 
0.001626 0.400000 0.001626 0.066667 0.001626 0.318699 0.050407 0.099187 0.001626 0.058537 
0.963830 0.001064 0.001064 0.001064 0.017021 0.001064 0.001064 0.001064 0.001064 0.011702 
0.748000 0.014667 0.008000 0.001333 0.161333 0.008000 0.001333 0.008000 0.001333 0.048000 
0.222069 0.015172 0.684138 0.001379 0.001379 0.001379 0.001379 0.070345 0.001379 0.001379 
0.472727 0.501136 0.012500 0.001136 0.001136 0.001136 0.001136 0.001136 0.006818 0.001136 
0.625503 0.041611 0.001342 0.001342 0.001342 0.021477 0.001342 0.296644 0.008054 0.001342 
0.001835 0.478899 0.001835 0.011009 0.038532 0.240367 0.185321 0.038532 0.001835 0.001835 
0.408917 0.026752 0.007643 0.236943 0.033121 0.039490 0.230573 0.014013 0.001274 0.001274 
0.435220 0.001258 0.127044 0.007547 0.020126 0.001258 0.001258 0.403774 0.001258 0.001258 
0.835583 0.093252 0.001227 0.001227 0.001227 0.001227 0.001227 0.056442 0.001227 0.007362 
0.381690 0.212676 0.064789 0.008451 0.226761 0.001408 0.001408 0.001408 0.001408 0.100000 
0.373913 0.318012 0.001242 0.001242 0.026087 0.007453 0.001242 0.001242 0.001242 0.268323 
0.120755 0.680503 0.001258 0.001258 0.001258 0.001258 0.064151 0.114465 0.007547 0.007547 
0.096089 0.006704 0.179888 0.045810 0.654749 0.001117 0.001117 0.012291 0.001117 0.001117 
0.646835 0.096203 0.241772 0.001266 0.001266 0.001266 0.001266 0.007595 0.001266 0.001266 
0.251250 0.001250 0.063750 0.145000 0.045000 0.001250 0.001250 0.120000 0.351250 0.020000 
0.032704 0.290566 0.498113 0.001258 0.045283 0.007547 0.020126 0.101887 0.001258 0.001258 
0.745122 0.050000 0.001220 0.068293 0.007317 0.007317 0.001220 0.117073 0.001220 0.001220 
0.070520 0.804624 0.001156 0.001156 0.001156 0.018497 0.012717 0.001156 0.006936 0.082081 
0.740909 0.059091 0.002273 0.047727 0.115909 0.002273 0.002273 0.013636 0.013636 0.002273 
0.473973 0.001370 0.049315 0.001370 0.008219 0.241096 0.015068 0.200000 0.008219 0.001370 
0.047399 0.018497 0.001156 0.006936 0.151445 0.087861 0.116763 0.434682 0.001156 0.134104 
0.038806 0.352239 0.001493 0.158209 0.232836 0.046269 0.001493 0.001493 0.165672 0.001493 
0.169128 0.008054 0.088591 0.370470 0.001342 0.008054 0.216107 0.001342 0.041611 0.095302 
0.290710 0.257923 0.263388 0.006557 0.001093 0.001093 0.001093 0.001093 0.006557 0.170492 
0.642748 0.001527 0.001527 0.001527 0.001527 0.100763 0.001527 0.062595 0.001527 0.184733 
0.070930 0.001163 0.117442 0.530233 0.006977 0.006977 0.134884 0.059302 0.065116 0.006977 
0.009524 0.001587 0.303175 0.215873 0.152381 0.049206 0.001587 0.001587 0.001587 0.263492 
0.595489 0.264662 0.001504 0.099248 0.001504 0.009023 0.001504 0.001504 0.024060 0.001504 
0.501961 0.001961 0.001961 0.178431 0.217647 0.001961 0.050980 0.001961 0.041176 0.001961 
0.163750 0.426250 0.401250 0.001250 0.001250 0.001250 0.001250 0.001250 0.001250 0.001250 
0.805405 0.001351 0.035135 0.075676 0.001351 0.001351 0.001351 0.075676 0.001351 0.001351 
0.289041 0.008219 0.083562 0.110959 0.453425 0.015068 0.021918 0.008219 0.001370 0.008219 
0.220438 0.001460 0.023358 0.446715 0.067153 0.030657 0.001460 0.001460 0.205839 0.001460 
0.136134 0.186555 0.001681 0.564706 0.001681 0.094118 0.001681 0.001681 0.001681 0.010084 
0.000917 0.000917 0.000917 0.051376 0.000917 0.005505 0.000917 0.000917 0.702752 0.234862 
0.001143 0.001143 0.292571 0.001143 0.001143 0.641143 0.001143 0.058286 0.001143 0.001143 
0.104878 0.360976 0.074390 0.001220 0.025610 0.165854 0.019512 0.001220 0.171951 0.074390 
0.001408 0.107042 0.205634 0.001408 0.001408 0.001408 0.001408 0.297183 0.332394 0.050704 
0.020792 0.317822 0.005941 0.015842 0.510891 0.000990 0.104950 0.015842 0.000990 0.005941 
0.374093 0.001036 0.001036 0.001036 0.006218 0.001036 0.006218 0.353368 0.001036 0.254922 
0.198765 0.470370 0.019753 0.019753 0.087654 0.001235 0.001235 0.075309 0.124691 0.001235 
