0.627338 0.332374 0.001439 0.008633 0.001439 0.001439 0.001439 0.008633 0.001439 0.015827 
0.490780 0.207092 0.001418 0.001418 0.022695 0.008511 0.022695 0.001418 0.242553 0.001418 
0.385507 0.269565 0.001449 0.001449 0.334783 0.001449 0.001449 0.001449 0.001449 0.001449 
0.768317 0.000990 0.000990 0.000990 0.000990 0.070297 0.000990 0.149505 0.005941 0.000990 
0.468148 0.171852 0.023704 0.001481 0.305185 0.023704 0.001481 0.001481 0.001481 0.001481 
0.001681 0.892437 0.085714 0.001681 0.001681 0.001681 0.010084 0.001681 0.001681 0.001681 
0.238983 0.052542 0.247458 0.001695 0.094915 0.001695 0.010169 0.001695 0.349153 0.001695 
0.002381 0.728571 0.002381 0.050000 0.061905 0.002381 0.073810 0.026190 0.026190 0.026190 
0.001408 0.001408 0.170423 0.001408 0.121127 0.001408 0.001408 0.670423 0.001408 0.029577 
0.001235 0.958025 0.013580 0.001235 0.001235 0.001235 0.001235 0.001235 0.001235 0.019753 
0.001471 0.457353 0.472059 0.060294 0.001471 0.001471 0.001471 0.001471 0.001471 0.001471 
0.001307 0.288889 0.635294 0.007843 0.001307 0.047059 0.001307 0.014379 0.001307 0.001307 
0.023529 0.001471 0.332353 0.001471 0.016176 0.266176 0.001471 0.001471 0.302941 0.052941 
0.028188 0.457718 0.404027 0.048322 0.001342 0.021477 0.001342 0.034899 0.001342 0.001342 
0.024561 0.609357 0.001170 0.235088 0.001170 0.053801 0.001170 0.001170 0.001170 0.071345 
0.001449 0.617391 0.001449 0.008696 0.001449 0.131884 0.197101 0.037681 0.001449 0.001449 
0.077707 0.326115 0.351592 0.166879 0.001274 0.001274 0.014013 0.001274 0.026752 0.033121 
0.494595 0.089189 0.143243 0.001351 0.264865 0.001351 0.001351 0.001351 0.001351 0.001351 
0.001471 0.413235 0.288235 0.023529 0.001471 0.001471 0.126471 0.126471 0.016176 0.001471 
0.001587 0.120635 0.001587 0.787302 0.017460 0.001587 0.001587 0.065079 0.001587 0.001587 
0.001538 0.086154 0.147692 0.070769 0.001538 0.040000 0.032308 0.001538 0.516923 0.101538 
0.464179 0.501493 0.016418 0.001493 0.008955 0.001493 0.001493 0.001493 0.001493 0.001493 
0.016923 0.032308 0.101538 0.001538 0.001538 0.247692 0.024615 0.193846 0.378462 0.001538 
0.001695 0.001695 0.010169 0.001695 0.001695 0.103390 0.103390 0.154237 0.611864 0.010169 
0.001504 0.212030 0.046617 0.001504 0.009023 0.061654 0.001504 0.354887 0.309774 0.001504 
0.035227 0.001136 0.001136 0.671591 0.001136 0.001136 0.001136 0.262500 0.012500 0.012500 
0.001274 0.001274 0.058599 0.001274 0.001274 0.001274 0.147771 0.784713 0.001274 0.001274 
0.001111 0.001111 0.040000 0.001111 0.001111 0.001111 0.001111 0.934444 0.017778 0.001111 
0.732000 0.022000 0.072000 0.002000 0.012000 0.002000 0.002000 0.002000 0.152000 0.002000 
0.171859 0.764824 0.001005 0.001005 0.001005 0.001005 0.001005 0.011055 0.001005 0.046231 
0.001667 0.001667 0.001667 0.001667 0.001667 0.110000 0.060000 0.818333 0.001667 0.001667 
0.001198 0.468263 0.049102 0.001198 0.001198 0.001198 0.067066 0.001198 0.025150 0.384431 
0.001307 0.092810 0.001307 0.001307 0.001307 0.001307 0.001307 0.445752 0.439216 0.014379 
0.001183 0.054438 0.013018 0.788166 0.007101 0.054438 0.007101 0.060355 0.013018 0.001183 
0.001709 0.001709 0.001709 0.292308 0.001709 0.001709 0.001709 0.668376 0.027350 0.001709 
0.008392 0.546853 0.064336 0.001399 0.001399 0.162238 0.022378 0.050350 0.141259 0.001399 
0.001653 0.290909 0.100826 0.001653 0.001653 0.001653 0.001653 0.497521 0.100826 0.001653 
0.019091 0.000909 0.000909 0.037273 0.000909 0.073636 0.005455 0.232727 0.619091 0.010000 
0.008276 0.035862 0.001379 0.049655 0.001379 0.001379 0.028966 0.773793 0.084138 0.015172 
0.001250 0.270000 0.001250 0.001250 0.001250 0.007500 0.032500 0.020000 0.663750 0.001250 
0.000823 0.046091 0.173663 0.046091 0.009053 0.054321 0.000823 0.009053 0.659259 0.000823 
0.078710 0.369032 0.001290 0.001290 0.014194 0.001290 0.001290 0.530323 0.001290 0.001290 
0.001905 0.297143 0.030476 0.192381 0.001905 0.001905 0.001905 0.144762 0.325714 0.001905 
0.295425 0.099346 0.001307 0.125490 0.033987 0.158170 0.001307 0.125490 0.118954 0.040523 
0.001527 0.146565 0.001527 0.016794 0.001527 0.337405 0.291603 0.001527 0.177099 0.024427 
0.001307 0.988235 0.001307 0.001307 0.001307 0.001307 0.001307 0.001307 0.001307 0.001307 
0.044809 0.241530 0.268852 0.006557 0.001093 0.017486 0.001093 0.017486 0.389071 0.012022 
0.011111 0.001852 0.427778 0.029630 0.001852 0.001852 0.001852 0.242593 0.094444 0.187037 
0.001333 0.014667 0.021333 0.548000 0.128000 0.001333 0.001333 0.121333 0.141333 0.021333 
0.000897 0.000897 0.000897 0.000897 0.041256 0.000897 0.009865 0.808072 0.072646 0.063677 
0.205096 0.001274 0.192357 0.001274 0.001274 0.007643 0.001274 0.459873 0.122293 0.007643 
0.054762 0.001190 0.001190 0.001190 0.001190 0.126190 0.001190 0.007143 0.804762 0.001190 
0.002020 0.345455 0.224242 0.133333 0.002020 0.143434 0.143434 0.002020 0.002020 0.002020 
0.021918 0.001370 0.001370 0.001370 0.001370 0.186301 0.001370 0.638356 0.145205 0.001370 
0.001449 0.298551 0.001449 0.044928 0.305797 0.001449 0.117391 0.001449 0.226087 0.001449 
0.046617 0.159398 0.039098 0.001504 0.001504 0.001504 0.001504 0.084211 0.663158 0.001504 
0.001087 0.511957 0.001087 0.001087 0.109783 0.001087 0.001087 0.001087 0.370652 0.001087 
0.001183 0.018935 0.060355 0.084024 0.001183 0.001183 0.001183 0.409467 0.421302 0.001183 
0.001183 0.421302 0.001183 0.178698 0.013018 0.001183 0.001183 0.243787 0.137278 0.001183 
0.001351 0.366216 0.001351 0.068919 0.163514 0.001351 0.001351 0.372973 0.014865 0.008108 
0.015068 0.035616 0.124658 0.001370 0.015068 0.001370 0.001370 0.624658 0.165753 0.015068 
0.001449 0.001449 0.001449 0.313043 0.371014 0.015942 0.001449 0.008696 0.284058 0.001449 
0.001299 0.001299 0.001299 0.572727 0.001299 0.105195 0.001299 0.312987 0.001299 0.001299 
0.001626 0.269919 0.042276 0.107317 0.017886 0.001626 0.001626 0.082927 0.473171 0.001626 
0.001587 0.303175 0.009524 0.001587 0.001587 0.001587 0.001587 0.382540 0.295238 0.001587 
0.001170 0.053801 0.270175 0.001170 0.001170 0.135673 0.001170 0.217544 0.170760 0.147368 
0.192105 0.534211 0.007895 0.086842 0.126316 0.001316 0.007895 0.040789 0.001316 0.001316 
0.055721 0.000995 0.000995 0.000995 0.010945 0.000995 0.000995 0.762189 0.165174 0.000995 
0.190099 0.001980 0.041584 0.704950 0.001980 0.001980 0.001980 0.001980 0.001980 0.051485 
0.001600 0.193600 0.009600 0.465600 0.017600 0.001600 0.001600 0.001600 0.305600 0.001600 
0.460920 0.001149 0.081609 0.006897 0.001149 0.001149 0.202299 0.110345 0.133333 0.001149 
0.038494 0.364854 0.000837 0.013389 0.000837 0.000837 0.088703 0.000837 0.490377 0.000837 
0.102415 0.580676 0.000966 0.000966 0.000966 0.000966 0.000966 0.000966 0.305314 0.005797 
0.102674 0.236364 0.001070 0.043850 0.001070 0.022460 0.011765 0.054545 0.525134 0.001070 
0.001143 0.001143 0.206857 0.001143 0.001143 0.104000 0.384000 0.218286 0.081143 0.001143 
0.001460 0.001460 0.001460 0.001460 0.001460 0.680292 0.016058 0.118248 0.162044 0.016058 
0.001274 0.676433 0.001274 0.026752 0.090446 0.007643 0.058599 0.001274 0.077707 0.058599 
0.008333 0.119444 0.223611 0.563889 0.001389 0.001389 0.022222 0.001389 0.001389 0.056944 
0.001471 0.001471 0.001471 0.795588 0.001471 0.001471 0.001471 0.001471 0.052941 0.141176 
0.001198 0.001198 0.001198 0.731737 0.001198 0.252695 0.001198 0.001198 0.001198 0.007186 
0.001527 0.001527 0.093130 0.596947 0.001527 0.192366 0.001527 0.009160 0.001527 0.100763 
0.001250 0.001250 0.113750 0.076250 0.001250 0.726250 0.007500 0.007500 0.001250 0.063750 
0.001010 0.021212 0.157576 0.632323 0.001010 0.011111 0.011111 0.001010 0.162626 0.001010 
0.017778 0.006667 0.001111 0.306667 0.001111 0.301111 0.090000 0.101111 0.173333 0.001111 
0.001227 0.050307 0.001227 0.001227 0.001227 0.117791 0.798773 0.001227 0.025767 0.001227 
0.000995 0.030846 0.000995 0.647761 0.100498 0.000995 0.000995 0.055721 0.105473 0.055721 
0.039252 0.001869 0.001869 0.076636 0.001869 0.796262 0.001869 0.076636 0.001869 0.001869 
0.047668 0.001036 0.011399 0.415544 0.187565 0.073575 0.260104 0.001036 0.001036 0.001036 
0.001439 0.325180 0.001439 0.001439 0.001439 0.282014 0.159712 0.174101 0.051799 0.001439 
0.001212 0.758788 0.001212 0.092121 0.001212 0.001212 0.080000 0.001212 0.001212 0.061818 
0.124691 0.260494 0.118519 0.149383 0.001235 0.001235 0.328395 0.007407 0.001235 0.007407 
0.028571 0.361905 0.001361 0.178231 0.008163 0.001361 0.001361 0.144218 0.021769 0.253061 
0.001198 0.001198 0.001198 0.731737 0.150898 0.001198 0.001198 0.091018 0.001198 0.019162 
0.112346 0.414815 0.130864 0.174074 0.001235 0.032099 0.001235 0.130864 0.001235 0.001235 
0.348936 0.476596 0.001418 0.001418 0.001418 0.022695 0.001418 0.129078 0.001418 0.015603 
0.101587 0.789418 0.001058 0.085714 0.001058 0.001058 0.001058 0.006349 0.001058 0.011640 
0.256872 0.579147 0.000948 0.005687 0.138389 0.000948 0.005687 0.005687 0.000948 0.005687 
0.463158 0.293567 0.071345 0.001170 0.065497 0.100585 0.001170 0.001170 0.001170 0.001170 
0.314583 0.418750 0.002083 0.002083 0.158333 0.002083 0.002083 0.002083 0.095833 0.002083 
0.008054 0.820134 0.014765 0.001342 0.001342 0.061745 0.055034 0.021477 0.014765 0.001342 
0.016931 0.434921 0.165079 0.001058 0.001058 0.001058 0.001058 0.217989 0.048677 0.112169 
0.215476 0.001190 0.661905 0.007143 0.042857 0.019048 0.001190 0.001190 0.013095 0.036905 
0.360000 0.374286 0.017143 0.202857 0.002857 0.031429 0.002857 0.002857 0.002857 0.002857 
0.796800 0.128800 0.000800 0.060800 0.000800 0.000800 0.000800 0.004800 0.004800 0.000800 
0.398198 0.127928 0.010811 0.001802 0.001802 0.001802 0.001802 0.001802 0.452252 0.001802 
0.164539 0.554610 0.001418 0.001418 0.263830 0.001418 0.001418 0.001418 0.008511 0.001418 
0.208889 0.253333 0.312593 0.082963 0.001481 0.016296 0.001481 0.001481 0.120000 0.001481 
0.110959 0.097260 0.528767 0.001370 0.001370 0.008219 0.001370 0.234247 0.015068 0.001370 
0.172381 0.024762 0.600952 0.010476 0.000952 0.000952 0.005714 0.177143 0.000952 0.005714 
0.528378 0.237838 0.116216 0.095946 0.001351 0.001351 0.001351 0.001351 0.014865 0.001351 
0.392308 0.392308 0.001282 0.167949 0.001282 0.001282 0.001282 0.033333 0.007692 0.001282 
0.001325 0.901987 0.001325 0.001325 0.001325 0.001325 0.007947 0.001325 0.080795 0.001325 
0.061654 0.918797 0.001504 0.009023 0.001504 0.001504 0.001504 0.001504 0.001504 0.001504 
0.001299 0.709091 0.274026 0.001299 0.001299 0.001299 0.001299 0.001299 0.007792 0.001299 
0.213793 0.506897 0.001149 0.001149 0.006897 0.001149 0.001149 0.001149 0.162069 0.104598 
0.447934 0.001653 0.505785 0.001653 0.009917 0.001653 0.001653 0.018182 0.009917 0.001653 
0.079739 0.569935 0.301961 0.001307 0.001307 0.001307 0.001307 0.040523 0.001307 0.001307 
0.522857 0.165714 0.001429 0.130000 0.001429 0.001429 0.001429 0.001429 0.165714 0.008571 
0.745600 0.041600 0.049600 0.001600 0.009600 0.001600 0.017600 0.129600 0.001600 0.001600 
0.129730 0.393243 0.291892 0.008108 0.062162 0.001351 0.001351 0.001351 0.095946 0.014865 
0.001429 0.865714 0.008571 0.001429 0.015714 0.001429 0.001429 0.001429 0.101429 0.001429 
0.082993 0.661224 0.001361 0.001361 0.001361 0.076190 0.001361 0.001361 0.157823 0.014966 
0.505263 0.129323 0.001504 0.181955 0.016541 0.039098 0.001504 0.001504 0.121805 0.001504 
0.671951 0.245122 0.056098 0.001220 0.013415 0.007317 0.001220 0.001220 0.001220 0.001220 
0.129231 0.195897 0.395897 0.006154 0.118974 0.001026 0.001026 0.149744 0.001026 0.001026 
0.001111 0.345556 0.028889 0.423333 0.045556 0.145556 0.006667 0.001111 0.001111 0.001111 
0.011458 0.308333 0.615625 0.001042 0.001042 0.001042 0.001042 0.058333 0.001042 0.001042 
0.158170 0.648366 0.020915 0.092810 0.001307 0.001307 0.014379 0.053595 0.007843 0.001307 
0.001379 0.891034 0.035862 0.008276 0.001379 0.001379 0.008276 0.028966 0.015172 0.008276 
0.155030 0.214201 0.291124 0.001183 0.001183 0.001183 0.001183 0.326627 0.007101 0.001183 
0.681967 0.009836 0.116393 0.001639 0.001639 0.157377 0.018033 0.001639 0.009836 0.001639 
0.009524 0.501587 0.009524 0.319048 0.136508 0.001587 0.001587 0.009524 0.001587 0.009524 
0.112593 0.008889 0.001481 0.468148 0.001481 0.008889 0.208889 0.008889 0.179259 0.001481 
0.100000 0.001639 0.001639 0.427869 0.452459 0.009836 0.001639 0.001639 0.001639 0.001639 
0.001681 0.001681 0.127731 0.136134 0.001681 0.018487 0.447059 0.018487 0.245378 0.001681 
0.001389 0.036111 0.348611 0.112500 0.001389 0.327778 0.168056 0.001389 0.001389 0.001389 
0.469930 0.015385 0.001399 0.001399 0.036364 0.008392 0.008392 0.001399 0.455944 0.001399 
0.036905 0.019048 0.001190 0.001190 0.066667 0.001190 0.042857 0.394048 0.435714 0.001190 
0.001099 0.501099 0.001099 0.001099 0.017582 0.012088 0.001099 0.001099 0.440659 0.023077 
0.000926 0.704630 0.000926 0.000926 0.005556 0.000926 0.000926 0.000926 0.283333 0.000926 
0.001274 0.912102 0.014013 0.039490 0.001274 0.001274 0.001274 0.001274 0.020382 0.007643 
0.001471 0.339706 0.126471 0.001471 0.008824 0.229412 0.001471 0.023529 0.266176 0.001471 
0.413235 0.192647 0.008824 0.008824 0.273529 0.067647 0.016176 0.016176 0.001471 0.001471 
0.343421 0.560526 0.047368 0.001316 0.040789 0.001316 0.001316 0.001316 0.001316 0.001316 
0.392481 0.587970 0.001504 0.001504 0.001504 0.001504 0.001504 0.009023 0.001504 0.001504 
0.010435 0.801739 0.149565 0.027826 0.001739 0.001739 0.001739 0.001739 0.001739 0.001739 
0.051397 0.615642 0.196648 0.001117 0.029050 0.001117 0.001117 0.101676 0.001117 0.001117 
0.591453 0.181197 0.095726 0.052991 0.001709 0.010256 0.010256 0.001709 0.001709 0.052991 
0.021622 0.812162 0.014865 0.001351 0.008108 0.028378 0.008108 0.028378 0.055405 0.021622 
0.057407 0.594444 0.075926 0.020370 0.020370 0.011111 0.001852 0.187037 0.001852 0.029630 
0.435165 0.001099 0.028571 0.001099 0.001099 0.001099 0.001099 0.418681 0.110989 0.001099 
0.030409 0.001170 0.001170 0.001170 0.001170 0.001170 0.001170 0.778947 0.001170 0.182456 
0.162733 0.063354 0.504348 0.057143 0.013665 0.001242 0.007453 0.001242 0.150311 0.038509 
0.233684 0.002105 0.002105 0.033684 0.002105 0.107368 0.002105 0.612632 0.002105 0.002105 
0.001481 0.786667 0.001481 0.008889 0.001481 0.001481 0.023704 0.001481 0.171852 0.001481 
0.001093 0.602186 0.001093 0.006557 0.012022 0.001093 0.001093 0.001093 0.318033 0.055738 
0.018644 0.332203 0.052542 0.001695 0.027119 0.001695 0.306780 0.154237 0.001695 0.103390 
0.259794 0.548454 0.022680 0.002062 0.012371 0.105155 0.002062 0.002062 0.043299 0.002062 
0.018182 0.012500 0.217045 0.001136 0.001136 0.006818 0.075000 0.086364 0.489773 0.092045 
0.001250 0.001250 0.045000 0.051250 0.232500 0.001250 0.020000 0.495000 0.120000 0.032500 
0.001212 0.649697 0.001212 0.001212 0.013333 0.001212 0.001212 0.001212 0.322424 0.007273 
0.001205 0.001205 0.013253 0.013253 0.007229 0.266265 0.001205 0.687952 0.007229 0.001205 
0.069697 0.016667 0.122727 0.009091 0.259091 0.001515 0.334848 0.183333 0.001515 0.001515 
0.001307 0.406536 0.001307 0.027451 0.001307 0.001307 0.027451 0.060131 0.458824 0.014379 
0.001449 0.204348 0.073913 0.001449 0.001449 0.160870 0.552174 0.001449 0.001449 0.001449 
0.001307 0.053595 0.001307 0.001307 0.001307 0.001307 0.086275 0.001307 0.726797 0.125490 
0.001250 0.001250 0.038750 0.007500 0.001250 0.001250 0.020000 0.151250 0.757500 0.020000 
0.001379 0.842759 0.001379 0.042759 0.001379 0.008276 0.001379 0.001379 0.097931 0.001379 
0.006742 0.180899 0.001124 0.051685 0.001124 0.001124 0.400000 0.001124 0.355056 0.001124 
0.284138 0.291034 0.015172 0.001379 0.256552 0.049655 0.001379 0.001379 0.001379 0.097931 
0.158427 0.001124 0.119101 0.001124 0.006742 0.001124 0.484270 0.147191 0.079775 0.001124 
0.001869 0.001869 0.001869 0.001869 0.039252 0.029907 0.637383 0.282243 0.001869 0.001869 
0.001493 0.568657 0.001493 0.016418 0.001493 0.001493 0.038806 0.001493 0.367164 0.001493 
0.025197 0.340157 0.001575 0.009449 0.159055 0.009449 0.056693 0.009449 0.387402 0.001575 
0.045528 0.045528 0.041463 0.000813 0.004878 0.000813 0.496748 0.049593 0.122764 0.191870 
0.137662 0.332468 0.001299 0.001299 0.001299 0.001299 0.222078 0.001299 0.287013 0.014286 
0.064968 0.001274 0.001274 0.001274 0.001274 0.307006 0.001274 0.014013 0.606369 0.001274 
0.001058 0.001058 0.307937 0.313228 0.001058 0.011640 0.207407 0.001058 0.154497 0.001058 
0.057143 0.442236 0.001242 0.286957 0.001242 0.001242 0.001242 0.001242 0.206211 0.001242 
0.479755 0.387730 0.001227 0.001227 0.001227 0.001227 0.001227 0.001227 0.123926 0.001227 
0.009375 0.009375 0.001563 0.009375 0.001563 0.001563 0.071875 0.079687 0.814063 0.001563 
0.001250 0.001250 0.001250 0.007500 0.001250 0.001250 0.007500 0.126250 0.851250 0.001250 
0.001379 0.001379 0.001379 0.084138 0.001379 0.132414 0.001379 0.001379 0.532414 0.242759 
0.008276 0.001379 0.001379 0.001379 0.077241 0.256552 0.035862 0.049655 0.566897 0.001379 
0.550704 0.001408 0.015493 0.001408 0.001408 0.001408 0.029577 0.395775 0.001408 0.001408 
0.208571 0.480000 0.015714 0.001429 0.001429 0.165714 0.001429 0.001429 0.122857 0.001429 
0.001818 0.010909 0.074545 0.001818 0.001818 0.001818 0.047273 0.001818 0.847273 0.010909 
0.001600 0.241600 0.001600 0.009600 0.001600 0.001600 0.001600 0.001600 0.721600 0.017600 
0.001000 0.131000 0.026000 0.001000 0.001000 0.001000 0.001000 0.651000 0.186000 0.001000 
0.001786 0.001786 0.001786 0.001786 0.001786 0.394643 0.385714 0.001786 0.207143 0.001786 
0.139362 0.001064 0.001064 0.001064 0.011702 0.346809 0.165957 0.203191 0.118085 0.011702 
0.524771 0.001835 0.111927 0.020183 0.001835 0.001835 0.011009 0.001835 0.322936 0.001835 
0.008333 0.195833 0.015278 0.022222 0.001389 0.001389 0.077778 0.001389 0.418056 0.258333 
0.200000 0.295890 0.097260 0.261644 0.097260 0.008219 0.001370 0.001370 0.001370 0.035616 
0.007692 0.001282 0.796154 0.097436 0.007692 0.065385 0.001282 0.007692 0.001282 0.014103 
0.318012 0.001242 0.473292 0.001242 0.001242 0.007453 0.001242 0.150311 0.044720 0.001242 
0.380460 0.552874 0.001149 0.029885 0.001149 0.024138 0.001149 0.001149 0.001149 0.006897 
0.007692 0.962821 0.001282 0.007692 0.001282 0.001282 0.001282 0.001282 0.001282 0.014103 
0.001290 0.543226 0.001290 0.001290 0.207742 0.143226 0.001290 0.001290 0.001290 0.098065 
0.198319 0.068067 0.664706 0.000840 0.000840 0.005042 0.000840 0.000840 0.055462 0.005042 
0.800000 0.084722 0.001389 0.001389 0.001389 0.001389 0.091667 0.001389 0.015278 0.001389 
0.001961 0.109804 0.796078 0.001961 0.001961 0.070588 0.001961 0.011765 0.001961 0.001961 
0.008824 0.398529 0.001471 0.008824 0.442647 0.001471 0.001471 0.001471 0.133824 0.001471 
0.062121 0.107576 0.206061 0.016667 0.001515 0.001515 0.001515 0.410606 0.100000 0.092424 
0.001515 0.327273 0.001515 0.001515 0.001515 0.016667 0.009091 0.001515 0.168182 0.471212 
0.010000 0.468333 0.010000 0.018333 0.001667 0.001667 0.001667 0.001667 0.118333 0.368333 
0.536471 0.165882 0.165882 0.024706 0.001176 0.042353 0.001176 0.001176 0.036471 0.024706 
0.442553 0.469149 0.017021 0.006383 0.001064 0.006383 0.001064 0.001064 0.054255 0.001064 
0.051977 0.718644 0.018079 0.001130 0.001130 0.023729 0.001130 0.023729 0.159322 0.001130 
0.000976 0.127805 0.000976 0.000976 0.361951 0.327805 0.000976 0.005854 0.171707 0.000976 
0.002151 0.367742 0.034409 0.002151 0.012903 0.410753 0.163441 0.002151 0.002151 0.002151 
0.012222 0.001111 0.156667 0.428889 0.001111 0.084444 0.284444 0.028889 0.001111 0.001111 
0.033684 0.002105 0.002105 0.002105 0.012632 0.465263 0.254737 0.002105 0.223158 0.002105 
0.006667 0.028889 0.012222 0.090000 0.001111 0.728889 0.001111 0.001111 0.128889 0.001111 
0.035374 0.130612 0.001361 0.355102 0.001361 0.001361 0.287075 0.055782 0.130612 0.001361 
0.507229 0.001205 0.001205 0.085542 0.001205 0.398795 0.001205 0.001205 0.001205 0.001205 
0.001786 0.001786 0.001786 0.144643 0.001786 0.841071 0.001786 0.001786 0.001786 0.001786 
0.005797 0.015459 0.010628 0.334300 0.000966 0.000966 0.015459 0.208696 0.334300 0.073430 
0.001130 0.193220 0.001130 0.131073 0.001130 0.012429 0.311864 0.001130 0.345763 0.001130 
0.007500 0.295000 0.645000 0.020000 0.001250 0.013750 0.013750 0.001250 0.001250 0.001250 
0.001754 0.001754 0.115789 0.036842 0.001754 0.773684 0.045614 0.010526 0.001754 0.010526 
0.174054 0.260541 0.011892 0.320000 0.001081 0.125405 0.001081 0.001081 0.103784 0.001081 
0.160000 0.001667 0.026667 0.285000 0.026667 0.260000 0.235000 0.001667 0.001667 0.001667 
0.001563 0.001563 0.298438 0.025000 0.001563 0.064062 0.485938 0.001563 0.103125 0.017188 
0.093103 0.001149 0.087356 0.001149 0.254023 0.001149 0.403448 0.001149 0.156322 0.001149 
0.428866 0.124742 0.021649 0.341237 0.006186 0.001031 0.001031 0.001031 0.001031 0.073196 
0.001563 0.009375 0.040625 0.001563 0.001563 0.868750 0.001563 0.064062 0.009375 0.001563 
0.001379 0.001379 0.008276 0.408276 0.035862 0.180690 0.235862 0.008276 0.118621 0.001379 
0.001515 0.009091 0.001515 0.092424 0.130303 0.009091 0.410606 0.001515 0.001515 0.342424 
0.001449 0.001449 0.001449 0.755072 0.001449 0.226087 0.008696 0.001449 0.001449 0.001449 
0.114516 0.195161 0.001613 0.420968 0.066129 0.001613 0.195161 0.001613 0.001613 0.001613 
0.012766 0.097872 0.076596 0.289362 0.480851 0.012766 0.023404 0.002128 0.002128 0.002128 
0.001299 0.007792 0.059740 0.157143 0.001299 0.007792 0.001299 0.020779 0.449351 0.293506 
0.001493 0.001493 0.285075 0.225373 0.001493 0.434328 0.046269 0.001493 0.001493 0.001493 
0.081720 0.011828 0.001075 0.398925 0.001075 0.001075 0.275269 0.011828 0.151613 0.065591 
0.045556 0.440000 0.001111 0.151111 0.001111 0.001111 0.001111 0.067778 0.245556 0.045556 
0.001667 0.001667 0.260000 0.010000 0.010000 0.226667 0.168333 0.318333 0.001667 0.001667 
0.001282 0.007692 0.001282 0.302564 0.142308 0.161538 0.193590 0.001282 0.001282 0.187179 
0.001626 0.017886 0.204878 0.261789 0.001626 0.001626 0.416260 0.001626 0.001626 0.091057 
0.002247 0.170787 0.002247 0.002247 0.002247 0.608989 0.002247 0.024719 0.002247 0.182022 
0.001770 0.001770 0.090265 0.435398 0.001770 0.081416 0.037168 0.081416 0.116814 0.152212 
0.001290 0.014194 0.001290 0.323871 0.317419 0.001290 0.194839 0.001290 0.143226 0.001290 
0.001575 0.001575 0.025197 0.166929 0.072441 0.725984 0.001575 0.001575 0.001575 0.001575 
0.001460 0.432117 0.424818 0.001460 0.008759 0.045255 0.059854 0.001460 0.023358 0.001460 
0.002353 0.061176 0.025882 0.002353 0.072941 0.002353 0.625882 0.202353 0.002353 0.002353 
0.150575 0.001149 0.116092 0.127586 0.288506 0.029885 0.001149 0.167816 0.001149 0.116092 
0.006557 0.001093 0.001093 0.897268 0.044809 0.006557 0.001093 0.012022 0.006557 0.022951 
0.011765 0.001961 0.011765 0.923529 0.001961 0.001961 0.001961 0.041176 0.001961 0.001961 
0.001835 0.001835 0.066055 0.387156 0.001835 0.249541 0.203670 0.084404 0.001835 0.001835 
0.444262 0.444262 0.001639 0.001639 0.018033 0.042623 0.009836 0.034426 0.001639 0.001639 
0.008824 0.575000 0.133824 0.089706 0.119118 0.001471 0.001471 0.008824 0.001471 0.060294 
0.033766 0.475325 0.429870 0.001299 0.020779 0.001299 0.001299 0.033766 0.001299 0.001299 
0.043662 0.726761 0.135211 0.001408 0.001408 0.001408 0.001408 0.001408 0.071831 0.015493 
0.297959 0.134694 0.002041 0.012245 0.318367 0.002041 0.002041 0.002041 0.226531 0.002041 
0.724370 0.220168 0.001681 0.001681 0.001681 0.001681 0.001681 0.010084 0.001681 0.035294 
0.839024 0.001626 0.001626 0.042276 0.001626 0.001626 0.001626 0.001626 0.107317 0.001626 
0.402198 0.001099 0.264835 0.220879 0.056044 0.017582 0.028571 0.001099 0.006593 0.001099 
0.001818 0.474545 0.001818 0.001818 0.247273 0.247273 0.001818 0.001818 0.020000 0.001818 
0.719231 0.001282 0.148718 0.001282 0.033333 0.039744 0.001282 0.052564 0.001282 0.001282 
0.877876 0.054867 0.001770 0.010619 0.001770 0.001770 0.001770 0.001770 0.001770 0.046018 
0.126923 0.578846 0.011538 0.001923 0.213462 0.050000 0.001923 0.011538 0.001923 0.001923 
0.099029 0.836893 0.001942 0.001942 0.001942 0.001942 0.001942 0.021359 0.021359 0.011650 
0.020755 0.690566 0.001887 0.011321 0.133962 0.030189 0.030189 0.001887 0.001887 0.077358 
0.175000 0.251389 0.001389 0.133333 0.001389 0.001389 0.341667 0.001389 0.001389 0.091667 
0.831447 0.127044 0.007547 0.001258 0.001258 0.007547 0.001258 0.020126 0.001258 0.001258 
0.001515 0.690909 0.001515 0.001515 0.001515 0.168182 0.001515 0.062121 0.009091 0.062121 
0.256383 0.735106 0.001064 0.001064 0.001064 0.001064 0.001064 0.001064 0.001064 0.001064 
0.878462 0.024615 0.078462 0.001538 0.001538 0.001538 0.001538 0.001538 0.009231 0.001538 
0.672857 0.001429 0.015714 0.008571 0.244286 0.001429 0.001429 0.001429 0.051429 0.001429 
0.693706 0.001399 0.127273 0.008392 0.001399 0.001399 0.008392 0.134266 0.001399 0.022378 
0.001504 0.663158 0.204511 0.001504 0.001504 0.121805 0.001504 0.001504 0.001504 0.001504 
0.001681 0.791597 0.060504 0.026891 0.001681 0.001681 0.001681 0.001681 0.110924 0.001681 
0.001235 0.920988 0.050617 0.007407 0.001235 0.001235 0.001235 0.001235 0.013580 0.001235 
0.002041 0.542857 0.002041 0.012245 0.002041 0.002041 0.002041 0.012245 0.420408 0.002041 
0.875630 0.018487 0.001681 0.001681 0.010084 0.010084 0.010084 0.010084 0.010084 0.052101 
0.178049 0.434146 0.123171 0.001220 0.001220 0.153659 0.037805 0.001220 0.001220 0.068293 
0.001786 0.421429 0.001786 0.126786 0.001786 0.001786 0.001786 0.055357 0.376786 0.010714 
0.415714 0.372857 0.201429 0.001429 0.001429 0.001429 0.001429 0.001429 0.001429 0.001429 
0.029371 0.847552 0.015385 0.001399 0.001399 0.015385 0.001399 0.057343 0.029371 0.001399 
0.704828 0.091034 0.001379 0.015172 0.001379 0.001379 0.001379 0.001379 0.153103 0.028966 
0.268085 0.300000 0.002128 0.225532 0.002128 0.002128 0.002128 0.002128 0.193617 0.002128 
0.012121 0.880808 0.042424 0.002020 0.002020 0.002020 0.002020 0.032323 0.022222 0.002020 
0.529167 0.258333 0.001389 0.001389 0.015278 0.001389 0.008333 0.084722 0.001389 0.098611 
0.128169 0.233803 0.353521 0.191549 0.001408 0.001408 0.001408 0.085915 0.001408 0.001408 
0.016794 0.627481 0.001527 0.283969 0.001527 0.009160 0.001527 0.054962 0.001527 0.001527 
0.222059 0.200000 0.067647 0.332353 0.001471 0.001471 0.038235 0.001471 0.119118 0.016176 
0.001379 0.118621 0.346207 0.070345 0.056552 0.249655 0.035862 0.056552 0.022069 0.042759 
0.077273 0.736364 0.024242 0.001515 0.001515 0.115152 0.001515 0.009091 0.001515 0.031818 
0.001143 0.349714 0.001143 0.001143 0.612571 0.012571 0.001143 0.018286 0.001143 0.001143 
0.864384 0.028767 0.001370 0.001370 0.001370 0.090411 0.001370 0.001370 0.001370 0.008219 
0.051397 0.906145 0.001117 0.001117 0.001117 0.001117 0.001117 0.023464 0.001117 0.012291 
0.364935 0.611688 0.001299 0.001299 0.001299 0.014286 0.001299 0.001299 0.001299 0.001299 
0.001493 0.762687 0.001493 0.008955 0.001493 0.195522 0.001493 0.008955 0.016418 0.001493 
0.294737 0.001504 0.016541 0.001504 0.001504 0.076692 0.016541 0.324812 0.264662 0.001504 
0.107018 0.001754 0.001754 0.001754 0.010526 0.001754 0.001754 0.203509 0.668421 0.001754 
0.678788 0.002020 0.002020 0.002020 0.012121 0.294949 0.002020 0.002020 0.002020 0.002020 
0.212676 0.585915 0.008451 0.001408 0.057746 0.001408 0.022535 0.085915 0.001408 0.022535 
0.121154 0.385577 0.005769 0.005769 0.015385 0.000962 0.000962 0.342308 0.015385 0.106731 
0.001399 0.001399 0.001399 0.001399 0.008392 0.015385 0.008392 0.812587 0.148252 0.001399 
0.083505 0.006186 0.769072 0.001031 0.006186 0.001031 0.001031 0.124742 0.006186 0.001031 
0.125466 0.367702 0.001242 0.001242 0.001242 0.187578 0.001242 0.293168 0.001242 0.019876 
0.481081 0.008108 0.001351 0.008108 0.001351 0.001351 0.001351 0.102703 0.001351 0.393243 
0.001042 0.688542 0.068750 0.001042 0.006250 0.001042 0.001042 0.157292 0.001042 0.073958 
0.001333 0.588000 0.214667 0.001333 0.001333 0.181333 0.001333 0.001333 0.001333 0.008000 
0.051064 0.285106 0.512057 0.008511 0.001418 0.001418 0.001418 0.136170 0.001418 0.001418 
0.001111 0.506667 0.001111 0.206667 0.001111 0.001111 0.001111 0.273333 0.006667 0.001111 
0.001042 0.001042 0.094792 0.001042 0.001042 0.032292 0.079167 0.355208 0.282292 0.152083 
0.007229 0.657831 0.001205 0.019277 0.230120 0.019277 0.001205 0.001205 0.061446 0.001205 
0.001429 0.137143 0.115714 0.001429 0.001429 0.008571 0.280000 0.222857 0.015714 0.215714 
0.008451 0.001408 0.205634 0.001408 0.001408 0.374648 0.226761 0.057746 0.008451 0.114085 
0.025926 0.402469 0.001235 0.007407 0.001235 0.149383 0.001235 0.118519 0.001235 0.291358 
0.001176 0.001176 0.560000 0.001176 0.001176 0.218824 0.001176 0.207059 0.007059 0.001176 
0.001190 0.352381 0.030952 0.352381 0.066667 0.179762 0.007143 0.001190 0.007143 0.001190 
0.314667 0.268000 0.001333 0.001333 0.008000 0.001333 0.001333 0.001333 0.221333 0.181333 
0.186301 0.727397 0.001370 0.001370 0.001370 0.001370 0.056164 0.001370 0.001370 0.021918 
0.001105 0.525967 0.001105 0.006630 0.001105 0.249724 0.045304 0.106077 0.056354 0.006630 
0.373451 0.001770 0.010619 0.196460 0.001770 0.001770 0.107965 0.001770 0.302655 0.001770 
0.385507 0.218841 0.211594 0.023188 0.124638 0.001449 0.001449 0.015942 0.001449 0.015942 
0.001111 0.390000 0.001111 0.301111 0.001111 0.001111 0.001111 0.251111 0.051111 0.001111 
0.001176 0.001176 0.030588 0.007059 0.136471 0.454118 0.048235 0.277647 0.042353 0.001176 
0.190566 0.001887 0.133962 0.001887 0.001887 0.039623 0.011321 0.190566 0.001887 0.426415 
0.001439 0.382734 0.346763 0.008633 0.001439 0.008633 0.001439 0.001439 0.044604 0.202878 
0.002105 0.317895 0.002105 0.002105 0.412632 0.023158 0.023158 0.002105 0.107368 0.107368 
0.006742 0.130337 0.113483 0.001124 0.023596 0.102247 0.001124 0.017978 0.006742 0.596629 
0.001290 0.078710 0.459355 0.001290 0.020645 0.059355 0.001290 0.033548 0.014194 0.330323 
0.002128 0.044681 0.002128 0.034043 0.002128 0.246809 0.002128 0.002128 0.002128 0.661702 
0.001299 0.280519 0.001299 0.001299 0.001299 0.001299 0.001299 0.001299 0.215584 0.494805 
0.212500 0.001563 0.032813 0.087500 0.071875 0.009375 0.001563 0.001563 0.001563 0.579688 
0.001212 0.473939 0.170909 0.001212 0.001212 0.001212 0.001212 0.013333 0.037576 0.298182 
0.001342 0.001342 0.001342 0.162416 0.028188 0.363758 0.162416 0.061745 0.001342 0.216107 
0.001481 0.445926 0.001481 0.001481 0.001481 0.053333 0.038519 0.001481 0.008889 0.445926 
0.216667 0.286111 0.001389 0.008333 0.147222 0.001389 0.008333 0.050000 0.001389 0.279167 
0.025610 0.007317 0.019512 0.190244 0.580488 0.007317 0.001220 0.001220 0.001220 0.165854 
0.001299 0.637662 0.020779 0.001299 0.001299 0.085714 0.001299 0.001299 0.001299 0.248052 
0.061194 0.001493 0.262687 0.001493 0.001493 0.001493 0.008955 0.038806 0.061194 0.561194 
0.001015 0.001015 0.001015 0.016244 0.691371 0.026396 0.001015 0.001015 0.097462 0.163452 
0.362651 0.097590 0.019277 0.007229 0.374699 0.109639 0.001205 0.001205 0.025301 0.001205 
0.001087 0.001087 0.001087 0.001087 0.245652 0.001087 0.039130 0.039130 0.669565 0.001087 
0.001493 0.508955 0.046269 0.001493 0.367164 0.001493 0.001493 0.001493 0.001493 0.068657 
0.122581 0.445161 0.001613 0.001613 0.267742 0.001613 0.050000 0.041935 0.017742 0.050000 
0.001170 0.129825 0.001170 0.053801 0.802339 0.007018 0.001170 0.001170 0.001170 0.001170 
0.594074 0.142222 0.023704 0.001481 0.149630 0.001481 0.075556 0.001481 0.008889 0.001481 
0.160000 0.125517 0.201379 0.208276 0.022069 0.139310 0.001379 0.001379 0.125517 0.015172 
0.001026 0.077949 0.072821 0.006154 0.067692 0.160000 0.001026 0.011282 0.001026 0.601026 
0.001613 0.477419 0.082258 0.001613 0.308065 0.001613 0.001613 0.001613 0.001613 0.122581 
0.007186 0.270659 0.001198 0.001198 0.120958 0.001198 0.013174 0.001198 0.384431 0.198802 
0.122727 0.062121 0.001515 0.016667 0.365152 0.016667 0.001515 0.001515 0.403030 0.009091 
0.090196 0.001961 0.247059 0.011765 0.590196 0.050980 0.001961 0.001961 0.001961 0.001961 
0.001250 0.526250 0.057500 0.001250 0.063750 0.001250 0.001250 0.032500 0.038750 0.276250 
0.001099 0.248352 0.001099 0.001099 0.193407 0.001099 0.001099 0.001099 0.490110 0.061538 
0.001818 0.001818 0.001818 0.001818 0.265455 0.065455 0.001818 0.010909 0.638182 0.010909 
0.026582 0.418987 0.001266 0.001266 0.254430 0.007595 0.001266 0.007595 0.222785 0.058228 
0.181333 0.001333 0.054667 0.208000 0.274667 0.001333 0.001333 0.134667 0.001333 0.141333 
0.009600 0.065600 0.001600 0.001600 0.697600 0.001600 0.001600 0.145600 0.049600 0.025600 
0.019820 0.001802 0.308108 0.001802 0.001802 0.001802 0.082883 0.145946 0.001802 0.434234 
0.080000 0.568889 0.002222 0.002222 0.002222 0.224444 0.002222 0.102222 0.002222 0.013333 
0.014103 0.167949 0.001282 0.001282 0.058974 0.385897 0.001282 0.116667 0.225641 0.026923 
0.001333 0.001333 0.001333 0.134667 0.668000 0.001333 0.001333 0.014667 0.174667 0.001333 
0.831293 0.062585 0.055782 0.008163 0.035374 0.001361 0.001361 0.001361 0.001361 0.001361 
0.114085 0.445070 0.071831 0.001408 0.360563 0.001408 0.001408 0.001408 0.001408 0.001408 
0.001227 0.823313 0.050307 0.001227 0.007362 0.050307 0.019632 0.007362 0.038037 0.001227 
0.001923 0.001923 0.059615 0.886538 0.001923 0.001923 0.040385 0.001923 0.001923 0.001923 
0.017600 0.001600 0.057600 0.561600 0.017600 0.001600 0.193600 0.001600 0.033600 0.113600 
0.001563 0.587500 0.001563 0.087500 0.001563 0.103125 0.009375 0.001563 0.204687 0.001563 
0.001504 0.114286 0.024060 0.452632 0.001504 0.001504 0.001504 0.392481 0.001504 0.009023 
0.001653 0.051240 0.018182 0.150413 0.001653 0.158678 0.001653 0.001653 0.588430 0.026446 
0.001205 0.001205 0.001205 0.928916 0.001205 0.007229 0.001205 0.001205 0.055422 0.001205 
0.025767 0.013497 0.025767 0.884663 0.007362 0.001227 0.013497 0.007362 0.019632 0.001227 
0.001299 0.001299 0.001299 0.884416 0.040260 0.001299 0.046753 0.001299 0.001299 0.020779 
0.001626 0.107317 0.001626 0.286179 0.001626 0.001626 0.009756 0.009756 0.521951 0.058537 
0.001869 0.011215 0.029907 0.300935 0.001869 0.282243 0.132710 0.160748 0.076636 0.001869 
0.008108 0.001351 0.001351 0.609459 0.001351 0.008108 0.001351 0.062162 0.210811 0.095946 
0.294737 0.001504 0.001504 0.249624 0.016541 0.001504 0.001504 0.219549 0.212030 0.001504 
0.001695 0.027119 0.035593 0.908475 0.018644 0.001695 0.001695 0.001695 0.001695 0.001695 
0.001205 0.001205 0.001205 0.525301 0.019277 0.001205 0.001205 0.001205 0.206024 0.242169 
0.001170 0.030409 0.053801 0.673684 0.007018 0.059649 0.001170 0.001170 0.170760 0.001170 
0.007947 0.007947 0.001325 0.921854 0.007947 0.021192 0.021192 0.001325 0.001325 0.007947 
0.095858 0.078107 0.001183 0.598817 0.084024 0.018935 0.095858 0.018935 0.001183 0.007101 
0.001563 0.001563 0.001563 0.579688 0.025000 0.001563 0.001563 0.384375 0.001563 0.001563 
0.001695 0.001695 0.145763 0.272881 0.264407 0.027119 0.001695 0.255932 0.027119 0.001695 
0.045614 0.028070 0.142105 0.291228 0.221053 0.001754 0.001754 0.001754 0.247368 0.019298 
0.001439 0.008633 0.008633 0.008633 0.001439 0.023022 0.001439 0.929496 0.015827 0.001439 
0.098507 0.001493 0.001493 0.367164 0.001493 0.001493 0.061194 0.135821 0.001493 0.329851 
0.001064 0.022340 0.187234 0.692553 0.032979 0.001064 0.059574 0.001064 0.001064 0.001064 
0.001111 0.006667 0.001111 0.473333 0.234444 0.001111 0.034444 0.001111 0.006667 0.240000 
0.001408 0.001408 0.001408 0.205634 0.001408 0.001408 0.001408 0.783099 0.001408 0.001408 
0.001136 0.001136 0.120455 0.762500 0.023864 0.001136 0.006818 0.018182 0.001136 0.063636 
0.206211 0.001242 0.001242 0.007453 0.001242 0.175155 0.280745 0.318012 0.007453 0.001242 
0.019876 0.013665 0.473292 0.088199 0.144099 0.001242 0.032298 0.044720 0.001242 0.181366 
0.462722 0.267456 0.001183 0.078107 0.107692 0.007101 0.007101 0.001183 0.066272 0.001183 
0.634188 0.189744 0.044444 0.035897 0.078632 0.001709 0.001709 0.001709 0.010256 0.001709 
0.008451 0.001408 0.205634 0.163380 0.135211 0.050704 0.128169 0.156338 0.121127 0.029577 
0.007500 0.038750 0.001250 0.251250 0.001250 0.395000 0.063750 0.101250 0.001250 0.138750 
0.118129 0.164912 0.024561 0.001170 0.012865 0.001170 0.042105 0.416374 0.007018 0.211696 
0.324551 0.426347 0.001198 0.031138 0.001198 0.001198 0.001198 0.120958 0.001198 0.091018 
0.076636 0.899065 0.001869 0.001869 0.001869 0.011215 0.001869 0.001869 0.001869 0.001869 
0.457919 0.000905 0.295023 0.000905 0.019005 0.213575 0.000905 0.009955 0.000905 0.000905 
0.001626 0.001626 0.001626 0.196748 0.001626 0.017886 0.115447 0.538211 0.001626 0.123577 
0.846809 0.006383 0.001064 0.001064 0.128723 0.001064 0.001064 0.001064 0.011702 0.001064 
0.748000 0.008000 0.001333 0.001333 0.221333 0.001333 0.001333 0.008000 0.001333 0.008000 
0.277241 0.001379 0.697931 0.001379 0.001379 0.001379 0.001379 0.001379 0.015172 0.001379 
0.427273 0.523864 0.006818 0.001136 0.006818 0.001136 0.001136 0.023864 0.006818 0.001136 
0.652349 0.008054 0.001342 0.014765 0.008054 0.088591 0.008054 0.216107 0.001342 0.001342 
0.011009 0.377982 0.075229 0.020183 0.038532 0.130275 0.157798 0.185321 0.001835 0.001835 
0.275159 0.014013 0.007643 0.319745 0.045860 0.007643 0.192357 0.084076 0.007643 0.045860 
0.372327 0.007547 0.145912 0.032704 0.001258 0.001258 0.001258 0.416352 0.020126 0.001258 
0.817178 0.105521 0.001227 0.001227 0.013497 0.001227 0.001227 0.056442 0.001227 0.001227 
0.402817 0.121127 0.001408 0.001408 0.261972 0.022535 0.015493 0.001408 0.142254 0.029577 
0.336646 0.318012 0.001242 0.001242 0.069565 0.001242 0.001242 0.001242 0.001242 0.268323 
0.083019 0.422642 0.001258 0.001258 0.001258 0.007547 0.070440 0.410063 0.001258 0.001258 
0.124022 0.017877 0.196648 0.006704 0.632402 0.001117 0.001117 0.001117 0.017877 0.001117 
0.646835 0.051899 0.292405 0.001266 0.001266 0.001266 0.001266 0.001266 0.001266 0.001266 
0.001250 0.001250 0.332500 0.163750 0.001250 0.113750 0.045000 0.001250 0.338750 0.001250 
0.026415 0.252830 0.491824 0.076730 0.032704 0.001258 0.001258 0.114465 0.001258 0.001258 
0.690244 0.068293 0.025610 0.062195 0.001220 0.001220 0.007317 0.141463 0.001220 0.001220 
0.001156 0.642775 0.001156 0.001156 0.006936 0.001156 0.030058 0.284393 0.001156 0.030058 
0.570455 0.150000 0.036364 0.059091 0.161364 0.002273 0.002273 0.002273 0.002273 0.013636 
0.336986 0.001370 0.042466 0.028767 0.001370 0.001370 0.021918 0.528767 0.035616 0.001370 
0.163006 0.001156 0.001156 0.001156 0.001156 0.105202 0.041618 0.428902 0.001156 0.255491 
0.068657 0.329851 0.001493 0.128358 0.329851 0.001493 0.008955 0.016418 0.105970 0.008955 
0.001342 0.001342 0.175839 0.242953 0.001342 0.008054 0.296644 0.135570 0.135570 0.001342 
0.323497 0.290710 0.088525 0.001093 0.001093 0.001093 0.001093 0.028415 0.006557 0.257923 
0.596947 0.047328 0.009160 0.001527 0.009160 0.138931 0.001527 0.032061 0.001527 0.161832 
0.105814 0.001163 0.105814 0.570930 0.001163 0.059302 0.111628 0.024419 0.018605 0.001163 
0.088889 0.017460 0.207937 0.311111 0.001587 0.073016 0.001587 0.001587 0.001587 0.295238 
0.527820 0.324812 0.001504 0.084211 0.001504 0.001504 0.009023 0.001504 0.046617 0.001504 
0.325490 0.001961 0.001961 0.276471 0.286275 0.001961 0.090196 0.011765 0.001961 0.001961 
0.101250 0.438750 0.338750 0.088750 0.013750 0.001250 0.013750 0.001250 0.001250 0.001250 
0.737838 0.001351 0.062162 0.075676 0.001351 0.001351 0.001351 0.116216 0.001351 0.001351 
0.302740 0.001370 0.001370 0.008219 0.405479 0.124658 0.090411 0.008219 0.001370 0.056164 
0.176642 0.001460 0.118248 0.344526 0.118248 0.001460 0.001460 0.001460 0.235036 0.001460 
0.018487 0.211765 0.119328 0.547899 0.094118 0.001681 0.001681 0.001681 0.001681 0.001681 
0.000917 0.000917 0.000917 0.000917 0.000917 0.083486 0.000917 0.000917 0.656881 0.253211 
0.001143 0.001143 0.224000 0.001143 0.001143 0.761143 0.001143 0.001143 0.006857 0.001143 
0.001220 0.507317 0.001220 0.001220 0.031707 0.342683 0.001220 0.001220 0.013415 0.098780 
0.001408 0.107042 0.261972 0.001408 0.001408 0.135211 0.036620 0.233803 0.219718 0.001408 
0.015842 0.347525 0.000990 0.000990 0.560396 0.000990 0.060396 0.005941 0.000990 0.005941 
0.451813 0.001036 0.006218 0.001036 0.001036 0.001036 0.001036 0.456995 0.001036 0.078756 
0.130864 0.359259 0.001235 0.001235 0.124691 0.001235 0.001235 0.279012 0.100000 0.001235 
