0.002631578947368421 0.002631578947368421 0.002631578947368421 0.25263157894736843 0.002631578947368421 0.7263157894736842 0.002631578947368421 0.002631578947368421 0.002631578947368421 0.002631578947368421 
0.0044444444444444444 0.026666666666666665 0.0044444444444444444 0.026666666666666665 0.20444444444444443 0.0044444444444444444 0.0044444444444444444 0.4488888888888889 0.0044444444444444444 0.2711111111111111 
0.04 0.0025 0.0025 0.7025 0.0025 0.0025 0.0025 0.04 0.0025 0.20249999999999999 
0.023333333333333334 0.5288888888888889 0.0011111111111111111 0.0011111111111111111 0.0011111111111111111 0.0011111111111111111 0.0011111111111111111 0.012222222222222223 0.3788888888888889 0.05111111111111111 
4.37636761487965E-4 0.6043763676148797 0.04857768052516411 0.23676148796498905 4.37636761487965E-4 0.044201312910284465 4.37636761487965E-4 4.37636761487965E-4 0.01137855579868709 0.052954048140043765 
6.430868167202572E-4 6.430868167202572E-4 0.013504823151125403 6.430868167202572E-4 6.430868167202572E-4 0.9652733118971061 0.00707395498392283 6.430868167202572E-4 6.430868167202572E-4 0.010289389067524116 
0.04586776859504132 0.8268595041322314 0.004545454545454546 0.019008264462809916 4.132231404958678E-4 0.0128099173553719 4.132231404958678E-4 0.0024793388429752063 0.0871900826446281 4.132231404958678E-4 
0.09350649350649351 0.19740259740259739 0.0025974025974025974 0.015584415584415584 0.04155844155844156 0.0025974025974025974 0.0025974025974025974 0.15844155844155844 0.08051948051948052 0.40519480519480516 
8.733624454148472E-4 0.8174672489082969 0.022707423580786028 8.733624454148472E-4 8.733624454148472E-4 8.733624454148472E-4 0.005240174672489083 0.04890829694323144 0.018340611353711792 0.08384279475982533 
0.006666666666666667 0.04 0.006666666666666667 0.006666666666666667 0.006666666666666667 0.006666666666666667 0.006666666666666667 0.006666666666666667 0.006666666666666667 0.9066666666666666 
0.0029850746268656717 0.0029850746268656717 0.0029850746268656717 0.0029850746268656717 0.01791044776119403 0.032835820895522394 0.5104477611940299 0.0029850746268656717 0.0029850746268656717 0.4208955223880597 
0.0017543859649122807 0.0017543859649122807 0.756140350877193 0.0017543859649122807 0.0017543859649122807 0.0017543859649122807 0.0017543859649122807 0.010526315789473684 0.01929824561403509 0.20350877192982456 
9.049773755656109E-4 9.049773755656109E-4 9.049773755656109E-4 0.014479638009049774 9.049773755656109E-4 0.10497737556561086 9.049773755656109E-4 9.049773755656109E-4 0.5665158371040724 0.3085972850678733 
3.3955857385398983E-4 0.03769100169779287 0.019015280135823428 0.010526315789473684 3.3955857385398983E-4 0.10050933786078099 3.3955857385398983E-4 0.8220713073005094 3.3955857385398983E-4 0.008828522920203736 
0.0025974025974025974 0.0025974025974025974 0.0025974025974025974 0.0025974025974025974 0.0025974025974025974 0.0025974025974025974 0.0025974025974025974 0.37922077922077924 0.4311688311688312 0.17142857142857143 
0.0015503875968992248 0.0015503875968992248 0.0015503875968992248 0.7147286821705426 0.0015503875968992248 0.0015503875968992248 0.009302325581395349 0.03255813953488372 0.0015503875968992248 0.23410852713178293 
0.002380952380952381 0.002380952380952381 0.002380952380952381 0.002380952380952381 0.002380952380952381 0.6928571428571428 0.002380952380952381 0.002380952380952381 0.002380952380952381 0.28809523809523807 
0.005225653206650832 0.005225653206650832 4.7505938242280285E-4 4.7505938242280285E-4 0.00997624703087886 0.30213776722090263 0.39952494061757715 4.7505938242280285E-4 4.7505938242280285E-4 0.27600950118764844 
0.003125 0.003125 0.003125 0.034375 0.01875 0.003125 0.003125 0.003125 0.05 0.878125 
0.5963015647226173 2.844950213371266E-4 2.844950213371266E-4 0.14679943100995732 0.0017069701280227596 2.844950213371266E-4 0.028733997155049786 0.004551920341394026 2.844950213371266E-4 0.22076813655761024 
0.0024390243902439024 0.0024390243902439024 0.014634146341463414 0.0024390243902439024 0.0024390243902439024 0.0024390243902439024 0.0024390243902439024 0.02682926829268293 0.0024390243902439024 0.9414634146341464 
8.368200836820084E-4 0.15146443514644353 0.09288702928870293 0.042677824267782424 0.009205020920502092 0.00502092050209205 0.2686192468619247 0.025941422594142262 8.368200836820084E-4 0.40251046025104603 
0.4565349544072948 6.079027355623101E-4 0.04620060790273556 0.23161094224924014 0.00364741641337386 0.00364741641337386 6.079027355623101E-4 0.006686930091185411 6.079027355623101E-4 0.24984802431610942 
6.734006734006734E-4 0.12188552188552189 0.12525252525252525 0.03771043771043771 6.734006734006734E-4 0.10841750841750843 0.024242424242424242 0.024242424242424242 0.5494949494949495 0.007407407407407408 
0.001639344262295082 0.15737704918032785 0.29672131147540987 0.001639344262295082 0.15737704918032785 0.02622950819672131 0.001639344262295082 0.018032786885245903 0.19836065573770492 0.14098360655737704 
2.2396416573348266E-4 2.2396416573348266E-4 2.2396416573348266E-4 2.2396416573348266E-4 0.987905935050392 2.2396416573348266E-4 2.2396416573348266E-4 0.0013437849944008958 0.009182530795072788 2.2396416573348266E-4 
0.006060606060606061 0.06666666666666667 0.006060606060606061 0.6727272727272727 0.006060606060606061 0.1575757575757576 0.006060606060606061 0.006060606060606061 0.06666666666666667 0.006060606060606061 
6.349206349206349E-4 0.09904761904761905 0.06095238095238095 0.02603174603174603 6.349206349206349E-4 0.022857142857142857 0.06095238095238095 0.1053968253968254 0.6228571428571428 6.349206349206349E-4 
0.001639344262295082 0.001639344262295082 0.05081967213114754 0.7721311475409837 0.03442622950819672 0.001639344262295082 0.10819672131147541 0.001639344262295082 0.009836065573770491 0.018032786885245903 
0.002702702702702703 0.002702702702702703 0.002702702702702703 0.002702702702702703 0.002702702702702703 0.5837837837837838 0.002702702702702703 0.043243243243243246 0.327027027027027 0.02972972972972973 
0.008695652173913044 0.008695652173913044 0.26956521739130435 0.008695652173913044 0.008695652173913044 0.008695652173913044 0.008695652173913044 0.008695652173913044 0.6608695652173913 0.008695652173913044 
0.06183206106870229 0.5045801526717557 0.012213740458015267 0.012213740458015267 7.633587786259542E-4 0.17251908396946566 7.633587786259542E-4 0.004580152671755725 0.008396946564885497 0.2221374045801527 
0.04489795918367347 0.024489795918367346 0.004081632653061225 0.004081632653061225 0.04489795918367347 0.004081632653061225 0.004081632653061225 0.004081632653061225 0.004081632653061225 0.8612244897959185 
0.0036363636363636364 0.021818181818181816 0.021818181818181816 0.0036363636363636364 0.0036363636363636364 0.0036363636363636364 0.07636363636363637 0.6945454545454546 0.16727272727272727 0.0036363636363636364 
0.0025974025974025974 0.10649350649350649 0.05454545454545455 0.028571428571428574 0.0025974025974025974 0.0025974025974025974 0.015584415584415584 0.15844155844155844 0.5350649350649351 0.09350649350649351 
6.269592476489029E-4 6.269592476489029E-4 6.269592476489029E-4 6.269592476489029E-4 0.044514106583072095 0.010031347962382446 0.003761755485893417 0.9316614420062695 0.006896551724137932 6.269592476489029E-4 
0.002105263157894737 0.002105263157894737 0.002105263157894737 0.002105263157894737 0.002105263157894737 0.05473684210526316 0.04421052631578948 0.002105263157894737 0.002105263157894737 0.8863157894736843 
0.0012121212121212121 0.04363636363636364 0.013333333333333334 0.0012121212121212121 0.0012121212121212121 0.0012121212121212121 0.04363636363636364 0.04363636363636364 0.8496969696969696 0.0012121212121212121 
0.035483870967741936 0.0032258064516129032 0.0032258064516129032 0.0032258064516129032 0.0032258064516129032 0.0032258064516129032 0.0032258064516129032 0.0032258064516129032 0.0032258064516129032 0.9387096774193548 
0.3354166666666667 0.075 0.21041666666666667 0.0020833333333333333 0.0020833333333333333 0.0020833333333333333 0.0020833333333333333 0.0020833333333333333 0.0020833333333333333 0.3666666666666667 
0.0025 0.0025 0.0025 0.1525 0.0025 0.065 0.015 0.0025 0.5775 0.1775 
0.4341772151898734 0.0037974683544303796 0.0037974683544303796 6.329113924050633E-4 6.329113924050633E-4 0.1968354430379747 0.3518987341772152 6.329113924050633E-4 6.329113924050633E-4 0.006962025316455697 
0.015 0.0025 0.015 0.765 0.0025 0.0025 0.04 0.0025 0.0025 0.1525 
5.649717514124294E-4 0.3677966101694915 5.649717514124294E-4 0.09661016949152543 0.09661016949152543 0.11073446327683617 0.09378531073446328 0.07966101694915254 0.13050847457627118 0.0231638418079096 
4.3010752688172043E-4 4.3010752688172043E-4 0.08860215053763441 0.8326881720430107 4.3010752688172043E-4 0.03483870967741935 0.028387096774193547 4.3010752688172043E-4 4.3010752688172043E-4 0.013333333333333334 
0.0018867924528301887 0.04905660377358491 0.0018867924528301887 0.1150943396226415 0.0018867924528301887 0.4075471698113208 0.0018867924528301887 0.04905660377358491 0.0018867924528301887 0.369811320754717 
0.010731707317073172 0.049756097560975605 9.756097560975611E-4 0.1521951219512195 9.756097560975611E-4 9.756097560975611E-4 0.2107317073170732 0.005853658536585366 0.4009756097560976 0.16682926829268294 
6.756756756756757E-4 6.756756756756757E-4 0.004054054054054054 6.756756756756757E-4 6.756756756756757E-4 0.9094594594594594 6.756756756756757E-4 0.020945945945945947 0.04459459459459459 0.01756756756756757 
0.44306220095693777 0.17751196172248804 0.0937799043062201 4.784688995215311E-4 4.784688995215311E-4 0.15119617224880383 0.007655502392344498 0.005263157894736843 0.09856459330143541 0.02200956937799043 
0.0018018018018018018 0.02882882882882883 0.019819819819819822 0.9387387387387388 0.0018018018018018018 0.0018018018018018018 0.0018018018018018018 0.0018018018018018018 0.0018018018018018018 0.0018018018018018018 
0.002531645569620253 0.015189873417721518 0.04050632911392405 0.002531645569620253 0.002531645569620253 0.04050632911392405 0.06582278481012659 0.3063291139240506 0.5215189873417722 0.002531645569620253 
0.026016260162601626 0.0016260162601626016 0.0016260162601626016 0.9203252032520326 0.0016260162601626016 0.0016260162601626016 0.04227642276422764 0.0016260162601626016 0.0016260162601626016 0.0016260162601626016 
5.102040816326531E-4 0.10255102040816327 0.10510204081632654 5.102040816326531E-4 0.003061224489795918 5.102040816326531E-4 0.7301020408163265 0.05408163265306122 5.102040816326531E-4 0.003061224489795918 
0.219672131147541 0.006557377049180328 0.012021857923497269 0.001092896174863388 0.0721311475409836 0.1923497267759563 0.11584699453551912 0.001092896174863388 0.001092896174863388 0.37814207650273224 
0.002061855670103093 0.07422680412371134 0.002061855670103093 0.14639175257731957 0.032989690721649485 0.002061855670103093 0.04329896907216495 0.09484536082474226 0.1360824742268041 0.465979381443299 
0.011214953271028037 0.001869158878504673 0.001869158878504673 0.08598130841121494 0.001869158878504673 0.4785046728971963 0.2542056074766355 0.020560747663551402 0.011214953271028037 0.13271028037383176 
0.2245810055865922 0.00111731843575419 0.3027932960893855 0.00111731843575419 0.00111731843575419 0.04022346368715084 0.02346368715083799 0.2581005586592179 0.14078212290502792 0.0067039106145251395 
0.0011235955056179776 0.0011235955056179776 0.0011235955056179776 0.0011235955056179776 0.006741573033707865 0.017977528089887642 0.017977528089887642 0.9505617977528089 0.0011235955056179776 0.0011235955056179776 
0.003703703703703704 0.022222222222222223 0.022222222222222223 0.5222222222222223 0.003703703703703704 0.003703703703703704 0.003703703703703704 0.003703703703703704 0.4111111111111111 0.003703703703703704 
0.015602836879432626 0.5191489361702127 0.0014184397163120568 0.0014184397163120568 0.0014184397163120568 0.249645390070922 0.0014184397163120568 0.0014184397163120568 0.0014184397163120568 0.20709219858156028 
3.7313432835820896E-4 0.08059701492537313 0.002238805970149254 3.7313432835820896E-4 3.7313432835820896E-4 0.019029850746268655 3.7313432835820896E-4 0.8847014925373134 0.011567164179104477 3.7313432835820896E-4 
0.056140350877192984 5.847953216374269E-4 0.018128654970760234 0.006432748538011696 5.847953216374269E-4 5.847953216374269E-4 5.847953216374269E-4 5.847953216374269E-4 5.847953216374269E-4 0.9157894736842105 
0.10836120401337793 2.229654403567447E-4 0.5788182831661093 0.14069119286510592 0.0013377926421404682 0.09944258639910813 0.006911928651059086 2.229654403567447E-4 2.229654403567447E-4 0.06376811594202898 
5.633802816901409E-4 0.003380281690140845 0.696338028169014 5.633802816901409E-4 5.633802816901409E-4 0.025915492957746478 0.06253521126760563 0.009014084507042254 0.17802816901408453 0.023098591549295774 
0.0024691358024691358 0.014814814814814814 0.15061728395061727 0.1259259259259259 0.08888888888888889 0.0024691358024691358 0.0024691358024691358 0.0024691358024691358 0.0024691358024691358 0.6074074074074074 
0.0011627906976744186 0.0011627906976744186 0.0011627906976744186 0.0011627906976744186 0.0011627906976744186 0.030232558139534883 0.0011627906976744186 0.0011627906976744186 0.0011627906976744186 0.9604651162790697 
0.0951974386339381 0.02262540021344717 0.05464247598719317 2.1344717182497332E-4 0.359871931696905 0.23500533617929562 0.1112059765208111 2.1344717182497332E-4 0.0012806830309498398 0.11974386339381003 
0.003278688524590164 0.003278688524590164 0.19999999999999998 0.380327868852459 0.003278688524590164 0.003278688524590164 0.380327868852459 0.003278688524590164 0.003278688524590164 0.019672131147540982 
0.035879218472468916 0.009236234458259326 0.023445825932504438 3.552397868561279E-4 0.4373001776198934 0.005683836589698047 0.02699822380106572 0.45683836589698046 3.552397868561279E-4 0.003907637655417407 
0.030517711171662125 5.449591280653951E-4 0.03596730245231607 0.014168937329700274 5.449591280653951E-4 0.1885558583106267 0.711716621253406 0.0032697547683923703 0.0032697547683923703 0.011444141689373298 
0.03170731707317073 0.23902439024390246 0.0012195121951219512 0.0012195121951219512 0.0012195121951219512 0.007317073170731707 0.0012195121951219512 0.6963414634146342 0.01951219512195122 0.0012195121951219512 
0.0017094017094017094 0.10427350427350426 0.06153846153846154 0.05299145299145299 0.044444444444444446 0.02735042735042735 0.0017094017094017094 0.1811965811965812 0.5230769230769231 0.0017094017094017094 
7.194244604316547E-4 0.2992805755395684 0.06906474820143885 0.6014388489208633 7.194244604316547E-4 0.018705035971223024 0.004316546762589928 7.194244604316547E-4 7.194244604316547E-4 0.004316546762589928 
0.8351978171896317 2.7285129604365623E-4 0.013915416098226465 0.0016371077762619372 2.7285129604365623E-4 0.10395634379263302 2.7285129604365623E-4 0.016643929058663028 0.011186903137789904 0.016643929058663028 
0.008163265306122448 0.06938775510204082 0.001360544217687075 0.7700680272108844 0.008163265306122448 0.055782312925170066 0.001360544217687075 0.001360544217687075 0.001360544217687075 0.08299319727891157 
0.11260504201680673 0.02857142857142857 0.10980392156862746 0.22745098039215686 5.602240896358544E-4 0.40112044817927167 0.022969187675070026 0.011764705882352941 0.022969187675070026 0.06218487394957983 
6.097560975609756E-4 6.097560975609756E-4 0.8542682926829268 0.03414634146341463 6.097560975609756E-4 6.097560975609756E-4 6.097560975609756E-4 6.097560975609756E-4 6.097560975609756E-4 0.10731707317073172 
0.0653061224489796 0.004081632653061225 0.024489795918367346 0.04489795918367347 0.10612244897959185 0.04489795918367347 0.004081632653061225 0.4122448979591837 0.2897959183673469 0.004081632653061225 
0.004651162790697674 0.07441860465116279 0.004651162790697674 0.3767441860465116 0.004651162790697674 0.19069767441860463 0.004651162790697674 0.004651162790697674 0.19069767441860463 0.14418604651162792 
0.043421052631578944 0.10921052631578948 0.6453947368421052 6.578947368421052E-4 0.026973684210526313 6.578947368421052E-4 0.03026315789473684 6.578947368421052E-4 0.14210526315789473 6.578947368421052E-4 
0.045224171539961014 0.0023391812865497076 0.04912280701754386 0.0042884990253411305 3.8986354775828464E-4 0.7606237816764132 3.8986354775828464E-4 3.8986354775828464E-4 0.039376218323586745 0.09785575048732945 
0.0011976047904191617 0.07904191616766466 0.33053892215568864 0.0011976047904191617 0.01317365269461078 0.0011976047904191617 0.019161676646706587 0.0011976047904191617 0.0011976047904191617 0.5520958083832336 
0.0011111111111111111 0.06777777777777777 0.2511111111111111 0.012222222222222223 0.0011111111111111111 0.0011111111111111111 0.056666666666666664 0.4066666666666667 0.0011111111111111111 0.20111111111111113 
0.0019417475728155341 0.0019417475728155341 0.0019417475728155341 0.011650485436893204 0.0019417475728155341 0.0019417475728155341 0.0019417475728155341 0.8271844660194175 0.12815533980582525 0.021359223300970877 
0.01951219512195122 0.09878048780487804 0.01951219512195122 0.0012195121951219512 0.0012195121951219512 0.0012195121951219512 0.0012195121951219512 0.0012195121951219512 0.0012195121951219512 0.8548780487804878 
0.0014814814814814816 0.0014814814814814816 0.023703703703703706 0.10518518518518517 0.0014814814814814816 0.8088888888888889 0.0014814814814814816 0.008888888888888889 0.023703703703703706 0.023703703703703706 
0.0012195121951219512 0.0012195121951219512 0.013414634146341465 0.01951219512195122 0.05609756097560975 0.0012195121951219512 0.007317073170731707 0.8670731707317072 0.03170731707317073 0.0012195121951219512 
0.003703703703703704 0.003703703703703704 0.003703703703703704 0.003703703703703704 0.003703703703703704 0.003703703703703704 0.003703703703703704 0.040740740740740744 0.003703703703703704 0.9296296296296297 
0.018623481781376516 0.018623481781376516 0.008502024291497975 4.0485829959514174E-4 0.0024291497975708503 0.006477732793522268 0.07327935222672065 0.8708502024291498 4.0485829959514174E-4 4.0485829959514174E-4 
0.022570532915360503 0.003761755485893417 6.269592476489029E-4 6.269592476489029E-4 6.269592476489029E-4 6.269592476489029E-4 0.48652037617554855 6.269592476489029E-4 6.269592476489029E-4 0.483385579937304 
0.0029850746268656717 0.0029850746268656717 0.04776119402985075 0.48059701492537316 0.0029850746268656717 0.01791044776119403 0.0029850746268656717 0.0029850746268656717 0.0029850746268656717 0.43582089552238806 
0.0012048192771084338 0.0012048192771084338 0.0012048192771084338 0.0012048192771084338 0.0012048192771084338 0.0012048192771084338 0.007228915662650602 0.09156626506024096 0.8927710843373493 0.0012048192771084338 
0.0015037593984962407 0.09924812030075188 0.06917293233082707 0.0015037593984962407 0.031578947368421054 0.17443609022556392 0.6105263157894737 0.009022556390977442 0.0015037593984962407 0.0015037593984962407 
6.230529595015577E-4 0.02866043613707165 6.230529595015577E-4 6.230529595015577E-4 0.019314641744548288 0.7950155763239874 0.11900311526479751 6.230529595015577E-4 6.230529595015577E-4 0.03489096573208723 
0.001724137931034483 0.001724137931034483 0.010344827586206896 0.001724137931034483 0.010344827586206896 0.03620689655172414 0.001724137931034483 0.001724137931034483 0.001724137931034483 0.9327586206896552 
0.00196078431372549 0.00196078431372549 0.021568627450980395 0.00196078431372549 0.050980392156862744 0.00196078431372549 0.00196078431372549 0.9137254901960784 0.00196078431372549 0.00196078431372549 
0.03333333333333333 0.0030303030303030303 0.0030303030303030303 0.396969696969697 0.0030303030303030303 0.01818181818181818 0.0030303030303030303 0.0030303030303030303 0.5181818181818182 0.01818181818181818 
7.843137254901962E-4 7.843137254901962E-4 0.004705882352941176 0.1184313725490196 7.843137254901962E-4 0.8713725490196078 7.843137254901962E-4 7.843137254901962E-4 7.843137254901962E-4 7.843137254901962E-4 
6.993006993006993E-4 0.004195804195804196 0.05664335664335664 0.05664335664335664 6.993006993006993E-4 0.02867132867132867 0.6965034965034964 6.993006993006993E-4 0.15454545454545457 6.993006993006993E-4 
0.008695652173913044 0.05217391304347826 0.3130434782608696 0.008695652173913044 0.008695652173913044 0.008695652173913044 0.008695652173913044 0.008695652173913044 0.008695652173913044 0.5739130434782609 
