0.066667 0.343089 0.042276 0.001626 0.001626 0.521951 0.017886 0.001626 0.001626 0.001626 
0.560630 0.001575 0.001575 0.001575 0.001575 0.324409 0.096063 0.001575 0.009449 0.001575 
0.343089 0.269919 0.001626 0.001626 0.017886 0.310569 0.001626 0.001626 0.050407 0.001626 
0.001087 0.620652 0.017391 0.001087 0.191304 0.120652 0.001087 0.001087 0.001087 0.044565 
0.193846 0.278462 0.001538 0.001538 0.055385 0.347692 0.001538 0.001538 0.086154 0.032308 
0.738596 0.080702 0.142105 0.001754 0.028070 0.001754 0.001754 0.001754 0.001754 0.001754 
0.479646 0.001770 0.470796 0.019469 0.001770 0.010619 0.001770 0.010619 0.001770 0.001770 
0.755556 0.002469 0.002469 0.039506 0.002469 0.002469 0.014815 0.002469 0.014815 0.162963 
0.001481 0.349630 0.164444 0.001481 0.149630 0.001481 0.008889 0.112593 0.208889 0.001481 
0.400000 0.498039 0.066667 0.001307 0.007843 0.020915 0.001307 0.001307 0.001307 0.001307 
0.059504 0.852893 0.001653 0.001653 0.018182 0.001653 0.001653 0.009917 0.001653 0.051240 
0.084722 0.473611 0.001389 0.022222 0.348611 0.001389 0.001389 0.008333 0.015278 0.043056 
0.063566 0.001550 0.768992 0.001550 0.032558 0.001550 0.125581 0.001550 0.001550 0.001550 
0.001449 0.610145 0.001449 0.059420 0.276812 0.015942 0.001449 0.001449 0.001449 0.030435 
0.678261 0.001242 0.001242 0.001242 0.007453 0.001242 0.113043 0.063354 0.007453 0.125466 
0.518333 0.051667 0.126667 0.135000 0.026667 0.026667 0.001667 0.010000 0.026667 0.076667 
0.228369 0.242553 0.015603 0.001418 0.200000 0.001418 0.001418 0.178723 0.129078 0.001418 
0.001481 0.194074 0.001481 0.008889 0.379259 0.320000 0.001481 0.001481 0.090370 0.001481 
0.485484 0.001613 0.090323 0.001613 0.017742 0.001613 0.364516 0.025806 0.001613 0.009677 
0.150877 0.001754 0.001754 0.019298 0.001754 0.036842 0.001754 0.782456 0.001754 0.001754 
0.113600 0.009600 0.065600 0.017600 0.081600 0.009600 0.593600 0.105600 0.001600 0.001600 
0.335000 0.460000 0.001667 0.001667 0.101667 0.093333 0.001667 0.001667 0.001667 0.001667 
0.001681 0.043697 0.631933 0.010084 0.203361 0.060504 0.010084 0.001681 0.026891 0.010084 
0.001786 0.001786 0.608929 0.135714 0.010714 0.001786 0.117857 0.082143 0.028571 0.010714 
0.310000 0.001667 0.468333 0.043333 0.001667 0.001667 0.168333 0.001667 0.001667 0.001667 
0.001198 0.001198 0.031138 0.001198 0.001198 0.007186 0.031138 0.923353 0.001198 0.001198 
0.001342 0.457718 0.162416 0.088591 0.148993 0.001342 0.001342 0.135570 0.001342 0.001342 
0.001198 0.234731 0.001198 0.001198 0.102994 0.001198 0.635928 0.019162 0.001198 0.001198 
0.476768 0.062626 0.022222 0.002020 0.002020 0.183838 0.002020 0.244444 0.002020 0.002020 
0.484946 0.458065 0.006452 0.001075 0.001075 0.006452 0.006452 0.001075 0.033333 0.001075 
0.001681 0.001681 0.606723 0.010084 0.278992 0.010084 0.010084 0.077311 0.001681 0.001681 
0.600000 0.001274 0.033121 0.045860 0.001274 0.001274 0.217834 0.007643 0.001274 0.090446 
0.001342 0.175839 0.202685 0.001342 0.095302 0.008054 0.182550 0.316779 0.001342 0.014765 
0.001316 0.053947 0.100000 0.001316 0.001316 0.001316 0.060526 0.771053 0.007895 0.001316 
0.001754 0.107018 0.010526 0.010526 0.019298 0.001754 0.001754 0.826316 0.001754 0.019298 
0.150746 0.195522 0.001493 0.001493 0.068657 0.001493 0.419403 0.001493 0.001493 0.158209 
0.001754 0.475439 0.001754 0.001754 0.045614 0.001754 0.291228 0.168421 0.001754 0.010526 
0.000966 0.005797 0.213527 0.068599 0.083092 0.000966 0.126570 0.474396 0.000966 0.025121 
0.001429 0.251429 0.230000 0.015714 0.137143 0.001429 0.001429 0.337143 0.022857 0.001429 
0.133333 0.001389 0.119444 0.001389 0.008333 0.001389 0.730556 0.001389 0.001389 0.001389 
0.000877 0.000877 0.005263 0.000877 0.000877 0.000877 0.790351 0.049123 0.053509 0.097368 
0.001439 0.692086 0.044604 0.001439 0.001439 0.116547 0.001439 0.138129 0.001439 0.001439 
0.335484 0.141935 0.002151 0.002151 0.012903 0.002151 0.055914 0.443011 0.002151 0.002151 
0.008759 0.220438 0.001460 0.001460 0.205839 0.213139 0.118248 0.081752 0.147445 0.001460 
0.102521 0.001681 0.505882 0.321008 0.001681 0.001681 0.018487 0.001681 0.001681 0.043697 
0.858647 0.054135 0.039098 0.001504 0.001504 0.001504 0.001504 0.001504 0.024060 0.016541 
0.001235 0.353086 0.001235 0.001235 0.112346 0.007407 0.044444 0.328395 0.001235 0.149383 
0.012766 0.129787 0.097872 0.002128 0.491489 0.002128 0.012766 0.246809 0.002128 0.002128 
0.029167 0.001389 0.029167 0.001389 0.001389 0.001389 0.050000 0.675000 0.209722 0.001389 
0.000995 0.045771 0.637811 0.010945 0.015920 0.035821 0.209950 0.030846 0.010945 0.000995 
0.001370 0.405479 0.008219 0.001370 0.001370 0.001370 0.289041 0.200000 0.008219 0.083562 
0.001370 0.049315 0.289041 0.001370 0.049315 0.069863 0.049315 0.487671 0.001370 0.001370 
0.167033 0.002198 0.485714 0.002198 0.024176 0.046154 0.002198 0.002198 0.002198 0.265934 
0.001418 0.001418 0.434043 0.001418 0.292199 0.001418 0.263830 0.001418 0.001418 0.001418 
0.228571 0.043697 0.010084 0.102521 0.001681 0.077311 0.396639 0.043697 0.052101 0.043697 
0.184348 0.001739 0.001739 0.001739 0.053913 0.001739 0.297391 0.453913 0.001739 0.001739 
0.498204 0.192814 0.001198 0.001198 0.001198 0.001198 0.300599 0.001198 0.001198 0.001198 
0.001266 0.178481 0.210127 0.001266 0.001266 0.001266 0.229114 0.374684 0.001266 0.001266 
0.007792 0.559740 0.033766 0.001299 0.007792 0.001299 0.053247 0.319481 0.014286 0.001299 
0.001481 0.327407 0.016296 0.001481 0.016296 0.031111 0.038519 0.327407 0.216296 0.023704 
0.001504 0.091729 0.542857 0.001504 0.001504 0.001504 0.016541 0.339850 0.001504 0.001504 
0.001563 0.001563 0.048438 0.001563 0.017188 0.001563 0.103125 0.603125 0.220312 0.001563 
0.001481 0.001481 0.001481 0.001481 0.023704 0.001481 0.001481 0.675556 0.253333 0.038519 
0.001770 0.223009 0.214159 0.001770 0.019469 0.063717 0.196460 0.276106 0.001770 0.001770 
0.001600 0.513600 0.001600 0.009600 0.033600 0.009600 0.001600 0.417600 0.001600 0.009600 
0.113907 0.001325 0.345695 0.001325 0.113907 0.001325 0.299338 0.001325 0.001325 0.120530 
0.448227 0.356028 0.001418 0.065248 0.001418 0.093617 0.001418 0.001418 0.001418 0.029787 
0.001064 0.155319 0.134043 0.001064 0.070213 0.001064 0.564894 0.001064 0.001064 0.070213 
0.002353 0.096471 0.002353 0.002353 0.002353 0.002353 0.002353 0.414118 0.025882 0.449412 
0.171186 0.044068 0.001695 0.010169 0.018644 0.001695 0.374576 0.374576 0.001695 0.001695 
0.027273 0.371429 0.059740 0.332468 0.020779 0.150649 0.001299 0.033766 0.001299 0.001299 
0.113514 0.221622 0.000901 0.253153 0.000901 0.000901 0.239640 0.118018 0.009910 0.041441 
0.021106 0.624121 0.141709 0.041206 0.001005 0.096482 0.061307 0.011055 0.001005 0.001005 
0.041379 0.208046 0.075862 0.075862 0.001149 0.081609 0.403448 0.006897 0.001149 0.104598 
0.001198 0.001198 0.001198 0.510180 0.354491 0.007186 0.120958 0.001198 0.001198 0.001198 
0.001563 0.001563 0.946875 0.025000 0.001563 0.001563 0.017188 0.001563 0.001563 0.001563 
0.028966 0.291034 0.049655 0.001379 0.077241 0.077241 0.242759 0.015172 0.215172 0.001379 
0.001399 0.001399 0.001399 0.001399 0.274126 0.001399 0.015385 0.386014 0.001399 0.316084 
0.001550 0.001550 0.001550 0.001550 0.001550 0.001550 0.024806 0.040310 0.272868 0.652713 
0.001235 0.001235 0.001235 0.001235 0.001235 0.001235 0.001235 0.272840 0.322222 0.396296 
0.017054 0.094574 0.117829 0.001550 0.001550 0.001550 0.009302 0.334884 0.024806 0.396899 
0.021192 0.001325 0.345695 0.014570 0.094040 0.001325 0.060927 0.001325 0.014570 0.445033 
0.022826 0.109783 0.001087 0.001087 0.001087 0.017391 0.191304 0.175000 0.001087 0.479348 
0.001163 0.001163 0.443023 0.053488 0.047674 0.001163 0.001163 0.001163 0.024419 0.425581 
0.050704 0.001408 0.121127 0.712676 0.001408 0.001408 0.001408 0.001408 0.001408 0.107042 
0.001042 0.001042 0.001042 0.006250 0.001042 0.001042 0.079167 0.068750 0.402083 0.438542 
0.002041 0.012245 0.002041 0.012245 0.002041 0.002041 0.002041 0.002041 0.002041 0.961224 
0.091525 0.001130 0.006780 0.300565 0.001130 0.001130 0.001130 0.125424 0.277966 0.193220 
0.361151 0.001439 0.382734 0.094964 0.001439 0.001439 0.008633 0.015827 0.037410 0.094964 
0.371429 0.274026 0.001299 0.001299 0.001299 0.001299 0.202597 0.001299 0.007792 0.137662 
0.033766 0.267532 0.001299 0.261039 0.105195 0.235065 0.001299 0.001299 0.001299 0.092208 
0.213139 0.227737 0.001460 0.008759 0.008759 0.001460 0.176642 0.169343 0.169343 0.023358 
0.033333 0.001282 0.026923 0.001282 0.078205 0.001282 0.014103 0.642308 0.091026 0.110256 
0.001325 0.537748 0.120530 0.001325 0.007947 0.001325 0.147020 0.001325 0.007947 0.173510 
0.334848 0.569697 0.009091 0.001515 0.001515 0.054545 0.001515 0.009091 0.001515 0.016667 
0.018391 0.857471 0.001149 0.001149 0.001149 0.001149 0.024138 0.047126 0.029885 0.018391 
0.451309 0.430366 0.006283 0.011518 0.001047 0.001047 0.001047 0.001047 0.095288 0.001047 
0.091613 0.762581 0.001290 0.014194 0.001290 0.001290 0.001290 0.001290 0.001290 0.123871 
0.945455 0.013636 0.002273 0.002273 0.002273 0.002273 0.002273 0.013636 0.013636 0.002273 
0.030435 0.726087 0.110145 0.117391 0.008696 0.001449 0.001449 0.001449 0.001449 0.001449 
0.235088 0.106433 0.053801 0.001170 0.428070 0.018713 0.106433 0.001170 0.047953 0.001170 
0.001250 0.701250 0.201250 0.001250 0.013750 0.001250 0.001250 0.020000 0.057500 0.001250 
0.215152 0.427273 0.003030 0.003030 0.003030 0.003030 0.018182 0.184848 0.003030 0.139394 
0.143750 0.692857 0.050000 0.000893 0.000893 0.045536 0.000893 0.063393 0.000893 0.000893 
0.217647 0.394118 0.001961 0.001961 0.001961 0.001961 0.364706 0.001961 0.001961 0.011765 
0.786154 0.163077 0.001538 0.001538 0.024615 0.001538 0.001538 0.001538 0.016923 0.001538 
0.647244 0.017323 0.001575 0.009449 0.001575 0.001575 0.151181 0.159055 0.001575 0.009449 
0.001515 0.804545 0.137879 0.016667 0.001515 0.001515 0.009091 0.001515 0.024242 0.001515 
0.043158 0.711579 0.190526 0.001053 0.001053 0.001053 0.001053 0.001053 0.001053 0.048421 
0.497778 0.379259 0.001481 0.001481 0.053333 0.001481 0.001481 0.001481 0.001481 0.060741 
0.124638 0.566667 0.001449 0.001449 0.110145 0.001449 0.001449 0.189855 0.001449 0.001449 
0.580000 0.287143 0.001429 0.001429 0.001429 0.101429 0.022857 0.001429 0.001429 0.001429 
0.378689 0.567213 0.009836 0.034426 0.001639 0.001639 0.001639 0.001639 0.001639 0.001639 
0.618440 0.278014 0.001418 0.001418 0.036879 0.001418 0.058156 0.001418 0.001418 0.001418 
0.157831 0.230120 0.001205 0.001205 0.001205 0.079518 0.525301 0.001205 0.001205 0.001205 
0.181132 0.549057 0.001887 0.001887 0.218868 0.001887 0.039623 0.001887 0.001887 0.001887 
0.001370 0.884932 0.021918 0.001370 0.069863 0.001370 0.015068 0.001370 0.001370 0.001370 
0.110937 0.384375 0.001563 0.032813 0.001563 0.150000 0.228125 0.001563 0.009375 0.079687 
0.001818 0.747273 0.010909 0.010909 0.092727 0.083636 0.029091 0.001818 0.001818 0.020000 
0.537143 0.001429 0.101429 0.008571 0.001429 0.151429 0.194286 0.001429 0.001429 0.001429 
0.229268 0.578862 0.001626 0.001626 0.001626 0.001626 0.180488 0.001626 0.001626 0.001626 
0.285075 0.441791 0.255224 0.001493 0.001493 0.001493 0.001493 0.001493 0.008955 0.001493 
0.001653 0.365289 0.001653 0.034711 0.001653 0.381818 0.076033 0.051240 0.001653 0.084298 
0.021192 0.736424 0.001325 0.001325 0.001325 0.206623 0.027815 0.001325 0.001325 0.001325 
0.246927 0.319553 0.001117 0.001117 0.369832 0.023464 0.001117 0.001117 0.012291 0.023464 
0.324224 0.019876 0.113043 0.001242 0.013665 0.001242 0.007453 0.417391 0.075776 0.026087 
0.028889 0.590000 0.001111 0.001111 0.373333 0.001111 0.001111 0.001111 0.001111 0.001111 
0.387586 0.394483 0.001379 0.049655 0.001379 0.035862 0.008276 0.077241 0.015172 0.028966 
0.447482 0.512230 0.001439 0.008633 0.015827 0.001439 0.001439 0.008633 0.001439 0.001439 
0.001220 0.550000 0.312195 0.001220 0.123171 0.001220 0.001220 0.007317 0.001220 0.001220 
0.258716 0.460550 0.093578 0.001835 0.157798 0.020183 0.001835 0.001835 0.001835 0.001835 
0.604959 0.001653 0.001653 0.034711 0.001653 0.009917 0.001653 0.059504 0.001653 0.282645 
0.072441 0.048819 0.001575 0.001575 0.001575 0.214173 0.206299 0.056693 0.001575 0.395276 
0.020370 0.001852 0.001852 0.001852 0.001852 0.001852 0.001852 0.409259 0.307407 0.251852 
0.001786 0.001786 0.198214 0.510714 0.001786 0.001786 0.126786 0.037500 0.001786 0.117857 
0.113600 0.009600 0.329600 0.193600 0.057600 0.001600 0.001600 0.001600 0.001600 0.289600 
0.033871 0.453226 0.170968 0.009677 0.001613 0.001613 0.324194 0.001613 0.001613 0.001613 
0.183648 0.032704 0.315723 0.001258 0.145912 0.007547 0.303145 0.001258 0.001258 0.007547 
0.001163 0.448837 0.117442 0.001163 0.006977 0.059302 0.350000 0.001163 0.001163 0.012791 
0.194475 0.608840 0.067403 0.001105 0.001105 0.117127 0.006630 0.001105 0.001105 0.001105 
0.278014 0.455319 0.001418 0.001418 0.001418 0.001418 0.228369 0.029787 0.001418 0.001418 
0.270769 0.001538 0.693846 0.001538 0.001538 0.009231 0.001538 0.001538 0.016923 0.001538 
0.096825 0.573016 0.009524 0.009524 0.041270 0.160317 0.001587 0.001587 0.104762 0.001587 
0.454676 0.505036 0.001439 0.001439 0.008633 0.001439 0.001439 0.023022 0.001439 0.001439 
0.073016 0.866667 0.017460 0.001587 0.001587 0.001587 0.033333 0.001587 0.001587 0.001587 
0.313761 0.552294 0.102752 0.001835 0.001835 0.001835 0.020183 0.001835 0.001835 0.001835 
0.153659 0.556098 0.001220 0.037805 0.178049 0.043902 0.001220 0.007317 0.013415 0.007317 
0.671429 0.269643 0.001786 0.010714 0.001786 0.010714 0.001786 0.010714 0.010714 0.010714 
0.001429 0.822857 0.051429 0.001429 0.001429 0.087143 0.030000 0.001429 0.001429 0.001429 
0.002020 0.678788 0.163636 0.002020 0.113131 0.002020 0.012121 0.022222 0.002020 0.002020 
0.068712 0.393865 0.038037 0.001227 0.387730 0.001227 0.087117 0.001227 0.019632 0.001227 
0.001235 0.032099 0.124691 0.007407 0.674074 0.081481 0.001235 0.069136 0.001235 0.007407 
0.060526 0.218421 0.231579 0.001316 0.284211 0.100000 0.040789 0.007895 0.007895 0.047368 
0.025000 0.354545 0.263636 0.002273 0.150000 0.002273 0.002273 0.013636 0.002273 0.184091 
0.024806 0.714729 0.001550 0.009302 0.001550 0.001550 0.187597 0.055814 0.001550 0.001550 
0.065116 0.431395 0.001163 0.001163 0.001163 0.088372 0.402326 0.001163 0.006977 0.001163 
0.098246 0.019298 0.001754 0.150877 0.659649 0.001754 0.063158 0.001754 0.001754 0.001754 
0.708696 0.013043 0.034783 0.002174 0.078261 0.045652 0.023913 0.002174 0.002174 0.089130 
0.001170 0.001170 0.281871 0.001170 0.316959 0.001170 0.392982 0.001170 0.001170 0.001170 
0.001399 0.057343 0.015385 0.057343 0.288112 0.001399 0.001399 0.239161 0.323077 0.015385 
0.523871 0.207742 0.001290 0.001290 0.001290 0.007742 0.252903 0.001290 0.001290 0.001290 
0.001333 0.048000 0.534667 0.001333 0.354667 0.014667 0.001333 0.001333 0.001333 0.041333 
0.115447 0.009756 0.001626 0.213008 0.391870 0.034146 0.001626 0.001626 0.229268 0.001626 
0.522857 0.001429 0.230000 0.001429 0.001429 0.001429 0.237143 0.001429 0.001429 0.001429 
0.220438 0.001460 0.249635 0.432117 0.059854 0.001460 0.001460 0.001460 0.030657 0.001460 
0.001429 0.122857 0.044286 0.015714 0.108571 0.001429 0.694286 0.008571 0.001429 0.001429 
0.001299 0.001299 0.209091 0.001299 0.079221 0.001299 0.702597 0.001299 0.001299 0.001299 
0.358140 0.520930 0.009302 0.017054 0.001550 0.009302 0.079070 0.001550 0.001550 0.001550 
0.241772 0.001266 0.001266 0.349367 0.001266 0.001266 0.324051 0.077215 0.001266 0.001266 
0.520000 0.164444 0.001481 0.008889 0.008889 0.001481 0.016296 0.001481 0.275556 0.001481 
0.006936 0.163006 0.001156 0.411561 0.249711 0.047399 0.116763 0.001156 0.001156 0.001156 
0.002062 0.012371 0.002062 0.548454 0.331959 0.002062 0.002062 0.043299 0.053608 0.002062 
0.568504 0.111811 0.056693 0.017323 0.001575 0.001575 0.229921 0.001575 0.001575 0.009449 
0.238596 0.001754 0.001754 0.001754 0.019298 0.396491 0.335088 0.001754 0.001754 0.001754 
0.013223 0.004959 0.009091 0.550413 0.215702 0.066942 0.137190 0.000826 0.000826 0.000826 
0.001481 0.357037 0.001481 0.282963 0.023704 0.001481 0.208889 0.090370 0.031111 0.001481 
0.001399 0.015385 0.651748 0.001399 0.001399 0.001399 0.295105 0.015385 0.008392 0.008392 
0.172571 0.006857 0.115429 0.184000 0.001143 0.029714 0.178286 0.001143 0.001143 0.309714 
0.619737 0.001316 0.034211 0.007895 0.001316 0.001316 0.159211 0.021053 0.001316 0.152632 
0.076712 0.747945 0.001370 0.001370 0.001370 0.001370 0.152055 0.001370 0.008219 0.008219 
0.001600 0.001600 0.665600 0.057600 0.001600 0.001600 0.265600 0.001600 0.001600 0.001600 
0.001361 0.001361 0.402721 0.055782 0.014966 0.014966 0.457143 0.008163 0.001361 0.042177 
0.001527 0.039695 0.505344 0.054962 0.001527 0.001527 0.299237 0.001527 0.001527 0.093130 
0.001515 0.001515 0.895455 0.001515 0.001515 0.001515 0.062121 0.001515 0.001515 0.031818 
0.001449 0.820290 0.139130 0.023188 0.001449 0.001449 0.001449 0.001449 0.008696 0.001449 
0.001515 0.668182 0.183333 0.016667 0.001515 0.001515 0.122727 0.001515 0.001515 0.001515 
0.001942 0.011650 0.244660 0.001942 0.001942 0.001942 0.681553 0.050485 0.001942 0.001942 
0.195161 0.017742 0.517742 0.001613 0.001613 0.001613 0.259677 0.001613 0.001613 0.001613 
0.001064 0.543617 0.001064 0.006383 0.001064 0.001064 0.075532 0.352128 0.001064 0.017021 
0.001942 0.011650 0.759223 0.166990 0.001942 0.001942 0.001942 0.001942 0.050485 0.001942 
0.001198 0.007186 0.504192 0.246707 0.108982 0.108982 0.019162 0.001198 0.001198 0.001198 
0.043750 0.210417 0.345833 0.002083 0.002083 0.033333 0.356250 0.002083 0.002083 0.002083 
0.001515 0.153030 0.456061 0.009091 0.001515 0.107576 0.266667 0.001515 0.001515 0.001515 
0.364444 0.001481 0.001481 0.023704 0.001481 0.186667 0.001481 0.001481 0.082963 0.334815 
0.014667 0.294667 0.034667 0.081333 0.481333 0.001333 0.014667 0.001333 0.008000 0.068000 
0.001361 0.817687 0.001361 0.001361 0.157823 0.001361 0.001361 0.001361 0.001361 0.014966 
0.485714 0.417391 0.013665 0.001242 0.075776 0.001242 0.001242 0.001242 0.001242 0.001242 
0.537681 0.421739 0.008696 0.001449 0.001449 0.001449 0.001449 0.015942 0.008696 0.001449 
0.085915 0.480282 0.001408 0.001408 0.001408 0.001408 0.029577 0.001408 0.395775 0.001408 
0.000917 0.739450 0.253211 0.000917 0.000917 0.000917 0.000917 0.000917 0.000917 0.000917 
0.262319 0.573913 0.001449 0.001449 0.001449 0.073913 0.015942 0.052174 0.015942 0.001449 
0.002083 0.585417 0.293750 0.012500 0.012500 0.002083 0.002083 0.085417 0.002083 0.002083 
0.528682 0.094574 0.001550 0.001550 0.001550 0.280620 0.024806 0.001550 0.055814 0.009302 
0.124590 0.190164 0.001639 0.001639 0.222951 0.001639 0.140984 0.132787 0.181967 0.001639 
0.329600 0.001600 0.001600 0.001600 0.009600 0.041600 0.321600 0.001600 0.289600 0.001600 
0.355752 0.001770 0.072566 0.019469 0.001770 0.001770 0.143363 0.001770 0.391150 0.010619 
0.020915 0.746405 0.073203 0.001307 0.073203 0.014379 0.066667 0.001307 0.001307 0.001307 
0.584049 0.179141 0.001227 0.001227 0.166871 0.001227 0.062577 0.001227 0.001227 0.001227 
0.762581 0.149677 0.020645 0.001290 0.020645 0.001290 0.040000 0.001290 0.001290 0.001290 
0.016754 0.001047 0.487958 0.001047 0.001047 0.001047 0.006283 0.001047 0.482723 0.001047 
0.441758 0.013187 0.232967 0.232967 0.002198 0.002198 0.068132 0.002198 0.002198 0.002198 
0.001212 0.007273 0.001212 0.358788 0.110303 0.001212 0.001212 0.370909 0.067879 0.080000 
0.002128 0.023404 0.544681 0.204255 0.002128 0.002128 0.193617 0.002128 0.012766 0.012766 
0.007692 0.001282 0.533333 0.058974 0.020513 0.001282 0.129487 0.014103 0.001282 0.232051 
0.008759 0.074453 0.242336 0.293431 0.001460 0.001460 0.125547 0.001460 0.008759 0.242336 
0.089308 0.083019 0.309434 0.001258 0.001258 0.460377 0.007547 0.001258 0.001258 0.045283 
0.001852 0.001852 0.048148 0.001852 0.001852 0.001852 0.001852 0.001852 0.057407 0.881481 
0.017297 0.001081 0.228108 0.001081 0.001081 0.017297 0.384865 0.049730 0.001081 0.298378 
0.036257 0.001170 0.001170 0.159064 0.001170 0.012865 0.521637 0.001170 0.001170 0.264327 
0.130612 0.355102 0.028571 0.001361 0.321088 0.001361 0.001361 0.014966 0.001361 0.144218 
0.011429 0.001905 0.620952 0.211429 0.001905 0.001905 0.001905 0.001905 0.011429 0.135238 
0.270787 0.119101 0.141573 0.096629 0.001124 0.001124 0.119101 0.012360 0.006742 0.231461 
0.107692 0.001923 0.050000 0.021154 0.001923 0.165385 0.001923 0.011538 0.001923 0.636538 
0.112821 0.001709 0.104274 0.642735 0.001709 0.001709 0.001709 0.061538 0.001709 0.070085 
0.126946 0.001198 0.001198 0.336527 0.001198 0.456287 0.067066 0.001198 0.007186 0.001198 
0.319553 0.029050 0.001117 0.001117 0.001117 0.420112 0.001117 0.017877 0.006704 0.202235 
0.010435 0.010435 0.775652 0.001739 0.019130 0.001739 0.001739 0.001739 0.001739 0.175652 
0.001449 0.001449 0.240580 0.081159 0.015942 0.001449 0.124638 0.001449 0.023188 0.508696 
0.041600 0.001600 0.025600 0.497600 0.001600 0.001600 0.001600 0.009600 0.417600 0.001600 
0.001538 0.001538 0.001538 0.001538 0.001538 0.001538 0.001538 0.001538 0.001538 0.986154 
0.391870 0.050407 0.017886 0.156098 0.074797 0.001626 0.001626 0.286179 0.001626 0.017886 
0.156410 0.015385 0.002564 0.002564 0.002564 0.617949 0.015385 0.002564 0.002564 0.182051 
0.001370 0.001370 0.097260 0.001370 0.015068 0.069863 0.610959 0.001370 0.008219 0.193151 
0.001575 0.001575 0.418898 0.096063 0.072441 0.001575 0.001575 0.001575 0.001575 0.403150 
0.093103 0.001149 0.098851 0.409195 0.006897 0.041379 0.001149 0.162069 0.093103 0.093103 
0.144000 0.264000 0.046857 0.012571 0.001143 0.001143 0.361143 0.001143 0.052571 0.115429 
0.001887 0.011321 0.633962 0.115094 0.228302 0.001887 0.001887 0.001887 0.001887 0.001887 
0.001379 0.001379 0.042759 0.180690 0.001379 0.001379 0.001379 0.063448 0.573793 0.132414 
0.087931 0.062069 0.001724 0.200000 0.044828 0.001724 0.001724 0.303448 0.156897 0.139655 
0.026829 0.051220 0.758537 0.002439 0.002439 0.087805 0.002439 0.002439 0.002439 0.063415 
0.001905 0.001905 0.097143 0.001905 0.001905 0.125714 0.011429 0.344762 0.049524 0.363810 
0.001325 0.001325 0.001325 0.200000 0.007947 0.014570 0.041060 0.200000 0.498013 0.034437 
0.001770 0.001770 0.231858 0.001770 0.010619 0.001770 0.001770 0.001770 0.001770 0.745133 
0.442520 0.261417 0.119685 0.009449 0.088189 0.001575 0.001575 0.001575 0.001575 0.072441 
0.088889 0.002469 0.113580 0.656790 0.002469 0.002469 0.027160 0.002469 0.101235 0.002469 
0.001242 0.100621 0.001242 0.026087 0.187578 0.299379 0.001242 0.032298 0.349068 0.001242 
0.001183 0.001183 0.042604 0.001183 0.001183 0.060355 0.036686 0.143195 0.001183 0.711243 
0.002083 0.002083 0.179167 0.012500 0.002083 0.002083 0.012500 0.002083 0.002083 0.783333 
0.001961 0.050980 0.001961 0.109804 0.001961 0.001961 0.001961 0.070588 0.031373 0.727451 
0.355752 0.311504 0.001770 0.001770 0.010619 0.143363 0.001770 0.001770 0.152212 0.019469 
0.612214 0.138931 0.001527 0.001527 0.009160 0.001527 0.039695 0.001527 0.192366 0.001527 
0.443537 0.389116 0.001361 0.001361 0.001361 0.076190 0.062585 0.008163 0.001361 0.014966 
0.649600 0.281600 0.001600 0.001600 0.001600 0.001600 0.057600 0.001600 0.001600 0.001600 
0.375824 0.013187 0.002198 0.002198 0.002198 0.584615 0.002198 0.002198 0.002198 0.013187 
0.350000 0.528571 0.001786 0.046429 0.001786 0.055357 0.001786 0.001786 0.001786 0.010714 
0.175652 0.132174 0.001739 0.019130 0.001739 0.636522 0.019130 0.001739 0.001739 0.010435 
0.236782 0.368966 0.001149 0.001149 0.001149 0.001149 0.001149 0.018391 0.001149 0.368966 
0.059048 0.363810 0.001905 0.001905 0.001905 0.040000 0.020952 0.001905 0.497143 0.011429 
0.001351 0.852703 0.001351 0.014865 0.028378 0.001351 0.001351 0.008108 0.021622 0.068919 
0.180198 0.100990 0.001980 0.001980 0.001980 0.655446 0.021782 0.001980 0.011881 0.021782 
0.512000 0.382000 0.002000 0.002000 0.002000 0.092000 0.002000 0.002000 0.002000 0.002000 
0.383505 0.527835 0.012371 0.002062 0.002062 0.012371 0.053608 0.002062 0.002062 0.002062 
0.567677 0.143434 0.012121 0.002020 0.012121 0.254545 0.002020 0.002020 0.002020 0.002020 
0.525000 0.032813 0.001563 0.181250 0.103125 0.071875 0.001563 0.001563 0.001563 0.079687 
0.127407 0.845926 0.008889 0.001481 0.001481 0.008889 0.001481 0.001481 0.001481 0.001481 
0.009375 0.595313 0.110937 0.001563 0.220312 0.001563 0.017188 0.001563 0.001563 0.040625 
0.310714 0.602381 0.001190 0.001190 0.066667 0.007143 0.001190 0.007143 0.001190 0.001190 
0.001681 0.757983 0.001681 0.001681 0.010084 0.094118 0.102521 0.018487 0.010084 0.001681 
0.650382 0.268702 0.001527 0.001527 0.001527 0.054962 0.001527 0.001527 0.001527 0.016794 
0.094574 0.559690 0.110078 0.001550 0.179845 0.001550 0.001550 0.001550 0.001550 0.048062 
0.478125 0.345313 0.110937 0.009375 0.001563 0.001563 0.001563 0.025000 0.025000 0.001563 
0.680734 0.121101 0.047706 0.001835 0.029358 0.001835 0.111927 0.001835 0.001835 0.001835 
0.566234 0.397403 0.001299 0.001299 0.001299 0.020779 0.001299 0.001299 0.007792 0.001299 
0.584615 0.013187 0.112088 0.002198 0.002198 0.035165 0.210989 0.002198 0.035165 0.002198 
0.001770 0.417699 0.001770 0.001770 0.001770 0.523894 0.046018 0.001770 0.001770 0.001770 
0.075676 0.541892 0.163514 0.035135 0.116216 0.014865 0.041892 0.008108 0.001351 0.001351 
0.047706 0.313761 0.001835 0.001835 0.029358 0.029358 0.304587 0.001835 0.075229 0.194495 
0.016923 0.855385 0.001538 0.040000 0.001538 0.070769 0.001538 0.001538 0.001538 0.009231 
0.520611 0.352672 0.009160 0.001527 0.001527 0.001527 0.100763 0.009160 0.001527 0.001527 
0.670866 0.111811 0.001575 0.001575 0.001575 0.103937 0.001575 0.096063 0.001575 0.009449 
0.002299 0.554023 0.002299 0.002299 0.002299 0.002299 0.174713 0.220690 0.036782 0.002299 
0.465263 0.454737 0.054737 0.002105 0.002105 0.002105 0.002105 0.002105 0.012632 0.002105 
0.345038 0.314504 0.009160 0.009160 0.154198 0.116031 0.001527 0.001527 0.009160 0.039695 
0.282813 0.267188 0.001563 0.009375 0.142187 0.087500 0.001563 0.009375 0.001563 0.196875 
0.183471 0.307438 0.018182 0.001653 0.009917 0.158678 0.001653 0.026446 0.018182 0.274380 
0.482443 0.001527 0.001527 0.001527 0.001527 0.001527 0.245802 0.039695 0.001527 0.222901 
0.070769 0.055385 0.193846 0.001538 0.209231 0.001538 0.001538 0.001538 0.147692 0.316923 
0.056250 0.806250 0.048438 0.001563 0.001563 0.009375 0.071875 0.001563 0.001563 0.001563 
0.001227 0.271166 0.001227 0.001227 0.031902 0.602454 0.001227 0.001227 0.050307 0.038037 
0.037681 0.704348 0.001449 0.001449 0.008696 0.197101 0.037681 0.001449 0.008696 0.001449 
0.032500 0.876250 0.001250 0.001250 0.001250 0.001250 0.082500 0.001250 0.001250 0.001250 
0.001351 0.933784 0.028378 0.001351 0.001351 0.028378 0.001351 0.001351 0.001351 0.001351 
0.001653 0.604959 0.026446 0.009917 0.001653 0.042975 0.009917 0.018182 0.241322 0.042975 
0.060000 0.476667 0.376667 0.001667 0.001667 0.001667 0.060000 0.018333 0.001667 0.001667 
0.001887 0.190566 0.426415 0.058491 0.001887 0.001887 0.313208 0.001887 0.001887 0.001887 
0.002128 0.800000 0.065957 0.002128 0.002128 0.002128 0.002128 0.012766 0.108511 0.002128 
0.032813 0.837500 0.001563 0.001563 0.001563 0.001563 0.017188 0.009375 0.095312 0.001563 
0.006154 0.411282 0.047179 0.001026 0.354872 0.165128 0.006154 0.001026 0.006154 0.001026 
0.001471 0.023529 0.376471 0.001471 0.575000 0.008824 0.001471 0.001471 0.008824 0.001471 
0.001130 0.645198 0.187571 0.001130 0.148023 0.001130 0.001130 0.001130 0.006780 0.006780 
0.094667 0.268000 0.274667 0.001333 0.308000 0.001333 0.001333 0.014667 0.034667 0.001333 
0.001460 0.242336 0.081752 0.008759 0.125547 0.534307 0.001460 0.001460 0.001460 0.001460 
0.024852 0.776331 0.048521 0.007101 0.001183 0.001183 0.001183 0.001183 0.137278 0.001183 
0.001460 0.519708 0.461314 0.001460 0.001460 0.001460 0.001460 0.008759 0.001460 0.001460 
0.001481 0.623704 0.023704 0.001481 0.342222 0.001481 0.001481 0.001481 0.001481 0.001481 
0.302959 0.226036 0.001183 0.001183 0.190533 0.001183 0.007101 0.267456 0.001183 0.001183 
0.001149 0.001149 0.300000 0.133333 0.311494 0.018391 0.219540 0.012644 0.001149 0.001149 
0.687582 0.145098 0.007843 0.020915 0.020915 0.060131 0.020915 0.007843 0.007843 0.020915 
0.032061 0.001527 0.001527 0.398473 0.306870 0.001527 0.253435 0.001527 0.001527 0.001527 
0.001613 0.009677 0.235484 0.259677 0.162903 0.058065 0.146774 0.001613 0.122581 0.001613 
0.001325 0.517881 0.233113 0.001325 0.067550 0.173510 0.001325 0.001325 0.001325 0.001325 
0.001266 0.355696 0.634177 0.001266 0.001266 0.001266 0.001266 0.001266 0.001266 0.001266 
0.001290 0.369032 0.007742 0.020645 0.007742 0.014194 0.001290 0.072258 0.246452 0.259355 
0.001389 0.459722 0.050000 0.001389 0.001389 0.133333 0.098611 0.001389 0.181944 0.070833 
0.143262 0.710638 0.001418 0.001418 0.001418 0.136170 0.001418 0.001418 0.001418 0.001418 
0.001117 0.587709 0.319553 0.034637 0.001117 0.001117 0.051397 0.001117 0.001117 0.001117 
0.011111 0.214815 0.001852 0.325926 0.020370 0.029630 0.307407 0.020370 0.001852 0.066667 
0.025600 0.393600 0.001600 0.001600 0.385600 0.009600 0.001600 0.001600 0.145600 0.033600 
0.001205 0.477108 0.145783 0.001205 0.001205 0.043373 0.001205 0.326506 0.001205 0.001205 
0.001235 0.001235 0.223457 0.137037 0.106173 0.044444 0.001235 0.001235 0.482716 0.001235 
0.091089 0.269307 0.001980 0.001980 0.150495 0.001980 0.001980 0.001980 0.477228 0.001980 
0.182677 0.048819 0.001575 0.001575 0.119685 0.001575 0.466142 0.001575 0.174803 0.001575 
0.068889 0.191111 0.013333 0.002222 0.002222 0.280000 0.135556 0.002222 0.302222 0.002222 
0.157225 0.082081 0.093642 0.006936 0.058960 0.001156 0.024277 0.001156 0.573410 0.001156 
0.142222 0.053333 0.120000 0.001481 0.275556 0.001481 0.194074 0.001481 0.208889 0.001481 
0.012632 0.002105 0.465263 0.002105 0.012632 0.002105 0.191579 0.002105 0.307368 0.002105 
0.044604 0.282014 0.008633 0.030216 0.001439 0.001439 0.353957 0.001439 0.274820 0.001439 
0.280000 0.071304 0.001739 0.001739 0.114783 0.114783 0.010435 0.001739 0.401739 0.001739 
0.224204 0.434395 0.001274 0.020382 0.020382 0.001274 0.001274 0.020382 0.256051 0.020382 
0.001361 0.001361 0.130612 0.225850 0.028571 0.001361 0.001361 0.001361 0.436735 0.171429 
0.525397 0.009524 0.001587 0.001587 0.057143 0.009524 0.073016 0.001587 0.287302 0.033333 
0.363780 0.033071 0.001575 0.009449 0.040945 0.182677 0.001575 0.001575 0.355906 0.009449 
0.001361 0.001361 0.001361 0.001361 0.014966 0.008163 0.001361 0.014966 0.715646 0.239456 
0.135211 0.635211 0.001408 0.001408 0.008451 0.008451 0.015493 0.001408 0.191549 0.001408 
0.206557 0.001639 0.026230 0.001639 0.460656 0.001639 0.001639 0.001639 0.296721 0.001639 
0.408696 0.001087 0.001087 0.001087 0.001087 0.104348 0.082609 0.001087 0.397826 0.001087 
0.452288 0.007843 0.099346 0.020915 0.033987 0.347712 0.033987 0.001307 0.001307 0.001307 
0.013018 0.001183 0.196450 0.007101 0.007101 0.001183 0.551479 0.001183 0.220118 0.001183 
0.527586 0.113793 0.001724 0.001724 0.087931 0.001724 0.001724 0.001724 0.260345 0.001724 
0.605172 0.010345 0.001724 0.053448 0.018966 0.010345 0.001724 0.001724 0.294828 0.001724 
0.001361 0.055782 0.001361 0.001361 0.001361 0.885714 0.001361 0.008163 0.042177 0.001361 
0.307438 0.224793 0.001653 0.018182 0.001653 0.439669 0.001653 0.001653 0.001653 0.001653 
0.001613 0.235484 0.001613 0.001613 0.187097 0.001613 0.138710 0.017742 0.001613 0.412903 
0.137895 0.001053 0.106316 0.001053 0.001053 0.001053 0.490526 0.001053 0.258947 0.001053 
0.523077 0.172650 0.001709 0.001709 0.044444 0.001709 0.035897 0.001709 0.215385 0.001709 
0.368000 0.001333 0.034667 0.008000 0.001333 0.001333 0.354667 0.001333 0.228000 0.001333 
0.273600 0.025600 0.009600 0.001600 0.001600 0.089600 0.289600 0.001600 0.305600 0.001600 
0.462921 0.013483 0.002247 0.092135 0.002247 0.215730 0.002247 0.002247 0.204494 0.002247 
0.238158 0.330263 0.001316 0.001316 0.034211 0.001316 0.271053 0.001316 0.119737 0.001316 
0.269714 0.001143 0.001143 0.001143 0.001143 0.001143 0.498286 0.001143 0.224000 0.001143 
0.030476 0.001905 0.268571 0.001905 0.001905 0.011429 0.344762 0.001905 0.325714 0.011429 
0.416327 0.096599 0.001361 0.001361 0.001361 0.008163 0.402721 0.001361 0.069388 0.001361 
0.051799 0.001439 0.001439 0.001439 0.181295 0.425899 0.001439 0.087770 0.138129 0.109353 
0.558261 0.001739 0.010435 0.001739 0.001739 0.045217 0.071304 0.001739 0.306087 0.001739 
0.001852 0.390741 0.001852 0.020370 0.159259 0.001852 0.224074 0.001852 0.196296 0.001852 
0.002326 0.502326 0.002326 0.037209 0.025581 0.072093 0.002326 0.048837 0.304651 0.002326 
0.274126 0.001399 0.427972 0.001399 0.001399 0.001399 0.001399 0.008392 0.281119 0.001399 
0.193151 0.001370 0.001370 0.001370 0.008219 0.001370 0.042466 0.001370 0.624658 0.124658 
0.419178 0.371233 0.001370 0.001370 0.001370 0.165753 0.028767 0.008219 0.001370 0.001370 
0.272180 0.520301 0.001504 0.001504 0.016541 0.009023 0.001504 0.016541 0.091729 0.069173 
0.448000 0.274667 0.254667 0.001333 0.001333 0.001333 0.008000 0.001333 0.008000 0.001333 
0.002105 0.002105 0.002105 0.012632 0.002105 0.002105 0.096842 0.875789 0.002105 0.002105 
0.001754 0.001754 0.001754 0.378947 0.001754 0.124561 0.001754 0.484211 0.001754 0.001754 
0.107317 0.448780 0.082927 0.001626 0.001626 0.001626 0.237398 0.115447 0.001626 0.001626 
0.001550 0.451163 0.009302 0.001550 0.079070 0.001550 0.001550 0.451163 0.001550 0.001550 
0.001835 0.029358 0.166972 0.001835 0.001835 0.001835 0.497248 0.001835 0.148624 0.148624 
0.001307 0.001307 0.001307 0.053595 0.027451 0.001307 0.020915 0.811765 0.001307 0.079739 
0.072727 0.001299 0.001299 0.001299 0.001299 0.001299 0.001299 0.118182 0.001299 0.800000 
0.001449 0.001449 0.008696 0.030435 0.001449 0.001449 0.008696 0.726087 0.037681 0.182609 
0.194495 0.001835 0.001835 0.001835 0.001835 0.011009 0.350459 0.396330 0.038532 0.001835 
0.001942 0.011650 0.108738 0.001942 0.069903 0.001942 0.128155 0.205825 0.001942 0.467961 
0.001370 0.015068 0.049315 0.001370 0.001370 0.001370 0.145205 0.480822 0.001370 0.302740 
0.041600 0.321600 0.177600 0.009600 0.001600 0.017600 0.001600 0.425600 0.001600 0.001600 
0.020183 0.011009 0.001835 0.001835 0.001835 0.001835 0.001835 0.744954 0.001835 0.212844 
0.001481 0.001481 0.016296 0.001481 0.001481 0.001481 0.208889 0.379259 0.112593 0.275556 
0.001274 0.033121 0.001274 0.001274 0.052229 0.007643 0.268790 0.421656 0.109554 0.103185 
0.001439 0.001439 0.001439 0.051799 0.001439 0.001439 0.001439 0.576978 0.001439 0.361151 
0.080488 0.092683 0.001220 0.050000 0.001220 0.001220 0.007317 0.440244 0.281707 0.043902 
0.001626 0.009756 0.099187 0.009756 0.050407 0.009756 0.001626 0.814634 0.001626 0.001626 
0.037838 0.001802 0.019820 0.001802 0.263063 0.100901 0.028829 0.542342 0.001802 0.001802 
0.001802 0.019820 0.154955 0.001802 0.001802 0.001802 0.001802 0.434234 0.353153 0.028829 
0.001538 0.170769 0.178462 0.001538 0.001538 0.001538 0.109231 0.516923 0.009231 0.009231 
0.001653 0.009917 0.001653 0.100826 0.373554 0.001653 0.076033 0.357025 0.001653 0.076033 
0.076301 0.001156 0.001156 0.001156 0.001156 0.018497 0.006936 0.440462 0.012717 0.440462 
0.001290 0.001290 0.001290 0.046452 0.001290 0.014194 0.001290 0.633548 0.298065 0.001290 
0.001538 0.016923 0.140000 0.001538 0.001538 0.009231 0.001538 0.824615 0.001538 0.001538 
0.007407 0.001235 0.001235 0.001235 0.001235 0.001235 0.001235 0.927160 0.056790 0.001235 
0.001325 0.021192 0.213245 0.358940 0.292715 0.107285 0.001325 0.001325 0.001325 0.001325 
0.240000 0.059355 0.001290 0.052903 0.407742 0.117419 0.027097 0.020645 0.001290 0.072258 
0.154667 0.601333 0.001333 0.034667 0.001333 0.174667 0.008000 0.001333 0.021333 0.001333 
0.366957 0.349565 0.027826 0.010435 0.001739 0.201739 0.001739 0.036522 0.001739 0.001739 
0.001515 0.001515 0.001515 0.100000 0.206061 0.046970 0.107576 0.372727 0.160606 0.001515 
0.045860 0.001274 0.211465 0.115924 0.001274 0.007643 0.001274 0.001274 0.383439 0.230573 
0.345000 0.082500 0.013750 0.032500 0.407500 0.001250 0.045000 0.001250 0.063750 0.007500 
0.001307 0.726797 0.007843 0.014379 0.223529 0.007843 0.001307 0.001307 0.014379 0.001307 
0.557576 0.335354 0.002020 0.002020 0.022222 0.072727 0.002020 0.002020 0.002020 0.002020 
0.000966 0.604831 0.343961 0.000966 0.005797 0.000966 0.000966 0.000966 0.039614 0.000966 
0.082143 0.001786 0.001786 0.019643 0.483929 0.019643 0.010714 0.091071 0.001786 0.287500 
0.001190 0.459524 0.001190 0.001190 0.030952 0.489286 0.001190 0.001190 0.001190 0.013095 
0.171631 0.001418 0.008511 0.001418 0.001418 0.802837 0.001418 0.008511 0.001418 0.001418 
0.001449 0.552174 0.001449 0.001449 0.436232 0.001449 0.001449 0.001449 0.001449 0.001449 
0.251316 0.672368 0.001316 0.001316 0.040789 0.001316 0.007895 0.001316 0.021053 0.001316 
0.001550 0.737984 0.203101 0.001550 0.001550 0.009302 0.001550 0.001550 0.001550 0.040310 
0.312000 0.002000 0.032000 0.172000 0.242000 0.012000 0.022000 0.002000 0.052000 0.152000 
0.302098 0.022378 0.001399 0.127273 0.001399 0.148252 0.001399 0.288112 0.106294 0.001399 
0.028000 0.621333 0.001333 0.014667 0.254667 0.001333 0.001333 0.054667 0.001333 0.021333 
0.044928 0.363768 0.023188 0.001449 0.001449 0.559420 0.001449 0.001449 0.001449 0.001449 
0.008955 0.270149 0.001493 0.001493 0.240299 0.210448 0.120896 0.001493 0.143284 0.001493 
0.113158 0.336842 0.001316 0.001316 0.244737 0.146053 0.152632 0.001316 0.001316 0.001316 
0.040789 0.586842 0.007895 0.047368 0.310526 0.001316 0.001316 0.001316 0.001316 0.001316 
0.234356 0.068712 0.001227 0.001227 0.087117 0.001227 0.001227 0.019632 0.584049 0.001227 
0.001439 0.857554 0.001439 0.001439 0.030216 0.087770 0.001439 0.001439 0.001439 0.015827 
0.217568 0.001351 0.170270 0.001351 0.122973 0.021622 0.102703 0.339189 0.008108 0.014865 
0.266667 0.001361 0.001361 0.001361 0.606803 0.001361 0.001361 0.042177 0.021769 0.055782 
0.001316 0.797368 0.007895 0.001316 0.067105 0.001316 0.001316 0.067105 0.001316 0.053947 
0.140606 0.134545 0.110303 0.007273 0.601212 0.001212 0.001212 0.001212 0.001212 0.001212 
0.502326 0.118605 0.002326 0.013953 0.002326 0.304651 0.013953 0.002326 0.037209 0.002326 
0.038806 0.068657 0.225373 0.008955 0.531343 0.016418 0.001493 0.001493 0.001493 0.105970 
0.001266 0.305063 0.222785 0.083544 0.121519 0.013924 0.001266 0.007595 0.235443 0.007595 
0.554472 0.017886 0.001626 0.026016 0.009756 0.147967 0.082927 0.074797 0.001626 0.082927 
0.001449 0.008696 0.037681 0.189855 0.110145 0.066667 0.168116 0.269565 0.001449 0.146377 
0.533333 0.047953 0.001170 0.001170 0.305263 0.001170 0.007018 0.042105 0.059649 0.001170 
0.118333 0.460000 0.076667 0.001667 0.185000 0.026667 0.085000 0.010000 0.001667 0.035000 
0.105202 0.001156 0.070520 0.018497 0.093642 0.243931 0.012717 0.197688 0.001156 0.255491 
0.077311 0.144538 0.001681 0.010084 0.052101 0.001681 0.119328 0.136134 0.287395 0.169748 
0.001600 0.329600 0.001600 0.001600 0.009600 0.377600 0.161600 0.113600 0.001600 0.001600 
0.359184 0.002041 0.002041 0.042857 0.012245 0.246939 0.002041 0.124490 0.134694 0.073469 
0.028188 0.800000 0.001342 0.001342 0.021477 0.122148 0.001342 0.001342 0.001342 0.021477 
0.001471 0.405882 0.001471 0.008824 0.133824 0.376471 0.001471 0.016176 0.001471 0.052941 
0.050704 0.008451 0.001408 0.001408 0.064789 0.304225 0.008451 0.057746 0.381690 0.121127 
0.084848 0.001515 0.100000 0.016667 0.145455 0.009091 0.084848 0.319697 0.054545 0.183333 
0.062609 0.140870 0.001739 0.001739 0.001739 0.001739 0.132174 0.471304 0.184348 0.001739 
0.001020 0.001020 0.536735 0.001020 0.001020 0.001020 0.398980 0.001020 0.057143 0.001020 
0.013665 0.050932 0.286957 0.001242 0.088199 0.001242 0.007453 0.001242 0.473292 0.075776 
0.256051 0.230573 0.001274 0.007643 0.064968 0.001274 0.211465 0.001274 0.001274 0.224204 
0.092424 0.016667 0.668182 0.001515 0.062121 0.001515 0.001515 0.054545 0.016667 0.084848 
0.051111 0.278889 0.001111 0.090000 0.001111 0.417778 0.001111 0.006667 0.151111 0.001111 
0.001124 0.478652 0.034831 0.001124 0.473034 0.006742 0.001124 0.001124 0.001124 0.001124 
0.008219 0.419178 0.124658 0.028767 0.056164 0.227397 0.097260 0.001370 0.035616 0.001370 
