0.001626 0.213008 0.001626 0.001626 0.026016 0.001626 0.017886 0.733333 0.001626 0.001626 
0.001575 0.686614 0.001575 0.001575 0.001575 0.072441 0.017323 0.001575 0.001575 0.214173 
0.001626 0.343089 0.196748 0.001626 0.001626 0.034146 0.017886 0.400000 0.001626 0.001626 
0.001087 0.598913 0.001087 0.001087 0.164130 0.001087 0.191304 0.001087 0.033696 0.006522 
0.001538 0.393846 0.093846 0.001538 0.001538 0.178462 0.032308 0.178462 0.116923 0.001538 
0.001754 0.466667 0.001754 0.001754 0.001754 0.229825 0.264912 0.010526 0.001754 0.019298 
0.010619 0.152212 0.001770 0.019469 0.046018 0.311504 0.134513 0.046018 0.001770 0.276106 
0.002469 0.261728 0.002469 0.002469 0.014815 0.483951 0.014815 0.212346 0.002469 0.002469 
0.068148 0.164444 0.120000 0.001481 0.505185 0.001481 0.134815 0.001481 0.001481 0.001481 
0.001307 0.177778 0.001307 0.001307 0.001307 0.249673 0.033987 0.524183 0.007843 0.001307 
0.001653 0.158678 0.001653 0.001653 0.001653 0.001653 0.505785 0.315702 0.009917 0.001653 
0.008333 0.126389 0.001389 0.084722 0.001389 0.126389 0.647222 0.001389 0.001389 0.001389 
0.001550 0.001550 0.001550 0.001550 0.071318 0.048062 0.164341 0.001550 0.001550 0.706977 
0.001449 0.313043 0.008696 0.037681 0.015942 0.001449 0.378261 0.240580 0.001449 0.001449 
0.044720 0.162733 0.001242 0.001242 0.001242 0.665839 0.044720 0.001242 0.075776 0.001242 
0.026667 0.101667 0.010000 0.060000 0.001667 0.535000 0.010000 0.226667 0.026667 0.001667 
0.057746 0.163380 0.064789 0.001408 0.022535 0.085915 0.388732 0.198592 0.008451 0.008451 
0.001481 0.453333 0.231111 0.001481 0.001481 0.001481 0.164444 0.134815 0.008889 0.001481 
0.001613 0.009677 0.001613 0.001613 0.243548 0.606452 0.009677 0.001613 0.033871 0.090323 
0.800000 0.001754 0.001754 0.019298 0.001754 0.010526 0.001754 0.159649 0.001754 0.001754 
0.121600 0.001600 0.081600 0.001600 0.001600 0.201600 0.025600 0.009600 0.017600 0.537600 
0.001667 0.018333 0.001667 0.001667 0.085000 0.001667 0.001667 0.851667 0.018333 0.018333 
0.018487 0.001681 0.043697 0.010084 0.421849 0.043697 0.127731 0.001681 0.001681 0.329412 
0.001786 0.010714 0.010714 0.180357 0.537500 0.037500 0.001786 0.001786 0.001786 0.216071 
0.010000 0.018333 0.001667 0.001667 0.643333 0.293333 0.026667 0.001667 0.001667 0.001667 
0.899401 0.007186 0.001198 0.001198 0.007186 0.001198 0.001198 0.019162 0.007186 0.055090 
0.148993 0.189262 0.001342 0.061745 0.457718 0.001342 0.122148 0.001342 0.014765 0.001342 
0.114970 0.091018 0.001198 0.001198 0.659880 0.001198 0.120958 0.007186 0.001198 0.001198 
0.002020 0.103030 0.002020 0.002020 0.002020 0.264646 0.395960 0.224242 0.002020 0.002020 
0.022581 0.108602 0.022581 0.001075 0.001075 0.087097 0.006452 0.748387 0.001075 0.001075 
0.043697 0.001681 0.001681 0.119328 0.741176 0.001681 0.060504 0.010084 0.018487 0.001681 
0.001274 0.141401 0.014013 0.001274 0.014013 0.536306 0.147771 0.026752 0.001274 0.115924 
0.370470 0.001342 0.001342 0.001342 0.330201 0.001342 0.028188 0.081879 0.001342 0.182550 
0.757895 0.001316 0.001316 0.007895 0.119737 0.001316 0.014474 0.093421 0.001316 0.001316 
0.817544 0.010526 0.001754 0.001754 0.150877 0.010526 0.001754 0.001754 0.001754 0.001754 
0.001493 0.173134 0.016418 0.105970 0.046269 0.225373 0.255224 0.001493 0.173134 0.001493 
0.107018 0.177193 0.001754 0.045614 0.107018 0.001754 0.212281 0.001754 0.010526 0.335088 
0.334300 0.005797 0.000966 0.179710 0.310145 0.000966 0.000966 0.145894 0.000966 0.020290 
0.194286 0.015714 0.030000 0.080000 0.651429 0.001429 0.008571 0.015714 0.001429 0.001429 
0.008333 0.001389 0.001389 0.001389 0.063889 0.029167 0.237500 0.001389 0.001389 0.654167 
0.141228 0.000877 0.000877 0.009649 0.101754 0.000877 0.035965 0.000877 0.066667 0.641228 
0.238849 0.037410 0.001439 0.001439 0.282014 0.001439 0.001439 0.433094 0.001439 0.001439 
0.582796 0.131183 0.002151 0.002151 0.002151 0.131183 0.023656 0.120430 0.002151 0.002151 
0.008759 0.278832 0.059854 0.023358 0.103650 0.037956 0.096350 0.103650 0.278832 0.008759 
0.001681 0.010084 0.001681 0.278992 0.136134 0.119328 0.010084 0.001681 0.236975 0.203361 
0.001504 0.219549 0.009023 0.009023 0.001504 0.685714 0.016541 0.054135 0.001504 0.001504 
0.211111 0.143210 0.025926 0.032099 0.001235 0.001235 0.396296 0.167901 0.007407 0.013580 
0.310638 0.002128 0.012766 0.002128 0.417021 0.002128 0.204255 0.002128 0.002128 0.044681 
0.668056 0.001389 0.161111 0.001389 0.001389 0.001389 0.050000 0.015278 0.029167 0.070833 
0.050746 0.000995 0.045771 0.040796 0.806965 0.000995 0.015920 0.000995 0.015920 0.020896 
0.213699 0.001370 0.001370 0.001370 0.330137 0.001370 0.419178 0.001370 0.001370 0.028767 
0.508219 0.145205 0.001370 0.001370 0.295890 0.008219 0.001370 0.008219 0.001370 0.028767 
0.002198 0.002198 0.002198 0.057143 0.189011 0.002198 0.178022 0.452747 0.112088 0.002198 
0.001418 0.001418 0.001418 0.001418 0.909220 0.001418 0.029787 0.001418 0.008511 0.043972 
0.236975 0.077311 0.127731 0.077311 0.001681 0.371429 0.001681 0.001681 0.001681 0.102521 
0.593043 0.166957 0.001739 0.001739 0.149565 0.062609 0.019130 0.001739 0.001739 0.001739 
0.061078 0.013174 0.001198 0.001198 0.001198 0.480240 0.037126 0.402395 0.001198 0.001198 
0.406329 0.051899 0.001266 0.001266 0.184810 0.045570 0.013924 0.001266 0.007595 0.286076 
0.371429 0.228571 0.001299 0.001299 0.014286 0.001299 0.001299 0.345455 0.001299 0.033766 
0.253333 0.038519 0.164444 0.016296 0.001481 0.001481 0.001481 0.401481 0.105185 0.016296 
0.362406 0.009023 0.001504 0.001504 0.467669 0.001504 0.136842 0.016541 0.001504 0.001504 
0.696875 0.001563 0.235937 0.001563 0.001563 0.001563 0.040625 0.009375 0.001563 0.009375 
0.527407 0.008889 0.001481 0.001481 0.045926 0.001481 0.001481 0.016296 0.371852 0.023704 
0.346903 0.196460 0.010619 0.010619 0.063717 0.001770 0.054867 0.116814 0.001770 0.196460 
0.385600 0.049600 0.001600 0.001600 0.049600 0.001600 0.193600 0.313600 0.001600 0.001600 
0.001325 0.001325 0.007947 0.014570 0.325828 0.047682 0.484768 0.001325 0.113907 0.001325 
0.022695 0.434043 0.001418 0.058156 0.008511 0.249645 0.001418 0.221277 0.001418 0.001418 
0.197872 0.096809 0.001064 0.001064 0.634043 0.001064 0.001064 0.011702 0.043617 0.011702 
0.269767 0.141860 0.013953 0.002326 0.002326 0.002326 0.002326 0.002326 0.560465 0.002326 
0.442373 0.103390 0.001695 0.001695 0.001695 0.196610 0.052542 0.001695 0.001695 0.196610 
0.046753 0.254545 0.001299 0.345455 0.105195 0.001299 0.215584 0.027273 0.001299 0.001299 
0.104505 0.158559 0.000901 0.167568 0.000901 0.185586 0.000901 0.027928 0.000901 0.352252 
0.001005 0.272362 0.001005 0.026131 0.001005 0.001005 0.001005 0.483417 0.016080 0.196985 
0.001149 0.225287 0.001149 0.052874 0.001149 0.001149 0.001149 0.213793 0.052874 0.449425 
0.114970 0.001198 0.007186 0.504192 0.252695 0.001198 0.001198 0.025150 0.001198 0.091018 
0.009375 0.001563 0.001563 0.001563 0.564063 0.001563 0.001563 0.009375 0.001563 0.407813 
0.035862 0.056552 0.056552 0.001379 0.001379 0.001379 0.001379 0.518621 0.001379 0.325517 
0.372028 0.001399 0.001399 0.001399 0.057343 0.036364 0.183217 0.001399 0.344056 0.001399 
0.001550 0.001550 0.001550 0.032558 0.001550 0.017054 0.001550 0.117829 0.776744 0.048062 
0.414815 0.001235 0.093827 0.001235 0.001235 0.001235 0.001235 0.025926 0.458025 0.001235 
0.327132 0.032558 0.009302 0.048062 0.141085 0.001550 0.001550 0.009302 0.427907 0.001550 
0.001325 0.001325 0.014570 0.047682 0.226490 0.001325 0.213245 0.001325 0.365563 0.127152 
0.093478 0.001087 0.001087 0.001087 0.001087 0.001087 0.196739 0.017391 0.511957 0.175000 
0.001163 0.018605 0.001163 0.070930 0.158140 0.001163 0.012791 0.012791 0.437209 0.286047 
0.001408 0.008451 0.001408 0.649296 0.008451 0.121127 0.001408 0.001408 0.078873 0.128169 
0.120833 0.001042 0.292708 0.001042 0.001042 0.027083 0.001042 0.001042 0.495833 0.058333 
0.002041 0.002041 0.002041 0.002041 0.002041 0.012245 0.022449 0.083673 0.869388 0.002041 
0.018079 0.001130 0.198870 0.255367 0.001130 0.001130 0.001130 0.097175 0.419209 0.006780 
0.001439 0.210072 0.001439 0.066187 0.001439 0.080576 0.001439 0.123741 0.289209 0.224460 
0.001299 0.215584 0.001299 0.040260 0.001299 0.384416 0.001299 0.241558 0.111688 0.001299 
0.001299 0.131169 0.001299 0.254545 0.001299 0.059740 0.085714 0.332468 0.131169 0.001299 
0.147445 0.067153 0.001460 0.016058 0.008759 0.198540 0.001460 0.410219 0.001460 0.147445 
0.642308 0.014103 0.052564 0.001282 0.116667 0.014103 0.001282 0.007692 0.123077 0.026923 
0.001325 0.292715 0.001325 0.001325 0.001325 0.001325 0.266225 0.266225 0.166887 0.001325 
0.009091 0.850000 0.001515 0.001515 0.001515 0.016667 0.001515 0.100000 0.009091 0.009091 
0.012644 0.271264 0.001149 0.001149 0.001149 0.001149 0.162069 0.547126 0.001149 0.001149 
0.001047 0.482723 0.090052 0.021990 0.001047 0.247120 0.001047 0.152880 0.001047 0.001047 
0.001290 0.227097 0.007742 0.001290 0.001290 0.001290 0.356129 0.349677 0.046452 0.007742 
0.002273 0.365909 0.002273 0.002273 0.002273 0.115909 0.002273 0.422727 0.002273 0.081818 
0.001449 0.146377 0.008696 0.008696 0.160870 0.008696 0.001449 0.646377 0.015942 0.001449 
0.030409 0.416374 0.001170 0.001170 0.036257 0.007018 0.018713 0.264327 0.100585 0.123977 
0.001250 0.026250 0.132500 0.020000 0.538750 0.001250 0.276250 0.001250 0.001250 0.001250 
0.260606 0.593939 0.033333 0.018182 0.003030 0.003030 0.003030 0.003030 0.078788 0.003030 
0.063393 0.545536 0.000893 0.000893 0.000893 0.000893 0.273214 0.112500 0.000893 0.000893 
0.001961 0.315686 0.001961 0.001961 0.001961 0.060784 0.394118 0.001961 0.001961 0.217647 
0.001538 0.555385 0.032308 0.001538 0.001538 0.178462 0.009231 0.178462 0.001538 0.040000 
0.253543 0.001575 0.001575 0.025197 0.001575 0.166929 0.001575 0.521260 0.001575 0.025197 
0.001515 0.274242 0.001515 0.001515 0.653030 0.001515 0.062121 0.001515 0.001515 0.001515 
0.001053 0.174737 0.001053 0.001053 0.243158 0.016842 0.480000 0.001053 0.069474 0.011579 
0.001481 0.497778 0.001481 0.001481 0.001481 0.001481 0.282963 0.127407 0.082963 0.001481 
0.117391 0.428986 0.001449 0.008696 0.015942 0.095652 0.001449 0.327536 0.001449 0.001449 
0.001429 0.051429 0.001429 0.001429 0.001429 0.422857 0.001429 0.515714 0.001429 0.001429 
0.001639 0.559016 0.001639 0.018033 0.001639 0.026230 0.001639 0.386885 0.001639 0.001639 
0.001418 0.285106 0.001418 0.001418 0.001418 0.320567 0.221277 0.164539 0.001418 0.001418 
0.001212 0.328485 0.001212 0.001212 0.001212 0.049697 0.001212 0.158788 0.001212 0.455758 
0.001887 0.266038 0.001887 0.001887 0.001887 0.030189 0.652830 0.039623 0.001887 0.001887 
0.001370 0.713699 0.001370 0.001370 0.042466 0.001370 0.179452 0.056164 0.001370 0.001370 
0.001563 0.556250 0.001563 0.001563 0.001563 0.056250 0.001563 0.017188 0.126562 0.235937 
0.001818 0.792727 0.010909 0.020000 0.001818 0.129091 0.038182 0.001818 0.001818 0.001818 
0.001429 0.237143 0.001429 0.001429 0.001429 0.230000 0.465714 0.001429 0.001429 0.058571 
0.017886 0.302439 0.001626 0.001626 0.001626 0.001626 0.139837 0.424390 0.001626 0.107317 
0.001493 0.576119 0.008955 0.001493 0.091045 0.128358 0.001493 0.001493 0.001493 0.188060 
0.009917 0.166942 0.001653 0.026446 0.001653 0.001653 0.200000 0.489256 0.067769 0.034711 
0.001325 0.471523 0.001325 0.001325 0.027815 0.007947 0.193377 0.292715 0.001325 0.001325 
0.001117 0.593296 0.001117 0.001117 0.207821 0.163128 0.012291 0.001117 0.017877 0.001117 
0.386335 0.094410 0.026087 0.001242 0.013665 0.255901 0.001242 0.131677 0.026087 0.063354 
0.001111 0.051111 0.001111 0.001111 0.134444 0.006667 0.584444 0.217778 0.001111 0.001111 
0.028966 0.346207 0.001379 0.015172 0.015172 0.249655 0.001379 0.332414 0.008276 0.001379 
0.023022 0.303597 0.001439 0.001439 0.001439 0.246043 0.246043 0.174101 0.001439 0.001439 
0.001220 0.373171 0.001220 0.001220 0.495122 0.001220 0.037805 0.074390 0.007317 0.007317 
0.001835 0.680734 0.001835 0.001835 0.258716 0.001835 0.047706 0.001835 0.001835 0.001835 
0.001653 0.191736 0.109091 0.034711 0.001653 0.166942 0.018182 0.233058 0.241322 0.001653 
0.088189 0.025197 0.001575 0.001575 0.001575 0.355906 0.001575 0.103937 0.229921 0.190551 
0.150000 0.011111 0.307407 0.001852 0.001852 0.001852 0.001852 0.150000 0.372222 0.001852 
0.001786 0.001786 0.001786 0.608929 0.010714 0.028571 0.001786 0.001786 0.117857 0.225000 
0.001600 0.001600 0.001600 0.217600 0.121600 0.233600 0.001600 0.001600 0.305600 0.113600 
0.025806 0.541935 0.001613 0.001613 0.001613 0.001613 0.001613 0.001613 0.001613 0.420968 
0.057862 0.007547 0.045283 0.089308 0.334591 0.070440 0.001258 0.051572 0.001258 0.340881 
0.001163 0.041860 0.001163 0.006977 0.001163 0.001163 0.001163 0.489535 0.001163 0.454651 
0.001105 0.133702 0.001105 0.001105 0.001105 0.001105 0.155801 0.702762 0.001105 0.001105 
0.001418 0.313475 0.001418 0.001418 0.001418 0.299291 0.001418 0.356028 0.015603 0.008511 
0.001538 0.001538 0.024615 0.001538 0.516923 0.170769 0.024615 0.001538 0.001538 0.255385 
0.033333 0.446032 0.080952 0.001587 0.001587 0.088889 0.001587 0.263492 0.080952 0.001587 
0.001439 0.598561 0.001439 0.001439 0.001439 0.044604 0.102158 0.246043 0.001439 0.001439 
0.001587 0.517460 0.009524 0.001587 0.001587 0.001587 0.168254 0.295238 0.001587 0.001587 
0.001835 0.001835 0.001835 0.001835 0.001835 0.212844 0.020183 0.754128 0.001835 0.001835 
0.001220 0.159756 0.007317 0.001220 0.062195 0.025610 0.251220 0.489024 0.001220 0.001220 
0.001786 0.537500 0.010714 0.010714 0.001786 0.091071 0.260714 0.001786 0.001786 0.082143 
0.001429 0.287143 0.001429 0.001429 0.022857 0.001429 0.001429 0.472857 0.015714 0.194286 
0.002020 0.002020 0.002020 0.002020 0.294949 0.002020 0.012121 0.638384 0.002020 0.042424 
0.001227 0.473620 0.025767 0.001227 0.400000 0.001227 0.050307 0.001227 0.001227 0.044172 
0.038272 0.062963 0.001235 0.032099 0.834568 0.007407 0.001235 0.001235 0.001235 0.019753 
0.021053 0.001316 0.021053 0.001316 0.514474 0.067105 0.211842 0.132895 0.027632 0.001316 
0.002273 0.354545 0.002273 0.002273 0.411364 0.002273 0.002273 0.013636 0.206818 0.002273 
0.017054 0.234109 0.001550 0.001550 0.001550 0.032558 0.017054 0.528682 0.001550 0.164341 
0.001163 0.070930 0.024419 0.006977 0.012791 0.001163 0.001163 0.448837 0.006977 0.425581 
0.036842 0.001754 0.001754 0.159649 0.001754 0.107018 0.291228 0.335088 0.001754 0.063158 
0.002174 0.176087 0.002174 0.002174 0.002174 0.241304 0.002174 0.480435 0.023913 0.067391 
0.001170 0.001170 0.001170 0.001170 0.375439 0.001170 0.088889 0.001170 0.001170 0.527485 
0.309091 0.057343 0.253147 0.169231 0.204196 0.001399 0.001399 0.001399 0.001399 0.001399 
0.007742 0.298065 0.001290 0.001290 0.001290 0.181935 0.001290 0.214194 0.001290 0.291613 
0.001333 0.014667 0.008000 0.001333 0.894667 0.001333 0.001333 0.001333 0.054667 0.021333 
0.001626 0.131707 0.017886 0.310569 0.050407 0.001626 0.123577 0.294309 0.066667 0.001626 
0.001429 0.044286 0.001429 0.080000 0.008571 0.258571 0.001429 0.115714 0.001429 0.487143 
0.001471 0.097059 0.038235 0.192647 0.001471 0.192647 0.258824 0.001471 0.001471 0.214706 
0.387143 0.080000 0.001429 0.037143 0.151429 0.044286 0.051429 0.001429 0.001429 0.244286 
0.001299 0.001299 0.040260 0.001299 0.202597 0.020779 0.033766 0.001299 0.001299 0.696104 
0.001550 0.148837 0.017054 0.024806 0.001550 0.009302 0.001550 0.567442 0.001550 0.226357 
0.070886 0.102532 0.001266 0.216456 0.001266 0.184810 0.001266 0.001266 0.001266 0.418987 
0.001481 0.305185 0.290370 0.001481 0.001481 0.208889 0.090370 0.075556 0.023704 0.001481 
0.001156 0.191908 0.001156 0.498266 0.001156 0.012717 0.157225 0.001156 0.001156 0.134104 
0.002062 0.053608 0.022680 0.600000 0.270103 0.002062 0.012371 0.032990 0.002062 0.002062 
0.001575 0.261417 0.001575 0.001575 0.001575 0.316535 0.001575 0.001575 0.001575 0.411024 
0.054386 0.001754 0.001754 0.001754 0.010526 0.457895 0.001754 0.221053 0.019298 0.229825 
0.000826 0.170248 0.000826 0.587603 0.000826 0.058678 0.009091 0.029752 0.000826 0.141322 
0.045926 0.216296 0.008889 0.275556 0.001481 0.038519 0.001481 0.001481 0.001481 0.408889 
0.001399 0.015385 0.001399 0.001399 0.204196 0.001399 0.001399 0.001399 0.099301 0.672727 
0.001143 0.001143 0.001143 0.149714 0.001143 0.126857 0.218286 0.001143 0.212571 0.286857 
0.001316 0.376316 0.001316 0.001316 0.001316 0.086842 0.001316 0.021053 0.178947 0.330263 
0.001370 0.453425 0.001370 0.001370 0.001370 0.001370 0.001370 0.316438 0.001370 0.220548 
0.001600 0.001600 0.001600 0.081600 0.001600 0.001600 0.001600 0.001600 0.001600 0.905600 
0.001361 0.008163 0.001361 0.001361 0.069388 0.001361 0.001361 0.001361 0.042177 0.872109 
0.001527 0.024427 0.001527 0.047328 0.062595 0.001527 0.001527 0.001527 0.116031 0.741985 
0.001515 0.001515 0.016667 0.001515 0.001515 0.001515 0.001515 0.001515 0.084848 0.887879 
0.001449 0.704348 0.001449 0.001449 0.269565 0.001449 0.001449 0.001449 0.001449 0.015942 
0.001515 0.395455 0.001515 0.001515 0.069697 0.009091 0.001515 0.221212 0.001515 0.296970 
0.031068 0.001942 0.021359 0.011650 0.001942 0.001942 0.166990 0.001942 0.001942 0.759223 
0.001613 0.082258 0.025806 0.001613 0.001613 0.009677 0.001613 0.025806 0.001613 0.848387 
0.277660 0.001064 0.001064 0.001064 0.150000 0.032979 0.463830 0.064894 0.001064 0.006383 
0.001942 0.001942 0.040777 0.302913 0.031068 0.001942 0.050485 0.001942 0.040777 0.526214 
0.073054 0.031138 0.049102 0.210778 0.420359 0.001198 0.001198 0.001198 0.073054 0.138922 
0.012500 0.002083 0.002083 0.002083 0.033333 0.002083 0.002083 0.314583 0.002083 0.627083 
0.024242 0.031818 0.001515 0.039394 0.092424 0.001515 0.001515 0.039394 0.001515 0.766667 
0.001481 0.016296 0.016296 0.001481 0.031111 0.164444 0.016296 0.482963 0.268148 0.001481 
0.021333 0.001333 0.021333 0.001333 0.001333 0.081333 0.774667 0.001333 0.074667 0.021333 
0.001361 0.001361 0.001361 0.014966 0.715646 0.001361 0.259864 0.001361 0.001361 0.001361 
0.001242 0.634783 0.001242 0.001242 0.007453 0.231056 0.001242 0.119255 0.001242 0.001242 
0.001449 0.327536 0.001449 0.001449 0.008696 0.226087 0.001449 0.428986 0.001449 0.001449 
0.008392 0.001399 0.365035 0.001399 0.001399 0.001399 0.001399 0.553846 0.057343 0.008392 
0.010092 0.266972 0.005505 0.000917 0.711927 0.000917 0.000917 0.000917 0.000917 0.000917 
0.001449 0.653623 0.001449 0.001449 0.037681 0.023188 0.059420 0.189855 0.030435 0.001449 
0.002083 0.064583 0.002083 0.002083 0.220833 0.002083 0.658333 0.043750 0.002083 0.002083 
0.001550 0.001550 0.172093 0.001550 0.001550 0.218605 0.001550 0.520930 0.001550 0.079070 
0.190164 0.009836 0.001639 0.001639 0.181967 0.001639 0.132787 0.477049 0.001639 0.001639 
0.001600 0.001600 0.193600 0.001600 0.001600 0.209600 0.001600 0.273600 0.025600 0.289600 
0.001770 0.001770 0.143363 0.001770 0.001770 0.046018 0.028319 0.594690 0.001770 0.178761 
0.001307 0.360784 0.007843 0.001307 0.125490 0.001307 0.308497 0.125490 0.007843 0.060131 
0.001227 0.504294 0.001227 0.001227 0.001227 0.105521 0.265031 0.105521 0.013497 0.001227 
0.001290 0.491613 0.001290 0.001290 0.007742 0.336774 0.001290 0.007742 0.001290 0.149677 
0.001053 0.001053 0.443158 0.001053 0.001053 0.001053 0.001053 0.080000 0.001053 0.469474 
0.002198 0.002198 0.002198 0.200000 0.002198 0.342857 0.013187 0.079121 0.002198 0.353846 
0.340606 0.001212 0.001212 0.249697 0.019394 0.001212 0.183030 0.201212 0.001212 0.001212 
0.002128 0.012766 0.012766 0.278723 0.204255 0.002128 0.002128 0.002128 0.012766 0.470213 
0.001282 0.001282 0.001282 0.103846 0.007692 0.007692 0.001282 0.001282 0.283333 0.591026 
0.001460 0.001460 0.008759 0.220438 0.001460 0.001460 0.001460 0.176642 0.395620 0.191241 
0.001258 0.013836 0.020126 0.001258 0.120755 0.001258 0.057862 0.661635 0.076730 0.045283 
0.020370 0.001852 0.020370 0.001852 0.011111 0.001852 0.001852 0.112963 0.825926 0.001852 
0.028108 0.001081 0.001081 0.011892 0.082162 0.001081 0.028108 0.001081 0.271351 0.574054 
0.001170 0.001170 0.001170 0.287719 0.001170 0.217544 0.001170 0.001170 0.094737 0.392982 
0.001361 0.001361 0.014966 0.008163 0.062585 0.110204 0.661224 0.062585 0.014966 0.062585 
0.001905 0.001905 0.001905 0.230476 0.001905 0.001905 0.154286 0.001905 0.173333 0.430476 
0.001124 0.001124 0.001124 0.068539 0.017978 0.214607 0.001124 0.467416 0.220225 0.006742 
0.001923 0.040385 0.001923 0.213462 0.001923 0.280769 0.001923 0.001923 0.453846 0.001923 
0.010256 0.001709 0.001709 0.035897 0.001709 0.386325 0.420513 0.001709 0.095726 0.044444 
0.013174 0.001198 0.001198 0.132934 0.001198 0.558084 0.168862 0.108982 0.013174 0.001198 
0.068156 0.436872 0.001117 0.001117 0.001117 0.196648 0.001117 0.006704 0.286034 0.001117 
0.001739 0.001739 0.001739 0.001739 0.427826 0.001739 0.001739 0.001739 0.280000 0.280000 
0.001449 0.001449 0.008696 0.095652 0.037681 0.102899 0.030435 0.001449 0.472464 0.247826 
0.001600 0.009600 0.417600 0.369600 0.025600 0.153600 0.017600 0.001600 0.001600 0.001600 
0.016923 0.001538 0.001538 0.001538 0.001538 0.001538 0.001538 0.001538 0.970769 0.001538 
0.334959 0.245528 0.034146 0.082927 0.017886 0.253659 0.009756 0.017886 0.001626 0.001626 
0.002564 0.002564 0.002564 0.002564 0.092308 0.194872 0.041026 0.541026 0.117949 0.002564 
0.001370 0.021918 0.110959 0.001370 0.001370 0.028767 0.056164 0.008219 0.193151 0.576712 
0.001575 0.001575 0.001575 0.064567 0.009449 0.001575 0.080315 0.001575 0.521260 0.316535 
0.185057 0.001149 0.064368 0.231034 0.035632 0.144828 0.001149 0.035632 0.156322 0.144828 
0.001143 0.172571 0.001143 0.001143 0.064000 0.092571 0.001143 0.161143 0.081143 0.424000 
0.001887 0.001887 0.011321 0.171698 0.794340 0.001887 0.011321 0.001887 0.001887 0.001887 
0.015172 0.001379 0.256552 0.166897 0.001379 0.001379 0.001379 0.008276 0.497931 0.049655 
0.174138 0.070690 0.113793 0.268966 0.001724 0.001724 0.217241 0.010345 0.139655 0.001724 
0.002439 0.002439 0.014634 0.002439 0.819512 0.148780 0.002439 0.002439 0.002439 0.002439 
0.382857 0.001905 0.001905 0.001905 0.068571 0.001905 0.059048 0.097143 0.325714 0.059048 
0.259603 0.001325 0.411921 0.206623 0.001325 0.001325 0.021192 0.014570 0.060927 0.021192 
0.001770 0.001770 0.001770 0.010619 0.161062 0.001770 0.010619 0.001770 0.789381 0.019469 
0.001575 0.300787 0.001575 0.017323 0.056693 0.261417 0.355906 0.001575 0.001575 0.001575 
0.002469 0.039506 0.002469 0.533333 0.002469 0.286420 0.002469 0.064198 0.002469 0.064198 
0.013665 0.001242 0.100621 0.026087 0.144099 0.001242 0.162733 0.417391 0.131677 0.001242 
0.036686 0.013018 0.024852 0.013018 0.018935 0.007101 0.001183 0.007101 0.876923 0.001183 
0.002083 0.002083 0.002083 0.002083 0.002083 0.002083 0.002083 0.054167 0.835417 0.095833 
0.031373 0.050980 0.031373 0.227451 0.011765 0.001961 0.001961 0.001961 0.639216 0.001961 
0.001770 0.488496 0.001770 0.001770 0.001770 0.090265 0.001770 0.391150 0.001770 0.019469 
0.001527 0.062595 0.001527 0.009160 0.001527 0.558779 0.077863 0.261069 0.024427 0.001527 
0.008163 0.001361 0.001361 0.021769 0.001361 0.035374 0.198639 0.729252 0.001361 0.001361 
0.001600 0.657600 0.001600 0.001600 0.001600 0.001600 0.057600 0.089600 0.001600 0.185600 
0.002198 0.002198 0.013187 0.013187 0.002198 0.002198 0.232967 0.727473 0.002198 0.002198 
0.001786 0.698214 0.001786 0.001786 0.001786 0.001786 0.171429 0.037500 0.001786 0.082143 
0.114783 0.001739 0.001739 0.053913 0.027826 0.036522 0.071304 0.688696 0.001739 0.001739 
0.006897 0.345977 0.081609 0.001149 0.001149 0.001149 0.259770 0.001149 0.294253 0.006897 
0.030476 0.001905 0.306667 0.020952 0.001905 0.001905 0.001905 0.420952 0.163810 0.049524 
0.001351 0.805405 0.021622 0.008108 0.150000 0.001351 0.001351 0.001351 0.008108 0.001351 
0.001980 0.021782 0.021782 0.021782 0.001980 0.130693 0.031683 0.764356 0.001980 0.001980 
0.002000 0.392000 0.012000 0.012000 0.002000 0.202000 0.002000 0.372000 0.002000 0.002000 
0.002062 0.105155 0.002062 0.002062 0.032990 0.197938 0.002062 0.589691 0.002062 0.063918 
0.002020 0.214141 0.002020 0.012121 0.002020 0.628283 0.042424 0.092929 0.002020 0.002020 
0.009375 0.267188 0.001563 0.056250 0.017188 0.462500 0.001563 0.157812 0.025000 0.001563 
0.001481 0.860741 0.001481 0.001481 0.023704 0.075556 0.001481 0.031111 0.001481 0.001481 
0.001563 0.337500 0.001563 0.025000 0.259375 0.025000 0.001563 0.314063 0.032813 0.001563 
0.025000 0.703571 0.001190 0.013095 0.013095 0.001190 0.001190 0.239286 0.001190 0.001190 
0.026891 0.900840 0.001681 0.001681 0.001681 0.010084 0.052101 0.001681 0.001681 0.001681 
0.009160 0.848855 0.001527 0.001527 0.001527 0.131298 0.001527 0.001527 0.001527 0.001527 
0.001550 0.699225 0.009302 0.001550 0.156589 0.086822 0.017054 0.001550 0.024806 0.001550 
0.017188 0.017188 0.001563 0.001563 0.001563 0.556250 0.165625 0.228125 0.001563 0.009375 
0.001835 0.001835 0.001835 0.001835 0.047706 0.506422 0.001835 0.433028 0.001835 0.001835 
0.001299 0.001299 0.001299 0.007792 0.001299 0.371429 0.059740 0.546753 0.007792 0.001299 
0.024176 0.145055 0.002198 0.002198 0.002198 0.210989 0.002198 0.112088 0.024176 0.474725 
0.001770 0.585841 0.001770 0.001770 0.001770 0.001770 0.329204 0.001770 0.001770 0.072566 
0.001351 0.562162 0.001351 0.021622 0.352703 0.041892 0.001351 0.001351 0.001351 0.014865 
0.001835 0.011009 0.001835 0.001835 0.001835 0.011009 0.148624 0.497248 0.001835 0.322936 
0.016923 0.001538 0.001538 0.001538 0.001538 0.001538 0.555385 0.416923 0.001538 0.001538 
0.001527 0.589313 0.001527 0.001527 0.016794 0.207634 0.001527 0.070229 0.001527 0.108397 
0.001575 0.206299 0.001575 0.001575 0.033071 0.009449 0.623622 0.119685 0.001575 0.001575 
0.128736 0.002299 0.013793 0.002299 0.002299 0.002299 0.082759 0.588506 0.002299 0.174713 
0.002105 0.212632 0.002105 0.002105 0.012632 0.296842 0.002105 0.465263 0.002105 0.002105 
0.001527 0.619847 0.047328 0.001527 0.100763 0.001527 0.001527 0.215267 0.001527 0.009160 
0.025000 0.071875 0.001563 0.001563 0.134375 0.181250 0.298438 0.118750 0.165625 0.001563 
0.018182 0.026446 0.001653 0.001653 0.026446 0.018182 0.009917 0.828099 0.067769 0.001653 
0.054962 0.215267 0.001527 0.001527 0.001527 0.268702 0.001527 0.009160 0.222901 0.222901 
0.001538 0.001538 0.001538 0.016923 0.109231 0.001538 0.324615 0.201538 0.340000 0.001538 
0.001563 0.696875 0.001563 0.001563 0.001563 0.001563 0.001563 0.110937 0.001563 0.181250 
0.001227 0.001227 0.056442 0.031902 0.001227 0.430675 0.001227 0.455215 0.001227 0.019632 
0.001449 0.827536 0.001449 0.008696 0.015942 0.001449 0.001449 0.052174 0.001449 0.088406 
0.001250 0.438750 0.001250 0.001250 0.001250 0.001250 0.001250 0.545000 0.007500 0.001250 
0.001351 0.264865 0.001351 0.001351 0.008108 0.001351 0.001351 0.595946 0.001351 0.122973 
0.001653 0.117355 0.026446 0.018182 0.001653 0.034711 0.018182 0.588430 0.191736 0.001653 
0.010000 0.468333 0.018333 0.001667 0.360000 0.035000 0.001667 0.010000 0.010000 0.085000 
0.001887 0.077358 0.001887 0.001887 0.662264 0.001887 0.001887 0.001887 0.001887 0.247170 
0.002128 0.746809 0.076596 0.002128 0.151064 0.002128 0.002128 0.002128 0.002128 0.012766 
0.001563 0.470313 0.118750 0.001563 0.001563 0.001563 0.001563 0.376563 0.017188 0.009375 
0.001026 0.426667 0.016410 0.001026 0.242051 0.001026 0.001026 0.272821 0.001026 0.036923 
0.001471 0.001471 0.008824 0.001471 0.861765 0.001471 0.001471 0.001471 0.001471 0.119118 
0.001130 0.085876 0.006780 0.001130 0.458757 0.001130 0.441808 0.001130 0.001130 0.001130 
0.001333 0.034667 0.001333 0.008000 0.401333 0.028000 0.001333 0.521333 0.001333 0.001333 
0.001460 0.512409 0.001460 0.001460 0.169343 0.001460 0.001460 0.001460 0.001460 0.308029 
0.001183 0.356213 0.001183 0.007101 0.024852 0.001183 0.084024 0.521893 0.001183 0.001183 
0.001460 0.001460 0.001460 0.001460 0.578102 0.001460 0.001460 0.410219 0.001460 0.001460 
0.001481 0.468148 0.001481 0.001481 0.290370 0.001481 0.231111 0.001481 0.001481 0.001481 
0.202367 0.001183 0.013018 0.001183 0.089941 0.226036 0.001183 0.456805 0.007101 0.001183 
0.001149 0.047126 0.001149 0.219540 0.604598 0.024138 0.001149 0.001149 0.001149 0.098851 
0.001307 0.001307 0.033987 0.001307 0.001307 0.360784 0.001307 0.556863 0.027451 0.014379 
0.001527 0.009160 0.001527 0.169466 0.574046 0.222901 0.001527 0.001527 0.001527 0.016794 
0.001613 0.001613 0.195161 0.187097 0.146774 0.001613 0.300000 0.009677 0.001613 0.154839 
0.001325 0.511258 0.001325 0.007947 0.001325 0.001325 0.001325 0.054305 0.001325 0.418543 
0.020253 0.064557 0.001266 0.001266 0.722785 0.001266 0.172152 0.013924 0.001266 0.001266 
0.052903 0.052903 0.072258 0.052903 0.001290 0.007742 0.085161 0.407742 0.252903 0.014194 
0.001389 0.286111 0.022222 0.001389 0.001389 0.070833 0.001389 0.369444 0.001389 0.244444 
0.001418 0.058156 0.001418 0.015603 0.001418 0.043972 0.008511 0.852482 0.015603 0.001418 
0.001117 0.001117 0.001117 0.029050 0.207821 0.001117 0.001117 0.554190 0.012291 0.191061 
0.066667 0.279630 0.001852 0.325926 0.001852 0.001852 0.066667 0.001852 0.020370 0.233333 
0.073600 0.185600 0.129600 0.001600 0.001600 0.001600 0.089600 0.505600 0.009600 0.001600 
0.212048 0.043373 0.001205 0.001205 0.031325 0.001205 0.001205 0.567470 0.001205 0.139759 
0.001235 0.001235 0.340741 0.137037 0.198765 0.001235 0.044444 0.062963 0.044444 0.167901 
0.011881 0.289109 0.437624 0.001980 0.130693 0.001980 0.110891 0.001980 0.001980 0.011881 
0.001575 0.143307 0.111811 0.001575 0.001575 0.166929 0.371654 0.001575 0.001575 0.198425 
0.002222 0.002222 0.235556 0.002222 0.002222 0.146667 0.146667 0.324444 0.102222 0.035556 
0.006936 0.001156 0.561850 0.001156 0.018497 0.064740 0.116763 0.139884 0.018497 0.070520 
0.001481 0.068148 0.127407 0.001481 0.120000 0.060741 0.438519 0.031111 0.023704 0.127407 
0.012632 0.002105 0.560000 0.002105 0.002105 0.002105 0.002105 0.002105 0.002105 0.412632 
0.001439 0.217266 0.303597 0.008633 0.030216 0.001439 0.001439 0.008633 0.008633 0.418705 
0.001739 0.245217 0.375652 0.001739 0.019130 0.193043 0.010435 0.097391 0.053913 0.001739 
0.077707 0.045860 0.211465 0.007643 0.014013 0.084076 0.185987 0.357962 0.014013 0.001274 
0.001361 0.001361 0.436735 0.219048 0.089796 0.008163 0.001361 0.001361 0.219048 0.021769 
0.009524 0.207937 0.255556 0.001587 0.009524 0.461905 0.025397 0.001587 0.025397 0.001587 
0.001575 0.214173 0.269291 0.001575 0.033071 0.025197 0.001575 0.450394 0.001575 0.001575 
0.008163 0.014966 0.545578 0.001361 0.014966 0.151020 0.008163 0.001361 0.246259 0.008163 
0.001408 0.205634 0.198592 0.001408 0.001408 0.008451 0.092958 0.487324 0.001408 0.001408 
0.001639 0.034426 0.337705 0.001639 0.059016 0.091803 0.460656 0.001639 0.001639 0.009836 
0.001087 0.001087 0.647826 0.006522 0.006522 0.300000 0.022826 0.001087 0.001087 0.011957 
0.001307 0.184314 0.334641 0.001307 0.001307 0.001307 0.066667 0.308497 0.001307 0.099346 
0.001183 0.007101 0.255621 0.007101 0.001183 0.013018 0.001183 0.001183 0.001183 0.711243 
0.001724 0.294828 0.372414 0.001724 0.001724 0.182759 0.053448 0.079310 0.001724 0.010345 
0.001724 0.294828 0.329310 0.079310 0.001724 0.268966 0.001724 0.018966 0.001724 0.001724 
0.001361 0.069388 0.293878 0.001361 0.001361 0.627211 0.001361 0.001361 0.001361 0.001361 
0.001653 0.183471 0.505785 0.001653 0.001653 0.051240 0.216529 0.034711 0.001653 0.001653 
0.009677 0.267742 0.001613 0.001613 0.001613 0.001613 0.550000 0.001613 0.162903 0.001613 
0.001053 0.022105 0.332632 0.001053 0.158947 0.048421 0.001053 0.095789 0.001053 0.337895 
0.001709 0.001709 0.266667 0.001709 0.001709 0.001709 0.112821 0.608547 0.001709 0.001709 
0.001333 0.101333 0.248000 0.001333 0.001333 0.201333 0.001333 0.001333 0.001333 0.441333 
0.001600 0.017600 0.337600 0.017600 0.001600 0.009600 0.001600 0.209600 0.001600 0.401600 
0.058427 0.429213 0.361798 0.002247 0.002247 0.058427 0.035955 0.002247 0.013483 0.035955 
0.007895 0.185526 0.014474 0.001316 0.146053 0.146053 0.001316 0.330263 0.001316 0.165789 
0.001143 0.166857 0.246857 0.006857 0.001143 0.184000 0.001143 0.001143 0.001143 0.389714 
0.001905 0.001905 0.306667 0.001905 0.163810 0.001905 0.001905 0.001905 0.001905 0.516190 
0.001361 0.375510 0.225850 0.008163 0.001361 0.076190 0.001361 0.001361 0.001361 0.307483 
0.001439 0.008633 0.361151 0.008633 0.001439 0.008633 0.044604 0.411511 0.138129 0.015827 
0.001739 0.062609 0.549565 0.010435 0.001739 0.140870 0.027826 0.071304 0.001739 0.132174 
0.001852 0.122222 0.168519 0.001852 0.011111 0.242593 0.400000 0.001852 0.001852 0.048148 
0.013953 0.002326 0.002326 0.002326 0.130233 0.002326 0.002326 0.839535 0.002326 0.002326 
0.008392 0.001399 0.050350 0.001399 0.113287 0.001399 0.001399 0.295105 0.001399 0.525874 
0.001370 0.008219 0.350685 0.015068 0.001370 0.008219 0.001370 0.384932 0.131507 0.097260 
0.028767 0.432877 0.015068 0.008219 0.001370 0.001370 0.254795 0.247945 0.001370 0.008219 
0.001504 0.129323 0.016541 0.001504 0.001504 0.001504 0.106767 0.730827 0.009023 0.001504 
0.001333 0.381333 0.001333 0.001333 0.181333 0.088000 0.001333 0.341333 0.001333 0.001333 
0.802105 0.002105 0.002105 0.002105 0.002105 0.012632 0.002105 0.065263 0.107368 0.002105 
0.492982 0.001754 0.001754 0.387719 0.001754 0.080702 0.001754 0.028070 0.001754 0.001754 
0.082927 0.497561 0.001626 0.001626 0.082927 0.066667 0.001626 0.001626 0.001626 0.261789 
0.458915 0.172093 0.001550 0.001550 0.218605 0.001550 0.009302 0.117829 0.001550 0.017054 
0.176147 0.001835 0.148624 0.001835 0.011009 0.139450 0.038532 0.001835 0.148624 0.332110 
0.955556 0.001307 0.001307 0.007843 0.001307 0.027451 0.001307 0.001307 0.001307 0.001307 
0.007792 0.001299 0.001299 0.014286 0.007792 0.157143 0.007792 0.001299 0.800000 0.001299 
0.617391 0.001449 0.023188 0.044928 0.001449 0.001449 0.008696 0.001449 0.298551 0.001449 
0.396330 0.001835 0.001835 0.001835 0.001835 0.240367 0.020183 0.001835 0.011009 0.322936 
0.322330 0.001942 0.001942 0.069903 0.108738 0.001942 0.166990 0.001942 0.312621 0.011650 
0.631507 0.001370 0.001370 0.001370 0.001370 0.001370 0.097260 0.001370 0.261644 0.001370 
0.412903 0.251613 0.001613 0.001613 0.066129 0.001613 0.009677 0.106452 0.001613 0.146774 
0.717431 0.001835 0.001835 0.001835 0.001835 0.001835 0.001835 0.001835 0.267890 0.001835 
0.364444 0.001481 0.001481 0.001481 0.016296 0.268148 0.001481 0.031111 0.312593 0.001481 
0.472611 0.020382 0.014013 0.001274 0.001274 0.014013 0.045860 0.001274 0.300637 0.128662 
0.202878 0.001439 0.008633 0.015827 0.008633 0.008633 0.001439 0.001439 0.749640 0.001439 
0.446341 0.123171 0.117073 0.025610 0.007317 0.025610 0.001220 0.062195 0.190244 0.001220 
0.904065 0.001626 0.009756 0.001626 0.050407 0.009756 0.001626 0.009756 0.001626 0.009756 
0.515315 0.100901 0.001802 0.001802 0.335135 0.037838 0.001802 0.001802 0.001802 0.001802 
0.470270 0.001802 0.344144 0.001802 0.145946 0.001802 0.001802 0.001802 0.028829 0.001802 
0.340000 0.070769 0.001538 0.001538 0.578462 0.001538 0.001538 0.001538 0.001538 0.001538 
0.522314 0.059504 0.009917 0.018182 0.257851 0.001653 0.001653 0.001653 0.001653 0.125620 
0.457803 0.001156 0.053179 0.030058 0.001156 0.001156 0.018497 0.001156 0.423121 0.012717 
0.504516 0.001290 0.317419 0.020645 0.001290 0.020645 0.001290 0.001290 0.130323 0.001290 
0.801538 0.024615 0.009231 0.001538 0.109231 0.009231 0.001538 0.001538 0.040000 0.001538 
0.927160 0.001235 0.013580 0.001235 0.001235 0.013580 0.038272 0.001235 0.001235 0.001235 
0.001325 0.001325 0.001325 0.266225 0.352318 0.001325 0.047682 0.305960 0.021192 0.001325 
0.052903 0.014194 0.117419 0.072258 0.033548 0.085161 0.523871 0.033548 0.065806 0.001290 
0.028000 0.788000 0.008000 0.001333 0.001333 0.001333 0.001333 0.154667 0.001333 0.014667 
0.001739 0.445217 0.027826 0.001739 0.001739 0.001739 0.001739 0.488696 0.027826 0.001739 
0.350000 0.009091 0.183333 0.115152 0.009091 0.001515 0.198485 0.001515 0.009091 0.122727 
0.001274 0.001274 0.147771 0.096815 0.052229 0.001274 0.014013 0.230573 0.408917 0.045860 
0.001250 0.095000 0.082500 0.045000 0.070000 0.257500 0.051250 0.395000 0.001250 0.001250 
0.001307 0.386928 0.007843 0.007843 0.001307 0.001307 0.001307 0.524183 0.001307 0.066667 
0.012121 0.163636 0.002020 0.002020 0.002020 0.294949 0.042424 0.456566 0.022222 0.002020 
0.000966 0.353623 0.044444 0.000966 0.469565 0.000966 0.063768 0.000966 0.025121 0.039614 
0.028571 0.010714 0.001786 0.037500 0.028571 0.001786 0.001786 0.644643 0.242857 0.001786 
0.001190 0.697619 0.025000 0.001190 0.001190 0.001190 0.001190 0.269048 0.001190 0.001190 
0.001418 0.093617 0.072340 0.001418 0.015603 0.022695 0.001418 0.781560 0.001418 0.008511 
0.008696 0.247826 0.001449 0.001449 0.001449 0.001449 0.726087 0.001449 0.001449 0.008696 
0.001316 0.573684 0.001316 0.001316 0.001316 0.001316 0.001316 0.415789 0.001316 0.001316 
0.001550 0.637209 0.001550 0.001550 0.296124 0.009302 0.001550 0.009302 0.040310 0.001550 
0.002000 0.132000 0.002000 0.122000 0.002000 0.052000 0.002000 0.492000 0.192000 0.002000 
0.204196 0.106294 0.015385 0.162238 0.001399 0.001399 0.001399 0.497902 0.008392 0.001399 
0.021333 0.581333 0.001333 0.008000 0.028000 0.001333 0.334667 0.008000 0.014667 0.001333 
0.001449 0.805797 0.001449 0.001449 0.066667 0.052174 0.001449 0.066667 0.001449 0.001449 
0.009023 0.129323 0.204511 0.024060 0.046617 0.001504 0.001504 0.445113 0.001504 0.136842 
0.001316 0.514474 0.264474 0.001316 0.014474 0.053947 0.001316 0.139474 0.001316 0.007895 
0.001316 0.152632 0.001316 0.053947 0.027632 0.034211 0.014474 0.698684 0.014474 0.001316 
0.044172 0.136196 0.706748 0.001227 0.001227 0.001227 0.099387 0.001227 0.001227 0.007362 
0.001439 0.519424 0.008633 0.001439 0.001439 0.001439 0.454676 0.001439 0.001439 0.008633 
0.345946 0.170270 0.089189 0.001351 0.055405 0.008108 0.001351 0.001351 0.001351 0.325676 
0.001361 0.259864 0.008163 0.001361 0.035374 0.076190 0.402721 0.137415 0.076190 0.001361 
0.047368 0.764474 0.001316 0.007895 0.047368 0.001316 0.001316 0.060526 0.067105 0.001316 
0.001212 0.037576 0.001212 0.013333 0.098182 0.037576 0.007273 0.801212 0.001212 0.001212 
0.002326 0.316279 0.002326 0.002326 0.002326 0.176744 0.025581 0.467442 0.002326 0.002326 
0.001493 0.083582 0.001493 0.008955 0.367164 0.001493 0.001493 0.464179 0.068657 0.001493 
0.039241 0.362025 0.260759 0.026582 0.203797 0.001266 0.045570 0.058228 0.001266 0.001266 
0.009756 0.131707 0.001626 0.026016 0.001626 0.180488 0.001626 0.432520 0.091057 0.123577 
0.320290 0.001449 0.001449 0.168116 0.001449 0.015942 0.081159 0.189855 0.110145 0.110145 
0.001170 0.077193 0.077193 0.001170 0.129825 0.264327 0.188304 0.252632 0.007018 0.001170 
0.001667 0.685000 0.001667 0.001667 0.118333 0.026667 0.001667 0.010000 0.068333 0.085000 
0.347977 0.001156 0.006936 0.001156 0.006936 0.001156 0.278613 0.001156 0.284393 0.070520 
0.085714 0.001681 0.001681 0.001681 0.001681 0.001681 0.270588 0.144538 0.489076 0.001681 
0.265600 0.241600 0.001600 0.025600 0.001600 0.001600 0.001600 0.409600 0.025600 0.025600 
0.175510 0.002041 0.379592 0.083673 0.002041 0.002041 0.124490 0.206122 0.022449 0.002041 
0.014765 0.142282 0.008054 0.001342 0.001342 0.008054 0.565101 0.256376 0.001342 0.001342 
0.016176 0.266176 0.001471 0.016176 0.089706 0.001471 0.060294 0.479412 0.067647 0.001471 
0.001408 0.001408 0.381690 0.050704 0.008451 0.029577 0.071831 0.247887 0.205634 0.001408 
0.357576 0.069697 0.054545 0.016667 0.009091 0.001515 0.221212 0.001515 0.016667 0.251515 
0.549565 0.001739 0.271304 0.001739 0.019130 0.010435 0.001739 0.140870 0.001739 0.001739 
0.001020 0.001020 0.103061 0.006122 0.001020 0.001020 0.006122 0.031633 0.016327 0.832653 
0.001242 0.001242 0.001242 0.001242 0.175155 0.001242 0.156522 0.007453 0.491925 0.162733 
0.001274 0.402548 0.039490 0.001274 0.001274 0.179618 0.001274 0.007643 0.173248 0.192357 
0.024242 0.001515 0.001515 0.001515 0.206061 0.062121 0.236364 0.001515 0.100000 0.365152 
0.001111 0.112222 0.373333 0.084444 0.012222 0.040000 0.001111 0.373333 0.001111 0.001111 
0.006742 0.450562 0.001124 0.001124 0.523596 0.001124 0.001124 0.001124 0.001124 0.012360 
0.008219 0.617808 0.104110 0.001370 0.104110 0.001370 0.001370 0.028767 0.001370 0.131507 
