0.001626 0.595122 0.001626 0.001626 0.009756 0.001626 0.001626 0.383740 0.001626 0.001626 
0.017323 0.844094 0.001575 0.001575 0.009449 0.001575 0.001575 0.009449 0.001575 0.111811 
0.001626 0.619512 0.099187 0.001626 0.009756 0.009756 0.058537 0.196748 0.001626 0.001626 
0.001087 0.321739 0.001087 0.001087 0.354348 0.006522 0.234783 0.011957 0.017391 0.050000 
0.001538 0.370769 0.147692 0.001538 0.001538 0.132308 0.001538 0.186154 0.147692 0.009231 
0.001754 0.422807 0.010526 0.001754 0.019298 0.107018 0.010526 0.221053 0.001754 0.203509 
0.028319 0.293805 0.001770 0.001770 0.001770 0.152212 0.134513 0.010619 0.001770 0.373451 
0.002469 0.348148 0.027160 0.002469 0.002469 0.422222 0.014815 0.175309 0.002469 0.002469 
0.001481 0.001481 0.142222 0.060741 0.675556 0.001481 0.105185 0.008889 0.001481 0.001481 
0.001307 0.112418 0.001307 0.001307 0.001307 0.164706 0.001307 0.713725 0.001307 0.001307 
0.009917 0.158678 0.001653 0.009917 0.001653 0.001653 0.447934 0.357025 0.009917 0.001653 
0.001389 0.161111 0.001389 0.001389 0.036111 0.001389 0.758333 0.008333 0.029167 0.001389 
0.001550 0.009302 0.032558 0.009302 0.055814 0.063566 0.164341 0.048062 0.001550 0.613953 
0.001449 0.269565 0.001449 0.059420 0.001449 0.001449 0.298551 0.363768 0.001449 0.001449 
0.001242 0.249689 0.001242 0.019876 0.001242 0.585093 0.001242 0.019876 0.119255 0.001242 
0.001667 0.126667 0.001667 0.118333 0.001667 0.418333 0.018333 0.226667 0.076667 0.010000 
0.107042 0.135211 0.001408 0.001408 0.001408 0.100000 0.297183 0.353521 0.001408 0.001408 
0.001481 0.297778 0.290370 0.001481 0.060741 0.008889 0.238519 0.090370 0.008889 0.001481 
0.009677 0.001613 0.001613 0.033871 0.227419 0.509677 0.001613 0.138710 0.025806 0.050000 
0.835088 0.019298 0.001754 0.001754 0.010526 0.001754 0.001754 0.124561 0.001754 0.001754 
0.081600 0.001600 0.001600 0.209600 0.001600 0.113600 0.009600 0.057600 0.001600 0.521600 
0.001667 0.085000 0.001667 0.010000 0.043333 0.001667 0.010000 0.843333 0.001667 0.001667 
0.010084 0.001681 0.001681 0.026891 0.405042 0.035294 0.144538 0.010084 0.010084 0.354622 
0.064286 0.001786 0.001786 0.100000 0.394643 0.001786 0.019643 0.001786 0.001786 0.412500 
0.010000 0.001667 0.001667 0.010000 0.710000 0.243333 0.018333 0.001667 0.001667 0.001667 
0.887425 0.001198 0.001198 0.007186 0.001198 0.001198 0.001198 0.031138 0.001198 0.067066 
0.088591 0.008054 0.001342 0.189262 0.706040 0.001342 0.001342 0.001342 0.001342 0.001342 
0.001198 0.001198 0.007186 0.174850 0.761677 0.001198 0.049102 0.001198 0.001198 0.001198 
0.103030 0.153535 0.002020 0.002020 0.002020 0.375758 0.345455 0.012121 0.002020 0.002020 
0.001075 0.119355 0.006452 0.001075 0.001075 0.054839 0.011828 0.802151 0.001075 0.001075 
0.085714 0.010084 0.001681 0.018487 0.825210 0.035294 0.001681 0.001681 0.001681 0.018487 
0.001274 0.058599 0.020382 0.001274 0.014013 0.504459 0.096815 0.300637 0.001274 0.001274 
0.336913 0.008054 0.001342 0.001342 0.363758 0.001342 0.001342 0.068456 0.001342 0.216107 
0.777632 0.001316 0.007895 0.001316 0.073684 0.001316 0.001316 0.119737 0.014474 0.001316 
0.800000 0.036842 0.001754 0.001754 0.142105 0.001754 0.010526 0.001754 0.001754 0.001754 
0.001493 0.083582 0.001493 0.053731 0.076119 0.255224 0.016418 0.486567 0.001493 0.023881 
0.089474 0.124561 0.036842 0.001754 0.300000 0.001754 0.107018 0.071930 0.001754 0.264912 
0.290821 0.000966 0.000966 0.141063 0.237681 0.000966 0.000966 0.000966 0.000966 0.324638 
0.208571 0.022857 0.008571 0.094286 0.651429 0.001429 0.008571 0.001429 0.001429 0.001429 
0.001389 0.105556 0.001389 0.001389 0.043056 0.029167 0.008333 0.022222 0.001389 0.786111 
0.132456 0.000877 0.014035 0.009649 0.000877 0.000877 0.044737 0.000877 0.035965 0.759649 
0.145324 0.008633 0.001439 0.001439 0.303597 0.008633 0.001439 0.519424 0.008633 0.001439 
0.410753 0.077419 0.012903 0.066667 0.034409 0.195699 0.002151 0.163441 0.002151 0.034409 
0.001460 0.154745 0.045255 0.001460 0.162044 0.001460 0.037956 0.286131 0.220438 0.089051 
0.001681 0.001681 0.001681 0.194958 0.001681 0.194958 0.001681 0.001681 0.194958 0.405042 
0.001504 0.121805 0.001504 0.001504 0.031579 0.618045 0.001504 0.219549 0.001504 0.001504 
0.303704 0.001235 0.007407 0.001235 0.112346 0.001235 0.285185 0.260494 0.001235 0.025926 
0.321277 0.129787 0.044681 0.002128 0.353191 0.055319 0.002128 0.034043 0.002128 0.055319 
0.716667 0.001389 0.181944 0.001389 0.001389 0.001389 0.022222 0.001389 0.001389 0.070833 
0.095522 0.000995 0.080597 0.050746 0.752239 0.000995 0.005970 0.000995 0.000995 0.010945 
0.179452 0.001370 0.008219 0.076712 0.336986 0.008219 0.316438 0.069863 0.001370 0.001370 
0.467123 0.117808 0.001370 0.008219 0.295890 0.001370 0.001370 0.001370 0.001370 0.104110 
0.002198 0.002198 0.002198 0.002198 0.002198 0.002198 0.079121 0.683516 0.079121 0.145055 
0.001418 0.001418 0.001418 0.107801 0.809929 0.001418 0.001418 0.001418 0.022695 0.051064 
0.194958 0.052101 0.136134 0.001681 0.001681 0.278992 0.001681 0.010084 0.001681 0.321008 
0.610435 0.158261 0.010435 0.001739 0.097391 0.071304 0.019130 0.027826 0.001739 0.001739 
0.037126 0.073054 0.001198 0.001198 0.001198 0.360479 0.001198 0.438323 0.001198 0.085030 
0.298734 0.026582 0.001266 0.001266 0.203797 0.001266 0.089873 0.045570 0.001266 0.330380 
0.462338 0.176623 0.001299 0.001299 0.040260 0.001299 0.001299 0.312987 0.001299 0.001299 
0.297778 0.008889 0.179259 0.001481 0.001481 0.001481 0.001481 0.357037 0.105185 0.045926 
0.362406 0.001504 0.001504 0.001504 0.384962 0.001504 0.076692 0.001504 0.001504 0.166917 
0.603125 0.017188 0.267188 0.001563 0.009375 0.001563 0.032813 0.017188 0.009375 0.040625 
0.594074 0.068148 0.001481 0.016296 0.001481 0.001481 0.001481 0.038519 0.275556 0.001481 
0.346903 0.081416 0.001770 0.001770 0.143363 0.001770 0.099115 0.161062 0.001770 0.161062 
0.441600 0.001600 0.001600 0.001600 0.001600 0.001600 0.001600 0.537600 0.009600 0.001600 
0.252980 0.001325 0.001325 0.001325 0.180132 0.001325 0.299338 0.001325 0.014570 0.246358 
0.001418 0.660993 0.001418 0.022695 0.051064 0.221277 0.001418 0.008511 0.001418 0.029787 
0.118085 0.155319 0.001064 0.032979 0.676596 0.001064 0.006383 0.001064 0.006383 0.001064 
0.362791 0.130233 0.002326 0.013953 0.002326 0.002326 0.002326 0.002326 0.432558 0.048837 
0.484746 0.154237 0.018644 0.010169 0.001695 0.162712 0.027119 0.001695 0.001695 0.137288 
0.001299 0.111688 0.007792 0.345455 0.254545 0.001299 0.105195 0.163636 0.001299 0.007792 
0.077477 0.194595 0.000901 0.419820 0.000901 0.077477 0.000901 0.054955 0.005405 0.167568 
0.001005 0.352764 0.006030 0.051256 0.011055 0.001005 0.011055 0.448241 0.001005 0.116583 
0.001149 0.300000 0.001149 0.058621 0.006897 0.006897 0.001149 0.173563 0.064368 0.386207 
0.001198 0.001198 0.001198 0.623952 0.258683 0.001198 0.061078 0.049102 0.001198 0.001198 
0.001563 0.001563 0.001563 0.001563 0.275000 0.001563 0.001563 0.001563 0.001563 0.712500 
0.015172 0.139310 0.001379 0.008276 0.042759 0.056552 0.008276 0.546207 0.028966 0.153103 
0.372028 0.008392 0.001399 0.001399 0.134266 0.092308 0.001399 0.120280 0.267133 0.001399 
0.071318 0.009302 0.040310 0.001550 0.001550 0.017054 0.063566 0.001550 0.761240 0.032558 
0.272840 0.001235 0.044444 0.001235 0.001235 0.001235 0.001235 0.001235 0.649383 0.025926 
0.350388 0.055814 0.001550 0.001550 0.055814 0.001550 0.001550 0.110078 0.420155 0.001550 
0.001325 0.001325 0.007947 0.001325 0.080795 0.001325 0.332450 0.027815 0.325828 0.219868 
0.050000 0.001087 0.001087 0.001087 0.001087 0.001087 0.343478 0.055435 0.397826 0.147826 
0.006977 0.001163 0.024419 0.001163 0.163953 0.001163 0.012791 0.006977 0.408140 0.373256 
0.001408 0.001408 0.008451 0.600000 0.001408 0.177465 0.001408 0.001408 0.092958 0.114085 
0.042708 0.001042 0.318750 0.001042 0.001042 0.016667 0.001042 0.001042 0.568750 0.047917 
0.022449 0.002041 0.012245 0.002041 0.002041 0.002041 0.022449 0.073469 0.859184 0.002041 
0.063277 0.001130 0.232768 0.210169 0.001130 0.012429 0.001130 0.131073 0.317514 0.029379 
0.001439 0.145324 0.001439 0.001439 0.123741 0.130935 0.030216 0.130935 0.188489 0.246043 
0.001299 0.189610 0.001299 0.027273 0.001299 0.481818 0.001299 0.280519 0.001299 0.014286 
0.001299 0.027273 0.001299 0.150649 0.001299 0.364935 0.131169 0.222078 0.098701 0.001299 
0.118248 0.008759 0.001460 0.059854 0.001460 0.351825 0.001460 0.454015 0.001460 0.001460 
0.655128 0.001282 0.039744 0.001282 0.148718 0.026923 0.001282 0.001282 0.110256 0.014103 
0.001325 0.133775 0.001325 0.001325 0.100662 0.001325 0.259603 0.358940 0.140397 0.001325 
0.001515 0.925758 0.009091 0.016667 0.009091 0.001515 0.016667 0.001515 0.009091 0.009091 
0.058621 0.196552 0.001149 0.001149 0.001149 0.012644 0.001149 0.713793 0.001149 0.012644 
0.001047 0.639791 0.110995 0.001047 0.001047 0.069110 0.006283 0.168586 0.001047 0.001047 
0.001290 0.420645 0.001290 0.001290 0.014194 0.001290 0.149677 0.356129 0.052903 0.001290 
0.002273 0.706818 0.002273 0.002273 0.002273 0.127273 0.002273 0.150000 0.002273 0.002273 
0.001449 0.073913 0.001449 0.001449 0.088406 0.001449 0.008696 0.820290 0.001449 0.001449 
0.007018 0.363743 0.030409 0.001170 0.001170 0.001170 0.065497 0.357895 0.083041 0.088889 
0.001250 0.001250 0.076250 0.001250 0.651250 0.001250 0.201250 0.007500 0.001250 0.057500 
0.109091 0.548485 0.003030 0.003030 0.003030 0.033333 0.003030 0.003030 0.245455 0.048485 
0.023214 0.300000 0.041071 0.000893 0.000893 0.009821 0.398214 0.206250 0.018750 0.000893 
0.001961 0.266667 0.001961 0.001961 0.001961 0.001961 0.462745 0.031373 0.001961 0.227451 
0.001538 0.663077 0.001538 0.001538 0.001538 0.063077 0.001538 0.240000 0.024615 0.001538 
0.135433 0.001575 0.001575 0.001575 0.001575 0.261417 0.056693 0.537008 0.001575 0.001575 
0.001515 0.100000 0.001515 0.001515 0.819697 0.001515 0.001515 0.062121 0.001515 0.009091 
0.001053 0.232632 0.006316 0.001053 0.632632 0.006316 0.111579 0.006316 0.001053 0.001053 
0.001481 0.497778 0.016296 0.001481 0.001481 0.001481 0.342222 0.097778 0.038519 0.001481 
0.081159 0.356522 0.001449 0.001449 0.015942 0.030435 0.001449 0.508696 0.001449 0.001449 
0.001429 0.058571 0.001429 0.001429 0.001429 0.358571 0.001429 0.530000 0.001429 0.044286 
0.001639 0.567213 0.001639 0.001639 0.001639 0.001639 0.001639 0.403279 0.001639 0.018033 
0.008511 0.270922 0.001418 0.001418 0.001418 0.192908 0.001418 0.497872 0.001418 0.022695 
0.001212 0.698182 0.025455 0.025455 0.037576 0.001212 0.001212 0.134545 0.001212 0.073939 
0.001887 0.350943 0.001887 0.001887 0.001887 0.001887 0.633962 0.001887 0.001887 0.001887 
0.001370 0.412329 0.001370 0.001370 0.104110 0.001370 0.104110 0.357534 0.001370 0.015068 
0.040625 0.610938 0.017188 0.001563 0.001563 0.071875 0.001563 0.032813 0.095312 0.126562 
0.029091 0.847273 0.001818 0.020000 0.092727 0.001818 0.001818 0.001818 0.001818 0.001818 
0.001429 0.251429 0.001429 0.015714 0.001429 0.408571 0.137143 0.180000 0.001429 0.001429 
0.001626 0.302439 0.001626 0.001626 0.001626 0.001626 0.017886 0.562602 0.001626 0.107317 
0.001493 0.673134 0.008955 0.001493 0.023881 0.001493 0.008955 0.001493 0.001493 0.277612 
0.001653 0.158678 0.001653 0.018182 0.001653 0.001653 0.183471 0.431405 0.117355 0.084298 
0.001325 0.425166 0.001325 0.001325 0.001325 0.001325 0.292715 0.206623 0.001325 0.067550 
0.001117 0.554190 0.001117 0.001117 0.325140 0.056983 0.056983 0.001117 0.001117 0.001117 
0.380124 0.255901 0.001242 0.001242 0.044720 0.162733 0.001242 0.001242 0.150311 0.001242 
0.001111 0.012222 0.001111 0.001111 0.151111 0.001111 0.478889 0.328889 0.001111 0.023333 
0.001379 0.332414 0.001379 0.001379 0.001379 0.263448 0.008276 0.387586 0.001379 0.001379 
0.073381 0.433094 0.001439 0.001439 0.008633 0.116547 0.001439 0.361151 0.001439 0.001439 
0.007317 0.184146 0.001220 0.001220 0.586585 0.001220 0.043902 0.165854 0.001220 0.007317 
0.001835 0.368807 0.001835 0.001835 0.304587 0.029358 0.139450 0.148624 0.001835 0.001835 
0.001653 0.348760 0.042975 0.042975 0.001653 0.150413 0.001653 0.059504 0.348760 0.001653 
0.017323 0.222047 0.001575 0.017323 0.001575 0.237795 0.001575 0.040945 0.316535 0.143307 
0.150000 0.001852 0.242593 0.001852 0.001852 0.001852 0.196296 0.001852 0.400000 0.001852 
0.064286 0.001786 0.001786 0.296429 0.010714 0.001786 0.019643 0.001786 0.171429 0.430357 
0.001600 0.025600 0.001600 0.057600 0.089600 0.177600 0.049600 0.041600 0.353600 0.201600 
0.001613 0.517742 0.001613 0.025806 0.058065 0.001613 0.001613 0.025806 0.001613 0.364516 
0.001258 0.007547 0.013836 0.001258 0.334591 0.127044 0.013836 0.001258 0.001258 0.498113 
0.001163 0.065116 0.006977 0.001163 0.001163 0.001163 0.001163 0.501163 0.006977 0.413953 
0.001105 0.072928 0.012155 0.001105 0.001105 0.001105 0.061878 0.763536 0.006630 0.078453 
0.001418 0.207092 0.001418 0.001418 0.001418 0.207092 0.022695 0.512057 0.008511 0.036879 
0.009231 0.001538 0.001538 0.001538 0.616923 0.293846 0.001538 0.001538 0.001538 0.070769 
0.033333 0.406349 0.088889 0.001587 0.025397 0.160317 0.001587 0.239683 0.041270 0.001587 
0.001439 0.612950 0.058993 0.001439 0.001439 0.008633 0.051799 0.253237 0.001439 0.008633 
0.001587 0.374603 0.001587 0.009524 0.009524 0.001587 0.160317 0.438095 0.001587 0.001587 
0.001835 0.001835 0.011009 0.001835 0.001835 0.139450 0.001835 0.818349 0.001835 0.020183 
0.037805 0.159756 0.019512 0.001220 0.001220 0.001220 0.141463 0.623171 0.013415 0.001220 
0.001786 0.733929 0.001786 0.001786 0.001786 0.001786 0.171429 0.001786 0.001786 0.082143 
0.001429 0.351429 0.001429 0.008571 0.001429 0.001429 0.001429 0.558571 0.008571 0.065714 
0.002020 0.002020 0.002020 0.002020 0.345455 0.002020 0.002020 0.638384 0.002020 0.002020 
0.001227 0.590184 0.001227 0.001227 0.338650 0.001227 0.019632 0.001227 0.007362 0.038037 
0.100000 0.001235 0.001235 0.124691 0.766667 0.001235 0.001235 0.001235 0.001235 0.001235 
0.001316 0.001316 0.021053 0.014474 0.573684 0.067105 0.225000 0.086842 0.001316 0.007895 
0.002273 0.309091 0.036364 0.002273 0.377273 0.002273 0.013636 0.025000 0.229545 0.002273 
0.017054 0.001550 0.001550 0.001550 0.001550 0.040310 0.001550 0.683721 0.001550 0.249612 
0.001163 0.163953 0.001163 0.006977 0.018605 0.001163 0.001163 0.454651 0.006977 0.344186 
0.001754 0.001754 0.019298 0.194737 0.133333 0.203509 0.001754 0.431579 0.010526 0.001754 
0.002174 0.067391 0.002174 0.002174 0.002174 0.284783 0.045652 0.567391 0.013043 0.013043 
0.001170 0.001170 0.012865 0.001170 0.410526 0.001170 0.094737 0.001170 0.012865 0.463158 
0.316084 0.001399 0.323077 0.036364 0.260140 0.001399 0.057343 0.001399 0.001399 0.001399 
0.001290 0.349677 0.001290 0.001290 0.007742 0.143226 0.001290 0.278710 0.001290 0.214194 
0.001333 0.001333 0.001333 0.014667 0.928000 0.001333 0.001333 0.048000 0.001333 0.001333 
0.001626 0.034146 0.188618 0.383740 0.074797 0.017886 0.156098 0.139837 0.001626 0.001626 
0.001429 0.022857 0.001429 0.030000 0.008571 0.187143 0.030000 0.308571 0.008571 0.401429 
0.001471 0.126471 0.038235 0.302941 0.038235 0.001471 0.214706 0.001471 0.023529 0.251471 
0.251429 0.015714 0.001429 0.001429 0.265714 0.008571 0.001429 0.058571 0.001429 0.394286 
0.001299 0.040260 0.007792 0.001299 0.215584 0.085714 0.001299 0.001299 0.001299 0.644156 
0.001550 0.001550 0.001550 0.001550 0.001550 0.017054 0.001550 0.784496 0.017054 0.172093 
0.045570 0.045570 0.001266 0.001266 0.001266 0.437975 0.001266 0.077215 0.007595 0.381013 
0.008889 0.423704 0.320000 0.001481 0.008889 0.001481 0.068148 0.127407 0.001481 0.038519 
0.001156 0.215029 0.001156 0.417341 0.128324 0.001156 0.116763 0.001156 0.001156 0.116763 
0.002062 0.002062 0.032990 0.651546 0.228866 0.002062 0.002062 0.002062 0.002062 0.074227 
0.001575 0.300787 0.001575 0.033071 0.001575 0.253543 0.001575 0.088189 0.001575 0.316535 
0.010526 0.247368 0.001754 0.115789 0.010526 0.308772 0.010526 0.142105 0.001754 0.150877 
0.004959 0.211570 0.000826 0.686777 0.000826 0.004959 0.000826 0.000826 0.000826 0.087603 
0.060741 0.001481 0.001481 0.186667 0.001481 0.171852 0.008889 0.401481 0.001481 0.164444 
0.001399 0.008392 0.001399 0.008392 0.232168 0.001399 0.008392 0.001399 0.071329 0.665734 
0.001143 0.064000 0.001143 0.001143 0.001143 0.086857 0.269714 0.001143 0.246857 0.326857 
0.001316 0.422368 0.001316 0.001316 0.001316 0.007895 0.021053 0.021053 0.257895 0.264474 
0.001370 0.501370 0.001370 0.001370 0.001370 0.001370 0.001370 0.398630 0.001370 0.090411 
0.001600 0.001600 0.001600 0.049600 0.001600 0.041600 0.001600 0.113600 0.025600 0.761600 
0.001361 0.001361 0.001361 0.001361 0.239456 0.001361 0.001361 0.001361 0.062585 0.688435 
0.016794 0.001527 0.009160 0.108397 0.215267 0.001527 0.009160 0.001527 0.116031 0.520611 
0.001515 0.001515 0.024242 0.001515 0.001515 0.009091 0.001515 0.024242 0.046970 0.887879 
0.001449 0.400000 0.008696 0.015942 0.566667 0.001449 0.001449 0.001449 0.001449 0.001449 
0.001515 0.281818 0.001515 0.001515 0.001515 0.001515 0.001515 0.425758 0.001515 0.281818 
0.001942 0.128155 0.021359 0.001942 0.001942 0.001942 0.079612 0.001942 0.011650 0.749515 
0.001613 0.211290 0.009677 0.001613 0.001613 0.001613 0.009677 0.001613 0.001613 0.759677 
0.442553 0.001064 0.001064 0.001064 0.224468 0.006383 0.123404 0.155319 0.001064 0.043617 
0.001942 0.001942 0.001942 0.001942 0.108738 0.001942 0.001942 0.040777 0.021359 0.817476 
0.001198 0.001198 0.001198 0.270659 0.420359 0.001198 0.001198 0.001198 0.162874 0.138922 
0.002083 0.002083 0.002083 0.012500 0.137500 0.002083 0.002083 0.366667 0.002083 0.470833 
0.001515 0.198485 0.001515 0.100000 0.100000 0.001515 0.009091 0.001515 0.009091 0.577273 
0.008889 0.001481 0.068148 0.001481 0.001481 0.142222 0.016296 0.475556 0.282963 0.001481 
0.028000 0.001333 0.034667 0.001333 0.008000 0.054667 0.848000 0.001333 0.001333 0.021333 
0.001361 0.001361 0.001361 0.001361 0.817687 0.001361 0.151020 0.021769 0.001361 0.001361 
0.001242 0.578882 0.001242 0.001242 0.001242 0.231056 0.050932 0.131677 0.001242 0.001242 
0.015942 0.276812 0.001449 0.001449 0.001449 0.160870 0.001449 0.537681 0.001449 0.001449 
0.029371 0.001399 0.323077 0.001399 0.001399 0.001399 0.001399 0.630769 0.001399 0.008392 
0.000917 0.055963 0.000917 0.000917 0.881651 0.000917 0.055963 0.000917 0.000917 0.000917 
0.037681 0.371014 0.001449 0.001449 0.001449 0.001449 0.284058 0.291304 0.008696 0.001449 
0.002083 0.002083 0.054167 0.002083 0.595833 0.002083 0.210417 0.106250 0.002083 0.022917 
0.001550 0.071318 0.365891 0.001550 0.001550 0.133333 0.001550 0.389147 0.001550 0.032558 
0.165574 0.001639 0.042623 0.001639 0.198361 0.001639 0.001639 0.583607 0.001639 0.001639 
0.001600 0.081600 0.553600 0.001600 0.001600 0.145600 0.001600 0.033600 0.001600 0.177600 
0.001770 0.010619 0.612389 0.028319 0.001770 0.028319 0.001770 0.152212 0.001770 0.161062 
0.001307 0.341176 0.033987 0.001307 0.216993 0.001307 0.197386 0.125490 0.001307 0.079739 
0.038037 0.602454 0.001227 0.001227 0.001227 0.080982 0.258896 0.013497 0.001227 0.001227 
0.001290 0.736774 0.001290 0.001290 0.027097 0.117419 0.001290 0.078710 0.001290 0.033548 
0.001053 0.001053 0.527368 0.001053 0.001053 0.027368 0.006316 0.001053 0.001053 0.432632 
0.002198 0.002198 0.002198 0.002198 0.002198 0.320879 0.035165 0.178022 0.002198 0.452747 
0.370909 0.001212 0.031515 0.255758 0.031515 0.007273 0.164848 0.134545 0.001212 0.001212 
0.023404 0.002128 0.034043 0.289362 0.151064 0.002128 0.002128 0.002128 0.002128 0.491489 
0.001282 0.001282 0.014103 0.033333 0.033333 0.001282 0.276923 0.014103 0.264103 0.360256 
0.016058 0.001460 0.001460 0.278832 0.001460 0.001460 0.052555 0.154745 0.286131 0.205839 
0.001258 0.001258 0.007547 0.013836 0.064151 0.001258 0.057862 0.705660 0.095597 0.051572 
0.001852 0.001852 0.001852 0.001852 0.038889 0.001852 0.001852 0.075926 0.872222 0.001852 
0.006486 0.022703 0.001081 0.087568 0.141622 0.001081 0.055135 0.001081 0.341622 0.341622 
0.001170 0.065497 0.001170 0.270175 0.001170 0.071345 0.012865 0.001170 0.170760 0.404678 
0.014966 0.062585 0.001361 0.008163 0.001361 0.069388 0.661224 0.123810 0.055782 0.001361 
0.001905 0.011429 0.020952 0.059048 0.040000 0.001905 0.335238 0.001905 0.211429 0.316190 
0.001124 0.001124 0.001124 0.079775 0.023596 0.192135 0.001124 0.512360 0.119101 0.068539 
0.001923 0.059615 0.001923 0.001923 0.050000 0.290385 0.030769 0.001923 0.511538 0.050000 
0.078632 0.001709 0.001709 0.044444 0.001709 0.249573 0.591453 0.001709 0.010256 0.018803 
0.007186 0.001198 0.025150 0.007186 0.001198 0.210778 0.528144 0.019162 0.198802 0.001198 
0.135196 0.498324 0.012291 0.001117 0.001117 0.163128 0.001117 0.001117 0.179888 0.006704 
0.001739 0.001739 0.001739 0.001739 0.184348 0.001739 0.297391 0.001739 0.088696 0.419130 
0.001449 0.001449 0.001449 0.066667 0.008696 0.081159 0.247826 0.008696 0.327536 0.255072 
0.001600 0.009600 0.401600 0.313600 0.009600 0.113600 0.001600 0.001600 0.145600 0.001600 
0.001538 0.001538 0.001538 0.001538 0.001538 0.001538 0.001538 0.001538 0.986154 0.001538 
0.123577 0.139837 0.001626 0.172358 0.026016 0.269919 0.042276 0.131707 0.091057 0.001626 
0.002564 0.002564 0.015385 0.002564 0.002564 0.271795 0.015385 0.528205 0.156410 0.002564 
0.008219 0.001370 0.179452 0.001370 0.001370 0.001370 0.056164 0.049315 0.200000 0.501370 
0.009449 0.001575 0.001575 0.056693 0.009449 0.009449 0.143307 0.001575 0.387402 0.379528 
0.305747 0.018391 0.098851 0.001149 0.006897 0.173563 0.001149 0.001149 0.213793 0.179310 
0.012571 0.264000 0.001143 0.138286 0.001143 0.001143 0.001143 0.189714 0.115429 0.275429 
0.011321 0.001887 0.001887 0.115094 0.567925 0.001887 0.001887 0.001887 0.011321 0.284906 
0.022069 0.001379 0.339310 0.091034 0.015172 0.001379 0.022069 0.001379 0.435862 0.070345 
0.010345 0.001724 0.079310 0.337931 0.018966 0.010345 0.346552 0.044828 0.148276 0.001724 
0.002439 0.002439 0.002439 0.002439 0.246341 0.270732 0.002439 0.270732 0.197561 0.002439 
0.306667 0.001905 0.011429 0.163810 0.125714 0.001905 0.059048 0.001905 0.325714 0.001905 
0.147020 0.001325 0.372185 0.299338 0.014570 0.007947 0.001325 0.007947 0.140397 0.007947 
0.001770 0.001770 0.010619 0.001770 0.081416 0.001770 0.125664 0.001770 0.771681 0.001770 
0.001575 0.308661 0.001575 0.072441 0.033071 0.151181 0.245669 0.088189 0.001575 0.096063 
0.002469 0.002469 0.088889 0.385185 0.014815 0.200000 0.002469 0.101235 0.051852 0.150617 
0.013665 0.001242 0.299379 0.044720 0.150311 0.013665 0.113043 0.311801 0.050932 0.001242 
0.172781 0.007101 0.001183 0.024852 0.001183 0.001183 0.001183 0.013018 0.776331 0.001183 
0.054167 0.012500 0.012500 0.002083 0.012500 0.002083 0.002083 0.116667 0.741667 0.043750 
0.001961 0.001961 0.021569 0.217647 0.001961 0.001961 0.001961 0.041176 0.707843 0.001961 
0.001770 0.656637 0.001770 0.001770 0.001770 0.099115 0.001770 0.214159 0.010619 0.010619 
0.001527 0.001527 0.001527 0.001527 0.009160 0.551145 0.001527 0.421374 0.009160 0.001527 
0.021769 0.001361 0.001361 0.001361 0.001361 0.110204 0.096599 0.763265 0.001361 0.001361 
0.001600 0.809600 0.001600 0.001600 0.001600 0.017600 0.001600 0.129600 0.001600 0.033600 
0.013187 0.002198 0.002198 0.002198 0.002198 0.002198 0.287912 0.661538 0.024176 0.002198 
0.010714 0.617857 0.001786 0.037500 0.019643 0.001786 0.198214 0.108929 0.001786 0.001786 
0.071304 0.714783 0.001739 0.140870 0.001739 0.001739 0.053913 0.001739 0.010435 0.001739 
0.052874 0.311494 0.029885 0.001149 0.006897 0.012644 0.265517 0.001149 0.317241 0.001149 
0.001905 0.001905 0.268571 0.001905 0.001905 0.001905 0.001905 0.468571 0.220952 0.030476 
0.001351 0.643243 0.041892 0.001351 0.285135 0.001351 0.001351 0.001351 0.001351 0.021622 
0.001980 0.764356 0.031683 0.001980 0.001980 0.001980 0.021782 0.160396 0.001980 0.011881 
0.002000 0.492000 0.002000 0.002000 0.002000 0.142000 0.012000 0.342000 0.002000 0.002000 
0.002062 0.002062 0.002062 0.002062 0.002062 0.208247 0.002062 0.764948 0.012371 0.002062 
0.002020 0.547475 0.002020 0.002020 0.002020 0.264646 0.002020 0.173737 0.002020 0.002020 
0.001563 0.282813 0.001563 0.353125 0.001563 0.329688 0.001563 0.001563 0.025000 0.001563 
0.023704 0.912593 0.001481 0.023704 0.001481 0.001481 0.001481 0.001481 0.031111 0.001481 
0.032813 0.212500 0.001563 0.001563 0.228125 0.009375 0.001563 0.392188 0.009375 0.110937 
0.001190 0.638095 0.001190 0.001190 0.001190 0.025000 0.036905 0.263095 0.001190 0.030952 
0.001681 0.850420 0.001681 0.001681 0.026891 0.010084 0.001681 0.102521 0.001681 0.001681 
0.009160 0.856489 0.001527 0.024427 0.009160 0.062595 0.001527 0.016794 0.016794 0.001527 
0.001550 0.706977 0.001550 0.009302 0.257364 0.001550 0.001550 0.009302 0.009302 0.001550 
0.001563 0.001563 0.001563 0.001563 0.048438 0.267188 0.087500 0.579688 0.001563 0.009375 
0.001835 0.011009 0.001835 0.001835 0.001835 0.240367 0.001835 0.735780 0.001835 0.001835 
0.001299 0.001299 0.001299 0.001299 0.001299 0.254545 0.007792 0.728571 0.001299 0.001299 
0.079121 0.002198 0.013187 0.002198 0.002198 0.232967 0.002198 0.320879 0.002198 0.342857 
0.010619 0.700885 0.001770 0.001770 0.001770 0.046018 0.134513 0.010619 0.001770 0.090265 
0.008108 0.487838 0.001351 0.001351 0.406757 0.001351 0.055405 0.014865 0.014865 0.008108 
0.029358 0.121101 0.001835 0.001835 0.001835 0.001835 0.001835 0.387156 0.166972 0.286239 
0.001538 0.247692 0.001538 0.001538 0.001538 0.001538 0.478462 0.263077 0.001538 0.001538 
0.032061 0.627481 0.001527 0.001527 0.009160 0.169466 0.001527 0.070229 0.001527 0.085496 
0.033071 0.426772 0.009449 0.001575 0.001575 0.001575 0.521260 0.001575 0.001575 0.001575 
0.105747 0.197701 0.025287 0.002299 0.013793 0.002299 0.002299 0.485057 0.025287 0.140230 
0.002105 0.044211 0.002105 0.002105 0.002105 0.296842 0.002105 0.612632 0.023158 0.012632 
0.009160 0.612214 0.009160 0.016794 0.177099 0.024427 0.001527 0.108397 0.039695 0.001527 
0.017188 0.040625 0.001563 0.025000 0.009375 0.282813 0.345313 0.087500 0.189062 0.001563 
0.009917 0.009917 0.001653 0.084298 0.001653 0.282645 0.001653 0.580165 0.026446 0.001653 
0.032061 0.314504 0.024427 0.001527 0.001527 0.177099 0.154198 0.001527 0.192366 0.100763 
0.001538 0.001538 0.016923 0.009231 0.009231 0.001538 0.263077 0.470769 0.224615 0.001538 
0.001563 0.743750 0.001563 0.001563 0.001563 0.001563 0.009375 0.110937 0.001563 0.126562 
0.001227 0.001227 0.117791 0.001227 0.001227 0.412270 0.001227 0.461350 0.001227 0.001227 
0.001449 0.827536 0.059420 0.001449 0.001449 0.001449 0.001449 0.008696 0.001449 0.095652 
0.013750 0.338750 0.001250 0.020000 0.001250 0.007500 0.001250 0.613750 0.001250 0.001250 
0.001351 0.224324 0.001351 0.001351 0.028378 0.028378 0.001351 0.643243 0.001351 0.068919 
0.001653 0.042975 0.001653 0.001653 0.001653 0.001653 0.001653 0.712397 0.233058 0.001653 
0.001667 0.335000 0.001667 0.001667 0.626667 0.001667 0.001667 0.001667 0.001667 0.026667 
0.011321 0.077358 0.001887 0.011321 0.360377 0.001887 0.001887 0.011321 0.001887 0.520755 
0.002128 0.002128 0.097872 0.002128 0.076596 0.023404 0.023404 0.619149 0.002128 0.151064 
0.001563 0.400000 0.087500 0.001563 0.017188 0.001563 0.001563 0.485938 0.001563 0.001563 
0.001026 0.170256 0.031795 0.026667 0.360000 0.011282 0.001026 0.349744 0.001026 0.047179 
0.001471 0.001471 0.008824 0.008824 0.832353 0.008824 0.001471 0.008824 0.001471 0.126471 
0.001130 0.097175 0.012429 0.001130 0.752542 0.001130 0.119774 0.001130 0.001130 0.012429 
0.001333 0.001333 0.001333 0.001333 0.301333 0.014667 0.001333 0.674667 0.001333 0.001333 
0.001460 0.636496 0.001460 0.016058 0.337226 0.001460 0.001460 0.001460 0.001460 0.001460 
0.001183 0.320710 0.001183 0.001183 0.001183 0.001183 0.036686 0.610651 0.001183 0.024852 
0.001460 0.016058 0.001460 0.001460 0.395620 0.001460 0.001460 0.570803 0.001460 0.008759 
0.001481 0.379259 0.001481 0.001481 0.608889 0.001481 0.001481 0.001481 0.001481 0.001481 
0.155030 0.018935 0.001183 0.001183 0.137278 0.285207 0.001183 0.391716 0.007101 0.001183 
0.001149 0.001149 0.001149 0.179310 0.604598 0.070115 0.001149 0.012644 0.001149 0.127586 
0.001307 0.282353 0.027451 0.014379 0.001307 0.249673 0.001307 0.354248 0.001307 0.066667 
0.001527 0.001527 0.001527 0.215267 0.581679 0.161832 0.001527 0.001527 0.001527 0.032061 
0.017742 0.017742 0.122581 0.251613 0.001613 0.001613 0.364516 0.001613 0.001613 0.219355 
0.001325 0.345695 0.001325 0.001325 0.001325 0.021192 0.054305 0.279470 0.001325 0.292715 
0.001266 0.001266 0.001266 0.001266 0.937975 0.001266 0.013924 0.013924 0.001266 0.026582 
0.046452 0.046452 0.162581 0.033548 0.001290 0.001290 0.059355 0.381935 0.259355 0.007742 
0.008333 0.195833 0.056944 0.001389 0.001389 0.050000 0.001389 0.487500 0.001389 0.195833 
0.001418 0.093617 0.001418 0.008511 0.001418 0.072340 0.001418 0.809929 0.008511 0.001418 
0.006704 0.001117 0.001117 0.012291 0.246927 0.001117 0.001117 0.576536 0.001117 0.151955 
0.001852 0.298148 0.001852 0.344444 0.011111 0.001852 0.029630 0.001852 0.038889 0.270370 
0.001600 0.377600 0.169600 0.001600 0.009600 0.001600 0.001600 0.409600 0.025600 0.001600 
0.224096 0.001205 0.001205 0.019277 0.001205 0.001205 0.001205 0.651807 0.001205 0.097590 
0.001235 0.001235 0.458025 0.167901 0.192593 0.007407 0.069136 0.001235 0.007407 0.093827 
0.001980 0.308911 0.457426 0.001980 0.219802 0.001980 0.001980 0.001980 0.001980 0.001980 
0.040945 0.001575 0.135433 0.001575 0.001575 0.064567 0.245669 0.253543 0.001575 0.253543 
0.002222 0.013333 0.313333 0.002222 0.002222 0.002222 0.002222 0.435556 0.024444 0.202222 
0.001156 0.006936 0.550289 0.001156 0.110983 0.006936 0.157225 0.163006 0.001156 0.001156 
0.001481 0.016296 0.231111 0.016296 0.090370 0.045926 0.282963 0.238519 0.001481 0.075556 
0.002105 0.065263 0.454737 0.002105 0.002105 0.002105 0.023158 0.002105 0.002105 0.444211 
0.001439 0.353957 0.332374 0.001439 0.001439 0.001439 0.001439 0.001439 0.001439 0.303597 
0.010435 0.210435 0.445217 0.019130 0.010435 0.210435 0.001739 0.071304 0.019130 0.001739 
0.001274 0.026752 0.275159 0.039490 0.014013 0.077707 0.103185 0.459873 0.001274 0.001274 
0.001361 0.001361 0.436735 0.191837 0.096599 0.001361 0.001361 0.001361 0.198639 0.069388 
0.001587 0.009524 0.192063 0.009524 0.001587 0.509524 0.049206 0.223810 0.001587 0.001587 
0.001575 0.033071 0.285039 0.001575 0.009449 0.072441 0.001575 0.592126 0.001575 0.001575 
0.001361 0.021769 0.586395 0.001361 0.001361 0.205442 0.028571 0.001361 0.151020 0.001361 
0.008451 0.205634 0.184507 0.008451 0.029577 0.001408 0.001408 0.557746 0.001408 0.001408 
0.001639 0.386885 0.313115 0.001639 0.059016 0.108197 0.091803 0.001639 0.001639 0.034426 
0.001087 0.001087 0.647826 0.001087 0.001087 0.213043 0.001087 0.098913 0.022826 0.011957 
0.001307 0.452288 0.288889 0.001307 0.001307 0.001307 0.112418 0.001307 0.001307 0.138562 
0.001183 0.048521 0.273373 0.007101 0.007101 0.001183 0.001183 0.013018 0.001183 0.646154 
0.001724 0.225862 0.389655 0.001724 0.001724 0.053448 0.036207 0.286207 0.001724 0.001724 
0.001724 0.286207 0.337931 0.087931 0.001724 0.182759 0.001724 0.027586 0.036207 0.036207 
0.001361 0.082993 0.402721 0.008163 0.001361 0.484354 0.001361 0.014966 0.001361 0.001361 
0.001653 0.505785 0.299174 0.001653 0.001653 0.001653 0.166942 0.001653 0.001653 0.018182 
0.001613 0.195161 0.058065 0.001613 0.001613 0.009677 0.566129 0.017742 0.138710 0.009677 
0.022105 0.032632 0.280000 0.001053 0.001053 0.016842 0.006316 0.211579 0.001053 0.427368 
0.001709 0.001709 0.292308 0.027350 0.001709 0.001709 0.232479 0.437607 0.001709 0.001709 
0.001333 0.154667 0.268000 0.014667 0.001333 0.088000 0.001333 0.108000 0.001333 0.361333 
0.081600 0.025600 0.369600 0.001600 0.001600 0.041600 0.001600 0.177600 0.009600 0.289600 
0.002247 0.541573 0.260674 0.024719 0.002247 0.069663 0.002247 0.002247 0.080899 0.013483 
0.001316 0.113158 0.007895 0.001316 0.080263 0.113158 0.001316 0.494737 0.001316 0.185526 
0.001143 0.178286 0.286857 0.001143 0.001143 0.104000 0.001143 0.006857 0.006857 0.412571 
0.001905 0.001905 0.306667 0.001905 0.278095 0.001905 0.001905 0.011429 0.001905 0.392381 
0.001361 0.423129 0.151020 0.028571 0.001361 0.076190 0.001361 0.021769 0.001361 0.293878 
0.001439 0.015827 0.274820 0.001439 0.030216 0.001439 0.080576 0.533813 0.044604 0.015827 
0.001739 0.193043 0.480000 0.001739 0.062609 0.106087 0.010435 0.071304 0.001739 0.071304 
0.020370 0.038889 0.094444 0.001852 0.279630 0.511111 0.048148 0.001852 0.001852 0.001852 
0.013953 0.025581 0.002326 0.002326 0.002326 0.002326 0.002326 0.920930 0.002326 0.025581 
0.043357 0.064336 0.078322 0.001399 0.057343 0.015385 0.015385 0.406993 0.001399 0.316084 
0.001370 0.001370 0.816438 0.001370 0.001370 0.001370 0.001370 0.001370 0.042466 0.131507 
0.001370 0.364384 0.001370 0.008219 0.001370 0.001370 0.563014 0.056164 0.001370 0.001370 
0.001504 0.136842 0.009023 0.001504 0.001504 0.001504 0.114286 0.730827 0.001504 0.001504 
0.001333 0.121333 0.001333 0.001333 0.001333 0.034667 0.001333 0.674667 0.001333 0.161333 
0.833684 0.002105 0.002105 0.002105 0.002105 0.002105 0.002105 0.023158 0.128421 0.002105 
0.449123 0.001754 0.001754 0.396491 0.001754 0.036842 0.001754 0.019298 0.089474 0.001754 
0.123577 0.473171 0.001626 0.001626 0.123577 0.026016 0.001626 0.001626 0.001626 0.245528 
0.482171 0.187597 0.001550 0.001550 0.195349 0.001550 0.001550 0.110078 0.017054 0.001550 
0.194495 0.001835 0.084404 0.001835 0.020183 0.038532 0.102752 0.001835 0.185321 0.368807 
0.877124 0.001307 0.001307 0.020915 0.007843 0.014379 0.001307 0.001307 0.066667 0.007843 
0.040260 0.001299 0.001299 0.001299 0.001299 0.196104 0.001299 0.007792 0.748052 0.001299 
0.660870 0.001449 0.030435 0.059420 0.001449 0.008696 0.008696 0.001449 0.226087 0.001449 
0.359633 0.001835 0.047706 0.011009 0.001835 0.295413 0.001835 0.020183 0.001835 0.258716 
0.254369 0.001942 0.001942 0.001942 0.137864 0.079612 0.137864 0.031068 0.332039 0.021359 
0.480822 0.001370 0.001370 0.001370 0.001370 0.008219 0.117808 0.001370 0.364384 0.021918 
0.509677 0.227419 0.041935 0.001613 0.001613 0.001613 0.001613 0.090323 0.001613 0.122581 
0.662385 0.011009 0.001835 0.001835 0.001835 0.001835 0.001835 0.001835 0.313761 0.001835 
0.253333 0.001481 0.001481 0.001481 0.001481 0.238519 0.001481 0.038519 0.438519 0.023704 
0.600000 0.020382 0.001274 0.001274 0.014013 0.001274 0.001274 0.001274 0.236943 0.122293 
0.123741 0.001439 0.001439 0.030216 0.001439 0.001439 0.001439 0.001439 0.835971 0.001439 
0.458537 0.092683 0.098780 0.001220 0.007317 0.019512 0.001220 0.050000 0.239024 0.031707 
0.895935 0.001626 0.001626 0.001626 0.091057 0.001626 0.001626 0.001626 0.001626 0.001626 
0.560360 0.010811 0.019820 0.001802 0.272072 0.046847 0.001802 0.082883 0.001802 0.001802 
0.416216 0.001802 0.344144 0.001802 0.181982 0.001802 0.019820 0.001802 0.019820 0.010811 
0.263077 0.063077 0.001538 0.001538 0.663077 0.001538 0.001538 0.001538 0.001538 0.001538 
0.348760 0.125620 0.009917 0.332231 0.109091 0.001653 0.067769 0.001653 0.001653 0.001653 
0.365318 0.001156 0.035838 0.047399 0.001156 0.001156 0.064740 0.001156 0.480925 0.001156 
0.530323 0.001290 0.317419 0.001290 0.001290 0.091613 0.001290 0.001290 0.052903 0.001290 
0.755385 0.001538 0.001538 0.001538 0.124615 0.001538 0.040000 0.009231 0.063077 0.001538 
0.902469 0.001235 0.001235 0.007407 0.001235 0.081481 0.001235 0.001235 0.001235 0.001235 
0.001325 0.080795 0.001325 0.418543 0.365563 0.001325 0.094040 0.027815 0.007947 0.001325 
0.110968 0.149677 0.007742 0.001290 0.001290 0.117419 0.556129 0.007742 0.046452 0.001290 
0.008000 0.834667 0.054667 0.048000 0.021333 0.008000 0.001333 0.001333 0.021333 0.001333 
0.001739 0.584348 0.001739 0.001739 0.001739 0.001739 0.027826 0.375652 0.001739 0.001739 
0.296970 0.001515 0.304545 0.160606 0.001515 0.024242 0.168182 0.001515 0.001515 0.039394 
0.001274 0.001274 0.147771 0.058599 0.020382 0.001274 0.071338 0.090446 0.568153 0.039490 
0.001250 0.063750 0.063750 0.070000 0.001250 0.251250 0.170000 0.376250 0.001250 0.001250 
0.001307 0.432680 0.053595 0.001307 0.040523 0.001307 0.001307 0.465359 0.001307 0.001307 
0.012121 0.062626 0.002020 0.002020 0.002020 0.224242 0.032323 0.608081 0.002020 0.052525 
0.000966 0.276329 0.044444 0.000966 0.522705 0.000966 0.083092 0.000966 0.000966 0.068599 
0.001786 0.001786 0.001786 0.171429 0.001786 0.001786 0.019643 0.519643 0.278571 0.001786 
0.001190 0.911905 0.013095 0.048810 0.007143 0.007143 0.001190 0.001190 0.001190 0.007143 
0.001418 0.143262 0.093617 0.008511 0.008511 0.001418 0.001418 0.739007 0.001418 0.001418 
0.001449 0.204348 0.001449 0.001449 0.349275 0.008696 0.363768 0.066667 0.001449 0.001449 
0.001316 0.632895 0.001316 0.001316 0.001316 0.001316 0.007895 0.350000 0.001316 0.001316 
0.001550 0.489922 0.009302 0.001550 0.342636 0.024806 0.009302 0.001550 0.086822 0.032558 
0.002000 0.002000 0.012000 0.122000 0.002000 0.182000 0.002000 0.562000 0.112000 0.002000 
0.225175 0.036364 0.029371 0.113287 0.001399 0.001399 0.022378 0.560839 0.008392 0.001399 
0.161333 0.381333 0.021333 0.001333 0.161333 0.001333 0.268000 0.001333 0.001333 0.001333 
0.001449 0.834783 0.008696 0.008696 0.095652 0.001449 0.044928 0.001449 0.001449 0.001449 
0.001504 0.512782 0.332331 0.001504 0.024060 0.009023 0.016541 0.099248 0.001504 0.001504 
0.001316 0.705263 0.165789 0.001316 0.119737 0.001316 0.001316 0.001316 0.001316 0.001316 
0.001316 0.001316 0.001316 0.001316 0.001316 0.086842 0.014474 0.882895 0.001316 0.007895 
0.019632 0.142331 0.614724 0.001227 0.001227 0.025767 0.191411 0.001227 0.001227 0.001227 
0.001439 0.490647 0.001439 0.001439 0.159712 0.001439 0.339568 0.001439 0.001439 0.001439 
0.291892 0.204054 0.035135 0.001351 0.109459 0.001351 0.035135 0.014865 0.001351 0.305405 
0.001361 0.232653 0.001361 0.008163 0.042177 0.157823 0.382313 0.117007 0.055782 0.001361 
0.132895 0.613158 0.007895 0.001316 0.113158 0.001316 0.007895 0.080263 0.040789 0.001316 
0.001212 0.146667 0.001212 0.013333 0.001212 0.037576 0.001212 0.746667 0.019394 0.031515 
0.002326 0.281395 0.083721 0.002326 0.002326 0.002326 0.200000 0.420930 0.002326 0.002326 
0.001493 0.232836 0.001493 0.270149 0.225373 0.001493 0.023881 0.083582 0.098507 0.061194 
0.083544 0.146835 0.191139 0.045570 0.235443 0.001266 0.007595 0.286076 0.001266 0.001266 
0.001626 0.278049 0.001626 0.009756 0.001626 0.253659 0.001626 0.221138 0.074797 0.156098 
0.131884 0.001449 0.044928 0.428986 0.008696 0.001449 0.218841 0.001449 0.117391 0.044928 
0.001170 0.007018 0.118129 0.001170 0.153216 0.200000 0.176608 0.340351 0.001170 0.001170 
0.001667 0.718333 0.001667 0.085000 0.135000 0.001667 0.018333 0.018333 0.018333 0.001667 
0.388439 0.024277 0.053179 0.001156 0.041618 0.001156 0.070520 0.070520 0.226590 0.122543 
0.136134 0.001681 0.018487 0.001681 0.001681 0.001681 0.094118 0.253782 0.489076 0.001681 
0.105600 0.201600 0.001600 0.001600 0.001600 0.001600 0.033600 0.577600 0.001600 0.073600 
0.002041 0.042857 0.287755 0.308163 0.012245 0.012245 0.236735 0.002041 0.073469 0.022449 
0.001342 0.001342 0.014765 0.001342 0.001342 0.001342 0.612081 0.363758 0.001342 0.001342 
0.075000 0.038235 0.001471 0.008824 0.295588 0.001471 0.001471 0.523529 0.052941 0.001471 
0.001408 0.128169 0.480282 0.128169 0.008451 0.008451 0.043662 0.100000 0.100000 0.001408 
0.168182 0.077273 0.039394 0.001515 0.016667 0.009091 0.365152 0.009091 0.122727 0.190909 
0.636522 0.001739 0.166957 0.019130 0.001739 0.019130 0.019130 0.132174 0.001739 0.001739 
0.001020 0.001020 0.067347 0.001020 0.001020 0.001020 0.006122 0.138776 0.001020 0.781633 
0.001242 0.001242 0.001242 0.001242 0.150311 0.007453 0.237267 0.001242 0.436025 0.162733 
0.014013 0.459873 0.001274 0.001274 0.001274 0.033121 0.001274 0.001274 0.249682 0.236943 
0.039394 0.001515 0.009091 0.001515 0.319697 0.084848 0.190909 0.001515 0.031818 0.319697 
0.001111 0.106667 0.328889 0.090000 0.001111 0.045556 0.001111 0.423333 0.001111 0.001111 
0.001124 0.439326 0.001124 0.001124 0.478652 0.006742 0.017978 0.051685 0.001124 0.001124 
0.001370 0.480822 0.104110 0.028767 0.063014 0.008219 0.001370 0.097260 0.001370 0.213699 
