0.001626 0.001626 0.009756 0.001626 0.009756 0.001626 0.001626 0.708943 0.001626 0.261789 
0.174803 0.001575 0.001575 0.001575 0.001575 0.001575 0.001575 0.560630 0.001575 0.253543 
0.001626 0.001626 0.042276 0.001626 0.001626 0.001626 0.001626 0.627642 0.017886 0.302439 
0.022826 0.001087 0.001087 0.001087 0.055435 0.011957 0.218478 0.283696 0.001087 0.403261 
0.009231 0.001538 0.101538 0.001538 0.047692 0.024615 0.001538 0.163077 0.216923 0.432308 
0.001754 0.001754 0.001754 0.001754 0.492982 0.001754 0.010526 0.001754 0.001754 0.484211 
0.302655 0.001770 0.001770 0.001770 0.338053 0.001770 0.001770 0.161062 0.143363 0.046018 
0.014815 0.175309 0.002469 0.002469 0.002469 0.002469 0.002469 0.002469 0.237037 0.558025 
0.001481 0.082963 0.186667 0.001481 0.097778 0.001481 0.616296 0.001481 0.008889 0.001481 
0.001307 0.001307 0.007843 0.014379 0.125490 0.001307 0.001307 0.001307 0.007843 0.837908 
0.001653 0.001653 0.001653 0.001653 0.489256 0.067769 0.001653 0.001653 0.001653 0.431405 
0.001389 0.001389 0.001389 0.133333 0.695833 0.001389 0.001389 0.008333 0.001389 0.154167 
0.668217 0.001550 0.001550 0.009302 0.172093 0.001550 0.141085 0.001550 0.001550 0.001550 
0.044928 0.095652 0.001449 0.001449 0.363768 0.001449 0.001449 0.001449 0.015942 0.472464 
0.001242 0.007453 0.001242 0.013665 0.311801 0.081988 0.013665 0.001242 0.280745 0.286957 
0.076667 0.143333 0.001667 0.026667 0.268333 0.001667 0.001667 0.010000 0.251667 0.218333 
0.001418 0.001418 0.001418 0.185816 0.526241 0.001418 0.001418 0.029787 0.107801 0.143262 
0.001481 0.001481 0.031111 0.001481 0.001481 0.001481 0.001481 0.549630 0.001481 0.408889 
0.146774 0.098387 0.001613 0.009677 0.695161 0.001613 0.001613 0.001613 0.001613 0.041935 
0.036842 0.343860 0.010526 0.326316 0.001754 0.001754 0.001754 0.221053 0.010526 0.045614 
0.585600 0.073600 0.009600 0.001600 0.209600 0.009600 0.073600 0.001600 0.009600 0.025600 
0.001667 0.001667 0.001667 0.001667 0.001667 0.001667 0.001667 0.235000 0.110000 0.643333 
0.371429 0.001681 0.001681 0.001681 0.102521 0.001681 0.480672 0.001681 0.035294 0.001681 
0.189286 0.055357 0.001786 0.394643 0.037500 0.001786 0.296429 0.001786 0.019643 0.001786 
0.001667 0.001667 0.001667 0.201667 0.343333 0.001667 0.435000 0.010000 0.001667 0.001667 
0.025150 0.114970 0.001198 0.749701 0.001198 0.031138 0.001198 0.001198 0.073054 0.001198 
0.001342 0.088591 0.001342 0.182550 0.061745 0.008054 0.612081 0.001342 0.001342 0.041611 
0.007186 0.001198 0.001198 0.659880 0.025150 0.007186 0.120958 0.001198 0.001198 0.174850 
0.002020 0.002020 0.002020 0.002020 0.517172 0.002020 0.002020 0.355556 0.022222 0.092929 
0.001075 0.001075 0.027957 0.001075 0.022581 0.001075 0.017204 0.388172 0.001075 0.538710 
0.018487 0.018487 0.001681 0.077311 0.001681 0.001681 0.842017 0.035294 0.001681 0.001681 
0.141401 0.001274 0.007643 0.001274 0.574522 0.001274 0.001274 0.001274 0.007643 0.262420 
0.001342 0.001342 0.008054 0.786577 0.001342 0.001342 0.108725 0.001342 0.001342 0.088591 
0.001316 0.001316 0.001316 0.810526 0.007895 0.021053 0.126316 0.001316 0.027632 0.001316 
0.001754 0.001754 0.001754 0.861404 0.001754 0.001754 0.115789 0.010526 0.001754 0.001754 
0.001493 0.091045 0.008955 0.247761 0.300000 0.001493 0.113433 0.001493 0.016418 0.217910 
0.221053 0.001754 0.028070 0.238596 0.001754 0.028070 0.194737 0.001754 0.001754 0.282456 
0.000966 0.029952 0.005797 0.701449 0.000966 0.000966 0.257005 0.000966 0.000966 0.000966 
0.001429 0.008571 0.001429 0.565714 0.001429 0.001429 0.251429 0.001429 0.001429 0.165714 
0.293056 0.001389 0.001389 0.508333 0.001389 0.001389 0.001389 0.001389 0.001389 0.188889 
0.272807 0.000877 0.027193 0.575439 0.062281 0.027193 0.031579 0.000877 0.000877 0.000877 
0.008633 0.001439 0.001439 0.217266 0.015827 0.001439 0.210072 0.001439 0.037410 0.505036 
0.012903 0.012903 0.012903 0.443011 0.270968 0.002151 0.002151 0.002151 0.002151 0.238710 
0.016058 0.023358 0.001460 0.001460 0.154745 0.016058 0.286131 0.016058 0.315328 0.169343 
0.371429 0.220168 0.001681 0.018487 0.068908 0.127731 0.018487 0.001681 0.152941 0.018487 
0.001504 0.001504 0.039098 0.001504 0.685714 0.001504 0.001504 0.001504 0.001504 0.264662 
0.001235 0.013580 0.001235 0.519753 0.143210 0.050617 0.001235 0.001235 0.007407 0.260494 
0.034043 0.002128 0.087234 0.246809 0.225532 0.012766 0.310638 0.002128 0.002128 0.076596 
0.091667 0.244444 0.168056 0.418056 0.001389 0.001389 0.001389 0.001389 0.070833 0.001389 
0.005970 0.000995 0.060697 0.329353 0.000995 0.000995 0.578109 0.010945 0.000995 0.010945 
0.145205 0.001370 0.008219 0.343836 0.131507 0.008219 0.145205 0.015068 0.001370 0.200000 
0.083562 0.001370 0.001370 0.583562 0.015068 0.001370 0.220548 0.069863 0.021918 0.001370 
0.013187 0.046154 0.013187 0.002198 0.243956 0.178022 0.079121 0.002198 0.419780 0.002198 
0.001418 0.001418 0.008511 0.320567 0.029787 0.001418 0.618440 0.001418 0.008511 0.008511 
0.304202 0.001681 0.110924 0.228571 0.094118 0.001681 0.001681 0.060504 0.085714 0.110924 
0.001739 0.001739 0.001739 0.688696 0.010435 0.001739 0.053913 0.001739 0.001739 0.236522 
0.252695 0.007186 0.073054 0.025150 0.097006 0.001198 0.001198 0.001198 0.031138 0.510180 
0.140506 0.001266 0.001266 0.627848 0.013924 0.001266 0.134177 0.001266 0.007595 0.070886 
0.001299 0.020779 0.001299 0.312987 0.001299 0.001299 0.014286 0.001299 0.001299 0.644156 
0.008889 0.001481 0.157037 0.431111 0.001481 0.068148 0.038519 0.001481 0.001481 0.290370 
0.001504 0.001504 0.001504 0.505263 0.009023 0.001504 0.445113 0.024060 0.001504 0.009023 
0.017188 0.001563 0.267188 0.673438 0.001563 0.017188 0.001563 0.009375 0.009375 0.001563 
0.001481 0.001481 0.120000 0.712593 0.001481 0.149630 0.001481 0.001481 0.008889 0.001481 
0.169912 0.001770 0.001770 0.400000 0.063717 0.001770 0.196460 0.028319 0.001770 0.134513 
0.001600 0.001600 0.001600 0.593600 0.025600 0.001600 0.001600 0.001600 0.001600 0.369600 
0.001325 0.001325 0.001325 0.372185 0.186755 0.100662 0.332450 0.001325 0.001325 0.001325 
0.001418 0.043972 0.036879 0.001418 0.065248 0.001418 0.001418 0.022695 0.093617 0.731915 
0.001064 0.001064 0.006383 0.602128 0.001064 0.001064 0.298936 0.001064 0.001064 0.086170 
0.002353 0.014118 0.002353 0.355294 0.002353 0.437647 0.002353 0.002353 0.002353 0.178824 
0.120339 0.264407 0.001695 0.247458 0.196610 0.001695 0.001695 0.061017 0.001695 0.103390 
0.001299 0.215584 0.001299 0.092208 0.001299 0.001299 0.390909 0.007792 0.001299 0.287013 
0.469369 0.109009 0.000901 0.059459 0.118018 0.000901 0.009910 0.005405 0.000901 0.226126 
0.156784 0.056281 0.001005 0.001005 0.001005 0.001005 0.001005 0.001005 0.031156 0.749749 
0.443678 0.018391 0.001149 0.006897 0.001149 0.093103 0.029885 0.001149 0.087356 0.317241 
0.043114 0.492216 0.001198 0.138922 0.001198 0.007186 0.306587 0.001198 0.001198 0.007186 
0.587500 0.009375 0.001563 0.009375 0.001563 0.001563 0.384375 0.001563 0.001563 0.001563 
0.263448 0.008276 0.008276 0.001379 0.056552 0.001379 0.001379 0.015172 0.366897 0.277241 
0.001399 0.001399 0.001399 0.476923 0.155245 0.239161 0.120280 0.001399 0.001399 0.001399 
0.001550 0.001550 0.094574 0.497674 0.032558 0.125581 0.017054 0.009302 0.218605 0.001550 
0.001235 0.106173 0.180247 0.235802 0.001235 0.458025 0.001235 0.001235 0.001235 0.013580 
0.001550 0.001550 0.001550 0.311628 0.001550 0.482171 0.187597 0.009302 0.001550 0.001550 
0.001325 0.001325 0.001325 0.021192 0.140397 0.405298 0.411921 0.001325 0.001325 0.014570 
0.033696 0.001087 0.006522 0.289130 0.011957 0.457609 0.001087 0.001087 0.142391 0.055435 
0.204651 0.018605 0.001163 0.256977 0.012791 0.332558 0.158140 0.012791 0.001163 0.001163 
0.092958 0.712676 0.001408 0.001408 0.008451 0.121127 0.050704 0.001408 0.008451 0.001408 
0.068750 0.001042 0.344792 0.136458 0.001042 0.370833 0.001042 0.001042 0.063542 0.011458 
0.002041 0.002041 0.002041 0.053061 0.002041 0.889796 0.002041 0.012245 0.032653 0.002041 
0.035028 0.272316 0.272316 0.057627 0.001130 0.193220 0.001130 0.001130 0.164972 0.001130 
0.231655 0.087770 0.001439 0.001439 0.152518 0.174101 0.094964 0.001439 0.130935 0.123741 
0.033766 0.001299 0.007792 0.001299 0.312987 0.033766 0.001299 0.001299 0.131169 0.475325 
0.001299 0.267532 0.001299 0.001299 0.274026 0.085714 0.001299 0.007792 0.111688 0.248052 
0.140146 0.023358 0.132847 0.001460 0.059854 0.001460 0.001460 0.001460 0.329927 0.308029 
0.033333 0.071795 0.078205 0.597436 0.001282 0.116667 0.078205 0.007692 0.001282 0.014103 
0.001325 0.001325 0.001325 0.054305 0.147020 0.173510 0.001325 0.001325 0.001325 0.617219 
0.001515 0.001515 0.009091 0.001515 0.001515 0.001515 0.016667 0.190909 0.024242 0.751515 
0.001149 0.001149 0.001149 0.202299 0.001149 0.001149 0.001149 0.018391 0.012644 0.759770 
0.001047 0.001047 0.090052 0.001047 0.037696 0.001047 0.001047 0.110995 0.011518 0.744503 
0.014194 0.001290 0.007742 0.001290 0.098065 0.098065 0.001290 0.098065 0.040000 0.640000 
0.093182 0.002273 0.002273 0.002273 0.002273 0.002273 0.002273 0.547727 0.002273 0.343182 
0.001449 0.015942 0.008696 0.001449 0.001449 0.030435 0.081159 0.001449 0.001449 0.856522 
0.159064 0.001170 0.007018 0.007018 0.176608 0.059649 0.001170 0.007018 0.153216 0.428070 
0.001250 0.001250 0.176250 0.001250 0.070000 0.001250 0.670000 0.001250 0.001250 0.076250 
0.003030 0.078788 0.018182 0.033333 0.003030 0.003030 0.003030 0.003030 0.366667 0.487879 
0.014286 0.009821 0.000893 0.000893 0.085714 0.000893 0.000893 0.523214 0.005357 0.358036 
0.168627 0.001961 0.011765 0.021569 0.413725 0.021569 0.011765 0.001961 0.011765 0.335294 
0.009231 0.001538 0.001538 0.001538 0.001538 0.055385 0.001538 0.401538 0.024615 0.501538 
0.048819 0.001575 0.001575 0.088189 0.387402 0.033071 0.001575 0.072441 0.222047 0.143307 
0.001515 0.001515 0.001515 0.001515 0.001515 0.001515 0.690909 0.001515 0.009091 0.289394 
0.001053 0.006316 0.001053 0.101053 0.174737 0.016842 0.564211 0.001053 0.001053 0.132632 
0.001481 0.001481 0.001481 0.001481 0.282963 0.053333 0.001481 0.171852 0.001481 0.482963 
0.001449 0.001449 0.001449 0.146377 0.001449 0.001449 0.015942 0.008696 0.102899 0.718841 
0.044286 0.001429 0.001429 0.001429 0.022857 0.022857 0.001429 0.001429 0.108571 0.794286 
0.001639 0.034426 0.001639 0.001639 0.001639 0.001639 0.001639 0.034426 0.001639 0.919672 
0.001418 0.001418 0.001418 0.029787 0.285106 0.001418 0.036879 0.008511 0.001418 0.632624 
0.525301 0.001205 0.001205 0.001205 0.001205 0.001205 0.007229 0.013253 0.019277 0.428916 
0.001887 0.001887 0.001887 0.001887 0.643396 0.001887 0.011321 0.001887 0.001887 0.332075 
0.035616 0.008219 0.001370 0.001370 0.110959 0.001370 0.117808 0.001370 0.001370 0.720548 
0.251563 0.001563 0.001563 0.001563 0.001563 0.048438 0.001563 0.001563 0.110937 0.579688 
0.001818 0.029091 0.001818 0.056364 0.001818 0.001818 0.083636 0.001818 0.001818 0.820000 
0.008571 0.001429 0.001429 0.022857 0.687143 0.001429 0.001429 0.265714 0.001429 0.008571 
0.156098 0.001626 0.001626 0.009756 0.180488 0.001626 0.001626 0.001626 0.001626 0.643902 
0.038806 0.023881 0.008955 0.001493 0.001493 0.001493 0.188060 0.001493 0.008955 0.725373 
0.109091 0.009917 0.001653 0.001653 0.001653 0.042975 0.001653 0.208264 0.340496 0.282645 
0.001325 0.001325 0.001325 0.007947 0.166887 0.001325 0.087417 0.398675 0.001325 0.332450 
0.001117 0.001117 0.001117 0.001117 0.118436 0.001117 0.157542 0.168715 0.051397 0.498324 
0.001242 0.007453 0.001242 0.454658 0.038509 0.075776 0.001242 0.001242 0.156522 0.262112 
0.001111 0.001111 0.001111 0.001111 0.551111 0.001111 0.145556 0.001111 0.001111 0.295556 
0.022069 0.001379 0.001379 0.001379 0.022069 0.001379 0.001379 0.022069 0.304828 0.622069 
0.001439 0.030216 0.001439 0.030216 0.332374 0.001439 0.001439 0.001439 0.066187 0.533813 
0.001220 0.001220 0.025610 0.001220 0.031707 0.001220 0.543902 0.001220 0.001220 0.391463 
0.066055 0.001835 0.001835 0.001835 0.157798 0.001835 0.166972 0.001835 0.001835 0.598165 
0.001653 0.001653 0.009917 0.001653 0.001653 0.373554 0.001653 0.150413 0.150413 0.307438 
0.237795 0.033071 0.001575 0.040945 0.001575 0.214173 0.048819 0.009449 0.411024 0.001575 
0.001852 0.001852 0.298148 0.140741 0.001852 0.251852 0.001852 0.140741 0.150000 0.011111 
0.376786 0.341071 0.001786 0.001786 0.108929 0.162500 0.001786 0.001786 0.001786 0.001786 
0.073600 0.209600 0.001600 0.009600 0.209600 0.265600 0.193600 0.009600 0.025600 0.001600 
0.453226 0.009677 0.001613 0.001613 0.001613 0.001613 0.058065 0.001613 0.001613 0.469355 
0.334591 0.007547 0.007547 0.001258 0.020126 0.007547 0.460377 0.101887 0.001258 0.057862 
0.594186 0.001163 0.018605 0.001163 0.006977 0.001163 0.001163 0.001163 0.001163 0.373256 
0.001105 0.001105 0.001105 0.001105 0.155801 0.001105 0.001105 0.061878 0.001105 0.774586 
0.001418 0.001418 0.001418 0.022695 0.285106 0.001418 0.001418 0.001418 0.015603 0.668085 
0.001538 0.001538 0.009231 0.001538 0.332308 0.001538 0.647692 0.001538 0.001538 0.001538 
0.001587 0.001587 0.049206 0.033333 0.001587 0.041270 0.001587 0.207937 0.184127 0.477778 
0.030216 0.008633 0.001439 0.001439 0.202878 0.001439 0.001439 0.044604 0.001439 0.706475 
0.009524 0.001587 0.001587 0.001587 0.128571 0.001587 0.033333 0.001587 0.009524 0.811111 
0.001835 0.001835 0.029358 0.001835 0.001835 0.001835 0.011009 0.001835 0.139450 0.809174 
0.013415 0.019512 0.007317 0.001220 0.269512 0.001220 0.062195 0.001220 0.056098 0.568293 
0.010714 0.028571 0.037500 0.001786 0.350000 0.001786 0.010714 0.091071 0.010714 0.457143 
0.087143 0.001429 0.001429 0.001429 0.001429 0.008571 0.008571 0.001429 0.015714 0.872857 
0.002020 0.002020 0.002020 0.002020 0.012121 0.032323 0.274747 0.002020 0.002020 0.668687 
0.068712 0.001227 0.001227 0.013497 0.087117 0.001227 0.363190 0.001227 0.001227 0.461350 
0.001235 0.001235 0.001235 0.106173 0.001235 0.001235 0.803704 0.050617 0.001235 0.032099 
0.001316 0.001316 0.027632 0.001316 0.067105 0.040789 0.652632 0.106579 0.001316 0.100000 
0.002273 0.002273 0.002273 0.104545 0.025000 0.229545 0.240909 0.002273 0.002273 0.388636 
0.187597 0.009302 0.001550 0.071318 0.001550 0.024806 0.001550 0.001550 0.001550 0.699225 
0.350000 0.001163 0.001163 0.001163 0.001163 0.001163 0.001163 0.047674 0.001163 0.594186 
0.054386 0.098246 0.001754 0.098246 0.177193 0.001754 0.028070 0.028070 0.185965 0.326316 
0.045652 0.002174 0.002174 0.002174 0.208696 0.002174 0.002174 0.002174 0.002174 0.730435 
0.428070 0.001170 0.018713 0.053801 0.094737 0.001170 0.381287 0.001170 0.001170 0.018713 
0.029371 0.008392 0.288112 0.358042 0.029371 0.008392 0.267133 0.008392 0.001399 0.001399 
0.336774 0.001290 0.014194 0.001290 0.001290 0.001290 0.001290 0.020645 0.001290 0.620645 
0.014667 0.008000 0.001333 0.001333 0.001333 0.048000 0.914667 0.001333 0.001333 0.008000 
0.001626 0.269919 0.001626 0.001626 0.204878 0.001626 0.034146 0.001626 0.400000 0.082927 
0.472857 0.030000 0.001429 0.001429 0.087143 0.001429 0.001429 0.001429 0.037143 0.365714 
0.154745 0.278832 0.081752 0.001460 0.308029 0.001460 0.001460 0.001460 0.001460 0.169343 
0.294286 0.001429 0.044286 0.408571 0.001429 0.001429 0.151429 0.001429 0.001429 0.094286 
0.468831 0.001299 0.040260 0.085714 0.144156 0.001299 0.254545 0.001299 0.001299 0.001299 
0.195349 0.001550 0.001550 0.001550 0.024806 0.001550 0.001550 0.001550 0.001550 0.768992 
0.305063 0.374684 0.001266 0.001266 0.165823 0.001266 0.001266 0.001266 0.007595 0.140506 
0.001481 0.008889 0.423704 0.008889 0.164444 0.001481 0.001481 0.016296 0.001481 0.371852 
0.087861 0.440462 0.001156 0.001156 0.243931 0.001156 0.082081 0.035838 0.001156 0.105202 
0.002062 0.538144 0.115464 0.002062 0.012371 0.002062 0.321649 0.002062 0.002062 0.002062 
0.355906 0.001575 0.001575 0.009449 0.048819 0.001575 0.001575 0.001575 0.001575 0.576378 
0.308772 0.001754 0.001754 0.080702 0.001754 0.001754 0.001754 0.001754 0.343860 0.256140 
0.170248 0.612397 0.000826 0.000826 0.000826 0.009091 0.000826 0.095868 0.009091 0.100000 
0.127407 0.120000 0.016296 0.023704 0.120000 0.001481 0.001481 0.001481 0.231111 0.357037 
0.602797 0.001399 0.008392 0.001399 0.001399 0.008392 0.372028 0.001399 0.001399 0.001399 
0.309714 0.001143 0.001143 0.001143 0.229714 0.286857 0.075429 0.001143 0.041143 0.052571 
0.382895 0.007895 0.001316 0.001316 0.014474 0.027632 0.001316 0.001316 0.303947 0.257895 
0.117808 0.001370 0.001370 0.001370 0.008219 0.001370 0.001370 0.042466 0.015068 0.809589 
0.889600 0.001600 0.001600 0.001600 0.097600 0.001600 0.001600 0.001600 0.001600 0.001600 
0.892517 0.008163 0.001361 0.001361 0.001361 0.069388 0.001361 0.001361 0.008163 0.014966 
0.642748 0.001527 0.001527 0.070229 0.001527 0.161832 0.108397 0.001527 0.001527 0.009160 
0.857576 0.001515 0.009091 0.031818 0.001515 0.046970 0.031818 0.016667 0.001515 0.001515 
0.001449 0.001449 0.001449 0.001449 0.001449 0.001449 0.450725 0.023188 0.008696 0.508696 
0.243939 0.001515 0.009091 0.009091 0.001515 0.001515 0.115152 0.001515 0.001515 0.615152 
0.827184 0.001942 0.001942 0.011650 0.118447 0.001942 0.001942 0.031068 0.001942 0.001942 
0.791935 0.001613 0.001613 0.001613 0.001613 0.009677 0.001613 0.001613 0.001613 0.187097 
0.001064 0.001064 0.001064 0.644681 0.064894 0.022340 0.160638 0.001064 0.001064 0.102128 
0.584466 0.001942 0.040777 0.001942 0.011650 0.079612 0.254369 0.021359 0.001942 0.001942 
0.025150 0.234731 0.001198 0.001198 0.001198 0.001198 0.504192 0.001198 0.126946 0.102994 
0.627083 0.002083 0.002083 0.012500 0.095833 0.002083 0.022917 0.022917 0.002083 0.210417 
0.834848 0.039394 0.001515 0.001515 0.009091 0.001515 0.069697 0.001515 0.001515 0.039394 
0.008889 0.001481 0.001481 0.016296 0.060741 0.008889 0.001481 0.001481 0.608889 0.290370 
0.001333 0.041333 0.001333 0.048000 0.814667 0.081333 0.001333 0.001333 0.001333 0.008000 
0.001361 0.001361 0.001361 0.001361 0.001361 0.008163 0.980952 0.001361 0.001361 0.001361 
0.001242 0.001242 0.001242 0.001242 0.342857 0.001242 0.007453 0.001242 0.001242 0.640994 
0.001449 0.001449 0.008696 0.001449 0.015942 0.001449 0.001449 0.001449 0.052174 0.914493 
0.001408 0.001408 0.318310 0.050704 0.001408 0.001408 0.001408 0.057746 0.142254 0.423944 
0.014679 0.000917 0.000917 0.010092 0.000917 0.000917 0.711927 0.000917 0.000917 0.257798 
0.001449 0.008696 0.001449 0.008696 0.146377 0.001449 0.001449 0.262319 0.023188 0.544928 
0.012500 0.002083 0.002083 0.012500 0.127083 0.002083 0.720833 0.033333 0.002083 0.085417 
0.148837 0.001550 0.001550 0.001550 0.001550 0.001550 0.009302 0.389147 0.195349 0.249612 
0.091803 0.001639 0.009836 0.296721 0.091803 0.001639 0.100000 0.157377 0.149180 0.100000 
0.337600 0.001600 0.001600 0.001600 0.001600 0.001600 0.001600 0.033600 0.449600 0.169600 
0.320354 0.001770 0.001770 0.001770 0.001770 0.001770 0.001770 0.063717 0.470796 0.134513 
0.040523 0.001307 0.001307 0.001307 0.092810 0.001307 0.132026 0.027451 0.001307 0.700654 
0.001227 0.001227 0.038037 0.007362 0.369325 0.001227 0.001227 0.203681 0.007362 0.369325 
0.117419 0.001290 0.001290 0.001290 0.188387 0.001290 0.001290 0.001290 0.001290 0.685161 
0.299476 0.016754 0.320419 0.001047 0.001047 0.001047 0.137173 0.158115 0.063874 0.001047 
0.474725 0.002198 0.002198 0.013187 0.353846 0.013187 0.013187 0.002198 0.002198 0.123077 
0.001212 0.467879 0.001212 0.007273 0.249697 0.013333 0.031515 0.007273 0.219394 0.001212 
0.491489 0.278723 0.023404 0.034043 0.002128 0.002128 0.151064 0.012766 0.002128 0.002128 
0.501282 0.033333 0.001282 0.001282 0.001282 0.289744 0.071795 0.001282 0.084615 0.014103 
0.183942 0.256934 0.001460 0.198540 0.008759 0.242336 0.001460 0.037956 0.001460 0.067153 
0.001258 0.001258 0.001258 0.032704 0.026415 0.070440 0.038994 0.020126 0.535849 0.271698 
0.001852 0.001852 0.020370 0.001852 0.001852 0.807407 0.020370 0.001852 0.075926 0.066667 
0.374054 0.044324 0.001081 0.001081 0.001081 0.357838 0.141622 0.049730 0.011892 0.017297 
0.480702 0.112281 0.001170 0.001170 0.053801 0.229240 0.001170 0.012865 0.024561 0.083041 
0.082993 0.014966 0.001361 0.001361 0.708844 0.069388 0.028571 0.001361 0.082993 0.008163 
0.478095 0.154286 0.030476 0.001905 0.125714 0.116190 0.068571 0.001905 0.001905 0.020952 
0.001124 0.079775 0.001124 0.152809 0.001124 0.135955 0.119101 0.001124 0.214607 0.293258 
0.001923 0.050000 0.001923 0.001923 0.011538 0.588462 0.001923 0.069231 0.271154 0.001923 
0.010256 0.070085 0.001709 0.018803 0.711111 0.010256 0.010256 0.001709 0.164103 0.001709 
0.061078 0.043114 0.001198 0.001198 0.162874 0.001198 0.001198 0.001198 0.725749 0.001198 
0.001117 0.001117 0.034637 0.001117 0.001117 0.146369 0.001117 0.017877 0.392179 0.403352 
0.080000 0.001739 0.001739 0.010435 0.001739 0.262609 0.636522 0.001739 0.001739 0.001739 
0.197101 0.037681 0.001449 0.001449 0.226087 0.450725 0.008696 0.001449 0.073913 0.001449 
0.001600 0.465600 0.313600 0.001600 0.057600 0.001600 0.001600 0.025600 0.129600 0.001600 
0.001538 0.001538 0.001538 0.001538 0.001538 0.963077 0.001538 0.001538 0.016923 0.009231 
0.001626 0.310569 0.001626 0.001626 0.001626 0.147967 0.001626 0.001626 0.221138 0.310569 
0.002564 0.002564 0.002564 0.002564 0.015385 0.066667 0.002564 0.105128 0.758974 0.041026 
0.576712 0.001370 0.001370 0.124658 0.056164 0.186301 0.001370 0.035616 0.001370 0.015068 
0.159055 0.159055 0.001575 0.001575 0.159055 0.466142 0.048819 0.001575 0.001575 0.001575 
0.121839 0.449425 0.058621 0.001149 0.035632 0.167816 0.024138 0.035632 0.001149 0.104598 
0.469714 0.001143 0.001143 0.001143 0.012571 0.041143 0.001143 0.001143 0.155429 0.315429 
0.030189 0.105660 0.001887 0.039623 0.001887 0.001887 0.728302 0.077358 0.011321 0.001887 
0.042759 0.022069 0.346207 0.311724 0.001379 0.132414 0.001379 0.001379 0.139310 0.001379 
0.001724 0.415517 0.139655 0.027586 0.381034 0.001724 0.001724 0.001724 0.001724 0.027586 
0.270732 0.002439 0.014634 0.014634 0.002439 0.002439 0.282927 0.002439 0.380488 0.026829 
0.173333 0.230476 0.011429 0.116190 0.001905 0.373333 0.040000 0.001905 0.049524 0.001905 
0.007947 0.312583 0.286093 0.113907 0.001325 0.034437 0.001325 0.067550 0.173510 0.001325 
0.001770 0.010619 0.001770 0.001770 0.010619 0.807080 0.099115 0.001770 0.063717 0.001770 
0.001575 0.001575 0.001575 0.001575 0.466142 0.017323 0.080315 0.001575 0.088189 0.340157 
0.088889 0.520988 0.014815 0.002469 0.039506 0.002469 0.014815 0.002469 0.311111 0.002469 
0.007453 0.019876 0.100621 0.001242 0.075776 0.001242 0.187578 0.001242 0.603727 0.001242 
0.048521 0.001183 0.013018 0.089941 0.001183 0.800000 0.001183 0.042604 0.001183 0.001183 
0.012500 0.043750 0.012500 0.002083 0.002083 0.835417 0.085417 0.002083 0.002083 0.002083 
0.001961 0.168627 0.001961 0.001961 0.011765 0.766667 0.001961 0.001961 0.001961 0.041176 
0.001770 0.001770 0.019469 0.001770 0.010619 0.001770 0.001770 0.382301 0.125664 0.453097 
0.032061 0.001527 0.001527 0.001527 0.306870 0.009160 0.016794 0.009160 0.421374 0.200000 
0.001361 0.001361 0.001361 0.014966 0.361905 0.001361 0.001361 0.089796 0.123810 0.402721 
0.025600 0.001600 0.001600 0.001600 0.105600 0.017600 0.001600 0.009600 0.001600 0.833600 
0.156044 0.002198 0.002198 0.068132 0.002198 0.002198 0.002198 0.584615 0.002198 0.178022 
0.028571 0.028571 0.010714 0.046429 0.055357 0.001786 0.001786 0.207143 0.001786 0.617857 
0.019130 0.001739 0.123478 0.019130 0.001739 0.001739 0.001739 0.784348 0.001739 0.045217 
0.001149 0.001149 0.012644 0.006897 0.236782 0.357471 0.001149 0.121839 0.012644 0.248276 
0.001905 0.001905 0.354286 0.211429 0.001905 0.001905 0.001905 0.087619 0.001905 0.335238 
0.001351 0.001351 0.001351 0.001351 0.008108 0.014865 0.210811 0.068919 0.001351 0.690541 
0.001980 0.011881 0.011881 0.001980 0.001980 0.001980 0.001980 0.823762 0.031683 0.110891 
0.002000 0.002000 0.002000 0.002000 0.032000 0.012000 0.002000 0.302000 0.002000 0.642000 
0.084536 0.002062 0.002062 0.002062 0.002062 0.002062 0.012371 0.002062 0.002062 0.888660 
0.002020 0.002020 0.002020 0.002020 0.153535 0.002020 0.002020 0.193939 0.113131 0.527273 
0.001563 0.126562 0.001563 0.001563 0.087500 0.032813 0.001563 0.001563 0.282813 0.462500 
0.001481 0.001481 0.001481 0.001481 0.001481 0.001481 0.001481 0.001481 0.001481 0.986667 
0.048438 0.071875 0.001563 0.001563 0.001563 0.017188 0.228125 0.001563 0.001563 0.626563 
0.001190 0.007143 0.001190 0.001190 0.001190 0.001190 0.054762 0.001190 0.030952 0.900000 
0.001681 0.001681 0.001681 0.001681 0.060504 0.001681 0.026891 0.354622 0.085714 0.463866 
0.001527 0.001527 0.032061 0.001527 0.009160 0.001527 0.001527 0.635115 0.039695 0.276336 
0.001550 0.001550 0.001550 0.125581 0.094574 0.017054 0.102326 0.017054 0.009302 0.629457 
0.001563 0.001563 0.001563 0.181250 0.189062 0.001563 0.009375 0.025000 0.009375 0.579688 
0.001835 0.001835 0.001835 0.001835 0.387156 0.001835 0.001835 0.001835 0.001835 0.598165 
0.001299 0.001299 0.001299 0.066234 0.306494 0.001299 0.001299 0.001299 0.001299 0.618182 
0.408791 0.002198 0.002198 0.002198 0.002198 0.035165 0.002198 0.123077 0.002198 0.419780 
0.001770 0.001770 0.001770 0.028319 0.223009 0.001770 0.001770 0.718584 0.001770 0.019469 
0.001351 0.001351 0.008108 0.001351 0.001351 0.001351 0.433784 0.041892 0.001351 0.508108 
0.350459 0.001835 0.001835 0.166972 0.001835 0.001835 0.001835 0.001835 0.176147 0.295413 
0.001538 0.001538 0.001538 0.001538 0.370769 0.001538 0.001538 0.301538 0.001538 0.316923 
0.024427 0.001527 0.001527 0.009160 0.093130 0.009160 0.024427 0.001527 0.001527 0.833588 
0.001575 0.001575 0.001575 0.135433 0.198425 0.001575 0.001575 0.639370 0.009449 0.009449 
0.094253 0.071264 0.002299 0.243678 0.002299 0.002299 0.025287 0.002299 0.025287 0.531034 
0.002105 0.033684 0.002105 0.002105 0.065263 0.002105 0.012632 0.002105 0.002105 0.875789 
0.001527 0.009160 0.001527 0.062595 0.001527 0.001527 0.138931 0.329771 0.001527 0.451908 
0.001563 0.001563 0.001563 0.001563 0.587500 0.110937 0.001563 0.001563 0.181250 0.110937 
0.001653 0.001653 0.009917 0.001653 0.001653 0.001653 0.001653 0.001653 0.497521 0.480992 
0.085496 0.001527 0.001527 0.032061 0.001527 0.100763 0.001527 0.337405 0.345038 0.093130 
0.001538 0.001538 0.001538 0.078462 0.355385 0.109231 0.186154 0.001538 0.263077 0.001538 
0.189062 0.001563 0.001563 0.017188 0.009375 0.001563 0.017188 0.001563 0.001563 0.759375 
0.001227 0.001227 0.007362 0.001227 0.001227 0.001227 0.001227 0.099387 0.669939 0.215951 
0.117391 0.001449 0.001449 0.008696 0.015942 0.001449 0.001449 0.008696 0.001449 0.842029 
0.013750 0.001250 0.013750 0.057500 0.001250 0.001250 0.001250 0.001250 0.001250 0.907500 
0.055405 0.001351 0.014865 0.008108 0.001351 0.001351 0.001351 0.001351 0.001351 0.913514 
0.001653 0.001653 0.018182 0.290909 0.001653 0.001653 0.001653 0.001653 0.059504 0.621488 
0.035000 0.001667 0.001667 0.001667 0.001667 0.010000 0.435000 0.001667 0.026667 0.485000 
0.162264 0.001887 0.001887 0.360377 0.001887 0.001887 0.284906 0.001887 0.001887 0.181132 
0.129787 0.002128 0.076596 0.002128 0.002128 0.002128 0.002128 0.002128 0.002128 0.778723 
0.001563 0.009375 0.087500 0.001563 0.001563 0.001563 0.009375 0.025000 0.001563 0.860938 
0.139487 0.001026 0.001026 0.001026 0.001026 0.001026 0.257436 0.083077 0.001026 0.513846 
0.126471 0.030882 0.008824 0.001471 0.001471 0.001471 0.810294 0.001471 0.016176 0.001471 
0.001130 0.001130 0.006780 0.001130 0.114124 0.001130 0.746893 0.001130 0.001130 0.125424 
0.014667 0.001333 0.001333 0.068000 0.001333 0.001333 0.454667 0.068000 0.101333 0.288000 
0.264234 0.001460 0.001460 0.001460 0.016058 0.001460 0.096350 0.169343 0.001460 0.446715 
0.001183 0.001183 0.001183 0.001183 0.042604 0.001183 0.001183 0.001183 0.166864 0.782249 
0.008759 0.001460 0.001460 0.001460 0.001460 0.001460 0.490511 0.001460 0.001460 0.490511 
0.001481 0.001481 0.001481 0.001481 0.053333 0.001481 0.497778 0.001481 0.001481 0.438519 
0.001183 0.001183 0.001183 0.184615 0.001183 0.001183 0.125444 0.001183 0.302959 0.379882 
0.070115 0.098851 0.001149 0.110345 0.001149 0.012644 0.656322 0.001149 0.006897 0.041379 
0.014379 0.001307 0.040523 0.001307 0.223529 0.086275 0.001307 0.321569 0.020915 0.288889 
0.085496 0.016794 0.001527 0.001527 0.261069 0.039695 0.589313 0.001527 0.001527 0.001527 
0.235484 0.267742 0.114516 0.001613 0.098387 0.025806 0.251613 0.001613 0.001613 0.001613 
0.292715 0.007947 0.007947 0.001325 0.001325 0.001325 0.041060 0.007947 0.001325 0.637086 
0.045570 0.001266 0.001266 0.001266 0.013924 0.001266 0.931646 0.001266 0.001266 0.001266 
0.007742 0.027097 0.020645 0.020645 0.072258 0.123871 0.001290 0.001290 0.433548 0.291613 
0.202778 0.001389 0.050000 0.001389 0.001389 0.001389 0.015278 0.001389 0.195833 0.529167 
0.008511 0.015603 0.022695 0.001418 0.001418 0.001418 0.001418 0.100709 0.058156 0.788652 
0.157542 0.006704 0.001117 0.001117 0.001117 0.006704 0.302793 0.001117 0.001117 0.520670 
0.344444 0.325926 0.001852 0.001852 0.011111 0.001852 0.001852 0.001852 0.038889 0.270370 
0.001600 0.009600 0.073600 0.001600 0.001600 0.001600 0.001600 0.321600 0.017600 0.569600 
0.061446 0.085542 0.001205 0.344578 0.001205 0.013253 0.001205 0.001205 0.001205 0.489157 
0.050617 0.137037 0.316049 0.186420 0.001235 0.013580 0.143210 0.056790 0.001235 0.093827 
0.001980 0.001980 0.457426 0.011881 0.061386 0.001980 0.160396 0.001980 0.011881 0.289109 
0.001575 0.001575 0.277165 0.269291 0.253543 0.001575 0.001575 0.001575 0.001575 0.190551 
0.191111 0.002222 0.324444 0.013333 0.013333 0.035556 0.002222 0.013333 0.068889 0.335556 
0.076301 0.001156 0.509827 0.035838 0.157225 0.001156 0.024277 0.001156 0.001156 0.191908 
0.008889 0.001481 0.208889 0.097778 0.334815 0.001481 0.260741 0.001481 0.001481 0.082963 
0.349474 0.002105 0.507368 0.012632 0.002105 0.002105 0.096842 0.023158 0.002105 0.002105 
0.166906 0.001439 0.389928 0.015827 0.008633 0.001439 0.023022 0.001439 0.001439 0.389928 
0.001739 0.019130 0.436522 0.001739 0.219130 0.001739 0.010435 0.001739 0.019130 0.288696 
0.001274 0.001274 0.256051 0.096815 0.109554 0.014013 0.001274 0.001274 0.001274 0.517197 
0.001361 0.178231 0.436735 0.001361 0.008163 0.259864 0.110204 0.001361 0.001361 0.001361 
0.001587 0.001587 0.319048 0.001587 0.342857 0.001587 0.001587 0.001587 0.001587 0.326984 
0.001575 0.001575 0.521260 0.017323 0.001575 0.009449 0.056693 0.001575 0.048819 0.340157 
0.008163 0.001361 0.545578 0.001361 0.001361 0.110204 0.001361 0.001361 0.327891 0.001361 
0.001408 0.008451 0.184507 0.001408 0.008451 0.001408 0.001408 0.001408 0.008451 0.783099 
0.100000 0.001639 0.304918 0.001639 0.542623 0.001639 0.009836 0.001639 0.001639 0.034426 
0.001087 0.001087 0.675000 0.001087 0.060870 0.001087 0.006522 0.060870 0.191304 0.001087 
0.125490 0.001307 0.014379 0.001307 0.086275 0.001307 0.118954 0.648366 0.001307 0.001307 
0.782249 0.001183 0.202367 0.001183 0.001183 0.001183 0.001183 0.001183 0.001183 0.007101 
0.001724 0.001724 0.260345 0.010345 0.182759 0.010345 0.001724 0.294828 0.001724 0.234483 
0.001724 0.010345 0.389655 0.001724 0.225862 0.001724 0.010345 0.070690 0.010345 0.277586 
0.001361 0.001361 0.014966 0.001361 0.001361 0.001361 0.001361 0.110204 0.797279 0.069388 
0.001653 0.001653 0.001653 0.001653 0.200000 0.001653 0.001653 0.687603 0.001653 0.100826 
0.001613 0.001613 0.001613 0.025806 0.453226 0.195161 0.001613 0.001613 0.001613 0.316129 
0.032632 0.001053 0.258947 0.453684 0.001053 0.001053 0.001053 0.069474 0.001053 0.180000 
0.001709 0.001709 0.104274 0.001709 0.147009 0.001709 0.001709 0.531624 0.001709 0.206838 
0.421333 0.001333 0.261333 0.001333 0.001333 0.001333 0.001333 0.001333 0.001333 0.308000 
0.241600 0.001600 0.329600 0.121600 0.001600 0.001600 0.009600 0.001600 0.065600 0.225600 
0.002247 0.024719 0.125843 0.103371 0.170787 0.002247 0.013483 0.552809 0.002247 0.002247 
0.231579 0.001316 0.007895 0.001316 0.021053 0.001316 0.001316 0.001316 0.264474 0.468421 
0.504000 0.001143 0.246857 0.018286 0.001143 0.001143 0.006857 0.012571 0.001143 0.206857 
0.506667 0.001905 0.344762 0.001905 0.001905 0.001905 0.135238 0.001905 0.001905 0.001905 
0.198639 0.001361 0.117007 0.035374 0.001361 0.001361 0.001361 0.198639 0.001361 0.443537 
0.008633 0.001439 0.080576 0.246043 0.001439 0.001439 0.001439 0.123741 0.526619 0.008633 
0.123478 0.001739 0.349565 0.001739 0.001739 0.001739 0.019130 0.349565 0.027826 0.123478 
0.001852 0.001852 0.307407 0.001852 0.538889 0.001852 0.094444 0.001852 0.001852 0.048148 
0.025581 0.037209 0.002326 0.002326 0.002326 0.002326 0.002326 0.002326 0.583721 0.339535 
0.497902 0.001399 0.001399 0.001399 0.001399 0.001399 0.001399 0.001399 0.302098 0.190210 
0.076712 0.008219 0.254795 0.001370 0.001370 0.049315 0.001370 0.247945 0.302740 0.056164 
0.001370 0.001370 0.001370 0.001370 0.069863 0.001370 0.035616 0.734247 0.001370 0.152055 
0.001504 0.001504 0.001504 0.001504 0.106767 0.001504 0.001504 0.618045 0.099248 0.166917 
0.001333 0.008000 0.001333 0.001333 0.001333 0.001333 0.241333 0.001333 0.001333 0.741333 
0.002105 0.223158 0.012632 0.560000 0.002105 0.149474 0.002105 0.002105 0.044211 0.002105 
0.036842 0.361404 0.001754 0.256140 0.001754 0.001754 0.001754 0.001754 0.335088 0.001754 
0.237398 0.131707 0.001626 0.017886 0.001626 0.009756 0.091057 0.009756 0.001626 0.497561 
0.001550 0.063566 0.001550 0.489922 0.001550 0.001550 0.187597 0.017054 0.024806 0.210853 
0.166972 0.001835 0.056881 0.552294 0.102752 0.102752 0.001835 0.011009 0.001835 0.001835 
0.001307 0.099346 0.001307 0.720261 0.014379 0.151634 0.007843 0.001307 0.001307 0.001307 
0.001299 0.092208 0.001299 0.007792 0.027273 0.851948 0.001299 0.001299 0.014286 0.001299 
0.001449 0.450725 0.008696 0.146377 0.001449 0.356522 0.001449 0.030435 0.001449 0.001449 
0.396330 0.212844 0.001835 0.157798 0.203670 0.001835 0.001835 0.001835 0.020183 0.001835 
0.011650 0.001942 0.021359 0.419417 0.215534 0.118447 0.205825 0.001942 0.001942 0.001942 
0.001370 0.001370 0.001370 0.672603 0.001370 0.309589 0.001370 0.001370 0.001370 0.008219 
0.153600 0.145600 0.001600 0.233600 0.009600 0.001600 0.081600 0.065600 0.001600 0.305600 
0.001835 0.377982 0.001835 0.249541 0.001835 0.166972 0.038532 0.001835 0.148624 0.011009 
0.001481 0.001481 0.023704 0.564444 0.001481 0.082963 0.001481 0.008889 0.312593 0.001481 
0.077707 0.020382 0.020382 0.695541 0.014013 0.135032 0.020382 0.001274 0.007643 0.007643 
0.001439 0.023022 0.001439 0.152518 0.001439 0.807194 0.001439 0.001439 0.001439 0.008633 
0.001220 0.232927 0.214634 0.403659 0.001220 0.001220 0.013415 0.031707 0.001220 0.098780 
0.001626 0.026016 0.001626 0.839024 0.009756 0.026016 0.091057 0.001626 0.001626 0.001626 
0.001802 0.010811 0.001802 0.569369 0.064865 0.019820 0.001802 0.001802 0.326126 0.001802 
0.001802 0.001802 0.272072 0.488288 0.001802 0.001802 0.073874 0.001802 0.154955 0.001802 
0.009231 0.024615 0.001538 0.532308 0.001538 0.055385 0.293846 0.001538 0.001538 0.078462 
0.084298 0.406612 0.001653 0.133884 0.001653 0.076033 0.224793 0.009917 0.001653 0.059504 
0.012717 0.076301 0.041618 0.249711 0.053179 0.376879 0.001156 0.024277 0.163006 0.001156 
0.001290 0.046452 0.343226 0.569032 0.001290 0.001290 0.001290 0.001290 0.033548 0.001290 
0.016923 0.001538 0.001538 0.816923 0.001538 0.001538 0.132308 0.001538 0.001538 0.024615 
0.001235 0.032099 0.087654 0.723457 0.007407 0.081481 0.001235 0.001235 0.062963 0.001235 
0.001325 0.312583 0.007947 0.001325 0.001325 0.027815 0.352318 0.292715 0.001325 0.001325 
0.014194 0.104516 0.033548 0.027097 0.536774 0.001290 0.014194 0.040000 0.220645 0.007742 
0.014667 0.054667 0.001333 0.028000 0.001333 0.001333 0.001333 0.321333 0.001333 0.574667 
0.001739 0.001739 0.001739 0.001739 0.001739 0.001739 0.001739 0.610435 0.010435 0.366957 
0.069697 0.145455 0.198485 0.296970 0.175758 0.009091 0.001515 0.069697 0.001515 0.031818 
0.147771 0.045860 0.001274 0.001274 0.001274 0.313376 0.077707 0.020382 0.383439 0.007643 
0.001250 0.020000 0.026250 0.001250 0.232500 0.001250 0.088750 0.051250 0.426250 0.151250 
0.001307 0.001307 0.027451 0.001307 0.001307 0.007843 0.040523 0.040523 0.086275 0.792157 
0.002020 0.002020 0.002020 0.002020 0.072727 0.082828 0.002020 0.153535 0.022222 0.658586 
0.000966 0.000966 0.044444 0.005797 0.034783 0.000966 0.503382 0.000966 0.000966 0.406763 
0.001786 0.108929 0.001786 0.001786 0.082143 0.108929 0.189286 0.001786 0.475000 0.028571 
0.001190 0.001190 0.013095 0.001190 0.001190 0.001190 0.007143 0.602381 0.019048 0.352381 
0.008511 0.001418 0.001418 0.001418 0.008511 0.001418 0.001418 0.965957 0.008511 0.001418 
0.001449 0.001449 0.001449 0.001449 0.610145 0.001449 0.124638 0.030435 0.001449 0.226087 
0.001316 0.001316 0.001316 0.007895 0.001316 0.001316 0.007895 0.047368 0.001316 0.928947 
0.009302 0.009302 0.009302 0.001550 0.001550 0.040310 0.296124 0.040310 0.001550 0.590698 
0.002000 0.202000 0.002000 0.002000 0.002000 0.102000 0.002000 0.002000 0.402000 0.282000 
0.001399 0.225175 0.008392 0.001399 0.001399 0.022378 0.001399 0.197203 0.434965 0.106294 
0.001333 0.001333 0.001333 0.394667 0.074667 0.001333 0.081333 0.021333 0.001333 0.421333 
0.015942 0.001449 0.001449 0.001449 0.023188 0.015942 0.059420 0.508696 0.001449 0.371014 
0.188060 0.023881 0.001493 0.001493 0.008955 0.001493 0.046269 0.479104 0.001493 0.247761 
0.001316 0.007895 0.238158 0.001316 0.027632 0.001316 0.001316 0.271053 0.001316 0.448684 
0.001316 0.040789 0.007895 0.001316 0.001316 0.001316 0.139474 0.067105 0.067105 0.672368 
0.007362 0.001227 0.602454 0.001227 0.136196 0.001227 0.001227 0.123926 0.001227 0.123926 
0.023022 0.001439 0.001439 0.001439 0.317986 0.001439 0.202878 0.094964 0.001439 0.353957 
0.271622 0.014865 0.014865 0.379730 0.062162 0.014865 0.041892 0.143243 0.041892 0.014865 
0.001361 0.001361 0.001361 0.001361 0.572789 0.001361 0.042177 0.008163 0.178231 0.191837 
0.001316 0.001316 0.001316 0.093421 0.001316 0.080263 0.053947 0.007895 0.001316 0.757895 
0.055758 0.007273 0.001212 0.001212 0.098182 0.001212 0.019394 0.013333 0.625455 0.176970 
0.002326 0.002326 0.002326 0.002326 0.002326 0.002326 0.002326 0.665116 0.200000 0.118605 
0.008955 0.001493 0.001493 0.001493 0.016418 0.128358 0.240299 0.449254 0.150746 0.001493 
0.001266 0.064557 0.184810 0.020253 0.007595 0.007595 0.248101 0.001266 0.001266 0.463291 
0.107317 0.001626 0.001626 0.026016 0.001626 0.034146 0.001626 0.156098 0.400000 0.269919 
0.146377 0.262319 0.001449 0.240580 0.001449 0.117391 0.001449 0.197101 0.030435 0.001449 
0.001170 0.001170 0.123977 0.024561 0.334503 0.001170 0.083041 0.316959 0.001170 0.112281 
0.143333 0.001667 0.010000 0.001667 0.001667 0.010000 0.126667 0.160000 0.001667 0.543333 
0.047399 0.087861 0.030058 0.105202 0.001156 0.272832 0.105202 0.347977 0.001156 0.001156 
0.010084 0.001681 0.127731 0.094118 0.278992 0.236975 0.001681 0.026891 0.220168 0.001681 
0.145600 0.001600 0.001600 0.209600 0.009600 0.001600 0.001600 0.137600 0.025600 0.465600 
0.002041 0.175510 0.053061 0.002041 0.002041 0.185714 0.002041 0.491837 0.083673 0.002041 
0.001342 0.008054 0.001342 0.001342 0.363758 0.001342 0.001342 0.028188 0.148993 0.444295 
0.001471 0.001471 0.001471 0.001471 0.023529 0.104412 0.133824 0.494118 0.001471 0.236765 
0.001408 0.001408 0.276056 0.029577 0.001408 0.205634 0.008451 0.445070 0.029577 0.001408 
0.198485 0.206061 0.046970 0.001515 0.213636 0.145455 0.001515 0.137879 0.031818 0.016667 
0.001739 0.062609 0.114783 0.584348 0.019130 0.001739 0.001739 0.027826 0.001739 0.184348 
0.847959 0.001020 0.062245 0.016327 0.036735 0.031633 0.001020 0.001020 0.001020 0.001020 
0.001242 0.007453 0.026087 0.522981 0.131677 0.001242 0.305590 0.001242 0.001242 0.001242 
0.256051 0.001274 0.052229 0.033121 0.001274 0.198726 0.001274 0.001274 0.001274 0.453503 
0.319697 0.009091 0.001515 0.001515 0.175758 0.145455 0.319697 0.001515 0.001515 0.024242 
0.012222 0.090000 0.178889 0.001111 0.001111 0.001111 0.001111 0.434444 0.001111 0.278889 
0.001124 0.006742 0.001124 0.001124 0.001124 0.001124 0.574157 0.057303 0.001124 0.355056 
0.220548 0.001370 0.001370 0.001370 0.001370 0.001370 0.076712 0.336986 0.008219 0.350685 
