0.021496 0.000031 0.000031 0.000031 0.000031 0.346550 0.000031 0.000031 0.000031 0.631739 
0.000037 0.000037 0.000037 0.547630 0.000037 0.113965 0.213194 0.000037 0.124991 0.000037 
0.000030 0.000030 0.204717 0.000030 0.000030 0.000030 0.000030 0.338208 0.456867 0.000030 
0.000037 0.000037 0.000037 0.000037 0.000037 0.240689 0.000037 0.000037 0.051870 0.707183 
0.000036 0.180476 0.295958 0.000036 0.000036 0.104691 0.000036 0.000036 0.000036 0.418658 
0.000050 0.000050 0.000050 0.151489 0.000050 0.721908 0.000050 0.000050 0.126249 0.000050 
0.000044 0.000044 0.000044 0.792646 0.000044 0.000044 0.000044 0.000044 0.207001 0.000044 
0.438727 0.000036 0.111507 0.000036 0.000036 0.000036 0.000036 0.000036 0.000036 0.449515 
0.315897 0.000035 0.000035 0.000035 0.354078 0.000035 0.020861 0.000035 0.000035 0.308955 
0.000043 0.000043 0.103003 0.510553 0.000043 0.000043 0.000043 0.386143 0.000043 0.000043 
0.000030 0.000030 0.000030 0.000030 0.000030 0.000030 0.148470 0.000030 0.030324 0.820994 
0.201120 0.000029 0.000029 0.000029 0.000029 0.172393 0.000029 0.626286 0.000029 0.000029 
0.634841 0.094892 0.000036 0.000036 0.000036 0.098541 0.000036 0.000036 0.171507 0.000036 
0.000035 0.000035 0.000035 0.000035 0.000035 0.000035 0.999682 0.000035 0.000035 0.000035 
0.467955 0.223361 0.000035 0.000035 0.000035 0.000035 0.000035 0.113470 0.000035 0.195002 
0.000040 0.000040 0.879688 0.000040 0.000040 0.000040 0.119992 0.000040 0.000040 0.000040 
0.000031 0.000031 0.000031 0.000031 0.000031 0.000031 0.076694 0.000031 0.923060 0.000031 
0.506362 0.000032 0.000032 0.000032 0.000032 0.256443 0.000032 0.000032 0.000032 0.236969 
0.000047 0.000047 0.000047 0.000047 0.037588 0.276912 0.000047 0.000047 0.000047 0.685171 
0.000038 0.728065 0.000038 0.000038 0.260317 0.000038 0.011354 0.000038 0.000038 0.000038 
0.313805 0.000045 0.000045 0.000045 0.000045 0.000045 0.000045 0.000045 0.000045 0.685836 
0.000039 0.170515 0.468849 0.000039 0.000039 0.000039 0.000039 0.000039 0.003913 0.356490 
0.670630 0.000031 0.329121 0.000031 0.000031 0.000031 0.000031 0.000031 0.000031 0.000031 
0.595163 0.000029 0.067458 0.000029 0.000029 0.000029 0.000029 0.000029 0.000029 0.337174 
0.000046 0.000046 0.000046 0.000046 0.000046 0.999589 0.000046 0.000046 0.000046 0.000046 
0.000033 0.100977 0.000033 0.000033 0.000033 0.000033 0.153077 0.000033 0.000033 0.745718 
0.000034 0.230196 0.000034 0.000034 0.000034 0.003470 0.000034 0.000034 0.264548 0.501580 
0.000051 0.056145 0.000051 0.000051 0.000051 0.000051 0.000051 0.000051 0.943447 0.000051 
0.000047 0.000047 0.004717 0.000047 0.000047 0.000047 0.060766 0.000047 0.934190 0.000047 
0.000040 0.619792 0.000040 0.000040 0.379888 0.000040 0.000040 0.000040 0.000040 0.000040 
0.105094 0.000032 0.000032 0.302483 0.149666 0.000032 0.000032 0.327953 0.000032 0.114645 
0.000034 0.312642 0.000034 0.000034 0.000034 0.000034 0.000034 0.000034 0.000034 0.687083 
0.142847 0.536838 0.000025 0.000025 0.000025 0.000025 0.000025 0.320143 0.000025 0.000025 
0.000029 0.331328 0.066870 0.000029 0.223801 0.000029 0.000029 0.000029 0.000029 0.377826 
0.000040 0.000040 0.000040 0.072300 0.000040 0.000040 0.525933 0.000040 0.000040 0.401485 
0.000049 0.078828 0.000049 0.000049 0.000049 0.000049 0.920778 0.000049 0.000049 0.000049 
0.000040 0.000040 0.000040 0.000040 0.000040 0.000040 0.000040 0.000040 0.000040 0.999644 
0.000040 0.690526 0.020112 0.016098 0.000040 0.000040 0.000040 0.273023 0.000040 0.000040 
0.194232 0.102856 0.000057 0.000057 0.000057 0.000057 0.468361 0.000057 0.000057 0.234209 
0.000039 0.000039 0.000039 0.503719 0.000039 0.000039 0.000039 0.000039 0.000039 0.495971 
0.000047 0.374278 0.587447 0.000047 0.000047 0.000047 0.000047 0.000047 0.000047 0.037944 
0.000034 0.000034 0.534333 0.127577 0.000034 0.000034 0.000034 0.337849 0.000034 0.000034 
0.289665 0.000057 0.658773 0.000057 0.000057 0.000057 0.000057 0.051164 0.000057 0.000057 
0.000037 0.000037 0.000037 0.112355 0.000037 0.000037 0.730101 0.157282 0.000037 0.000037 
0.903589 0.067318 0.000032 0.000032 0.000032 0.000032 0.000032 0.000032 0.028869 0.000032 
0.000023 0.285340 0.470912 0.037138 0.000023 0.120645 0.000023 0.000023 0.085850 0.000023 
0.000046 0.077992 0.000046 0.554837 0.013801 0.000046 0.000046 0.353095 0.000046 0.000046 
0.000026 0.159778 0.159778 0.000026 0.000026 0.000026 0.000026 0.288611 0.000026 0.391677 
0.271289 0.000030 0.000030 0.000030 0.728467 0.000030 0.000030 0.000030 0.000030 0.000030 
0.000024 0.000024 0.000024 0.000024 0.036690 0.946003 0.000024 0.000024 0.017135 0.000024 
0.000032 0.099359 0.000032 0.000032 0.000032 0.000032 0.458219 0.108971 0.333259 0.000032 
0.000043 0.234724 0.199957 0.000043 0.000043 0.000043 0.000043 0.565015 0.000043 0.000043 
0.000038 0.735389 0.000038 0.000038 0.000038 0.065147 0.000038 0.000038 0.199196 0.000038 
0.000045 0.000045 0.000045 0.000045 0.000045 0.147300 0.852343 0.000045 0.000045 0.000045 
0.796983 0.000045 0.000045 0.000045 0.126114 0.000045 0.076587 0.000045 0.000045 0.000045 
0.000043 0.000043 0.089366 0.000043 0.880519 0.029817 0.000043 0.000043 0.000043 0.000043 
0.000052 0.319474 0.000052 0.000052 0.000052 0.000052 0.226739 0.000052 0.453426 0.000052 
0.095492 0.000027 0.000027 0.000027 0.000027 0.830045 0.002678 0.071626 0.000027 0.000027 
0.000045 0.000045 0.000045 0.000045 0.000045 0.831486 0.000045 0.000045 0.036393 0.131804 
0.000031 0.000031 0.289661 0.000031 0.000031 0.105917 0.000031 0.414232 0.000031 0.190003 
0.168942 0.348190 0.000034 0.434367 0.000034 0.048294 0.000034 0.000034 0.000034 0.000034 
0.065537 0.000028 0.000028 0.000028 0.000028 0.000028 0.000028 0.563970 0.000028 0.370293 
0.000026 0.380135 0.000026 0.000026 0.195288 0.000026 0.000026 0.424395 0.000026 0.000026 
0.559451 0.158921 0.000033 0.000033 0.000033 0.241675 0.000033 0.000033 0.039755 0.000033 
0.000037 0.000037 0.000037 0.000037 0.000037 0.000037 0.000037 0.144428 0.000037 0.855276 
0.083947 0.113134 0.000036 0.000036 0.000036 0.000036 0.000036 0.375812 0.426888 0.000036 
0.000040 0.000040 0.000040 0.000040 0.000040 0.000040 0.744763 0.000040 0.254918 0.000040 
0.000041 0.066130 0.000041 0.000041 0.371789 0.004172 0.000041 0.466791 0.090913 0.000041 
0.000043 0.111106 0.000043 0.000043 0.000043 0.000043 0.880009 0.000043 0.000043 0.008586 
0.000030 0.359438 0.000030 0.000030 0.000030 0.000030 0.000030 0.000030 0.640320 0.000030 
0.000037 0.022169 0.494319 0.000037 0.007414 0.409480 0.066433 0.000037 0.000037 0.000037 
0.000040 0.113355 0.000040 0.000040 0.000040 0.781101 0.000040 0.000040 0.000040 0.105261 
0.044077 0.955570 0.000044 0.000044 0.000044 0.000044 0.000044 0.000044 0.000044 0.000044 
0.153006 0.000036 0.106759 0.028495 0.000036 0.540768 0.000036 0.170793 0.000036 0.000036 
0.647627 0.000031 0.000031 0.000031 0.352122 0.000031 0.000031 0.000031 0.000031 0.000031 
0.000034 0.341135 0.067579 0.344512 0.000034 0.246572 0.000034 0.000034 0.000034 0.000034 
0.214543 0.000043 0.000043 0.261733 0.197383 0.000043 0.000043 0.326083 0.000043 0.000043 
0.695591 0.000038 0.000038 0.000038 0.247092 0.000038 0.000038 0.000038 0.057051 0.000038 
0.000047 0.337916 0.000047 0.000047 0.652323 0.009432 0.000047 0.000047 0.000047 0.000047 
0.233582 0.000047 0.000047 0.000047 0.000047 0.000047 0.766044 0.000047 0.000047 0.000047 
0.000047 0.000047 0.000047 0.000047 0.156371 0.199005 0.056892 0.000047 0.000047 0.587447 
0.000036 0.523146 0.000036 0.000036 0.000036 0.000036 0.000036 0.476568 0.000036 0.000036 
0.000040 0.000040 0.000040 0.000040 0.507775 0.000040 0.000040 0.000040 0.491908 0.000040 
0.245862 0.114750 0.000027 0.000027 0.000027 0.000027 0.625539 0.000027 0.013685 0.000027 
0.000035 0.710589 0.000035 0.073180 0.000035 0.000035 0.000035 0.000035 0.215987 0.000035 
0.000032 0.000032 0.441448 0.000032 0.113632 0.000032 0.000032 0.139598 0.000032 0.305128 
0.000042 0.440534 0.000042 0.000042 0.000042 0.000042 0.207582 0.000042 0.000042 0.351588 
0.119260 0.000031 0.000031 0.000031 0.000031 0.281290 0.000031 0.000031 0.000031 0.599236 
0.000051 0.000051 0.000051 0.000051 0.000051 0.000051 0.000051 0.341713 0.657879 0.000051 
0.168896 0.209422 0.145255 0.000034 0.000034 0.000034 0.000034 0.192536 0.091219 0.192536 
0.000036 0.007254 0.162432 0.743450 0.000036 0.086647 0.000036 0.000036 0.000036 0.000036 
0.000036 0.435594 0.000036 0.000036 0.164263 0.000036 0.000036 0.000036 0.399893 0.000036 
0.189096 0.000026 0.000026 0.000026 0.445506 0.090676 0.000026 0.274566 0.000026 0.000026 
0.000051 0.000051 0.000051 0.255023 0.000051 0.198929 0.000051 0.000051 0.545691 0.000051 
0.000043 0.303332 0.000043 0.307604 0.000043 0.000043 0.029944 0.000043 0.358864 0.000043 
0.000033 0.000033 0.166102 0.332172 0.000033 0.000033 0.000033 0.501498 0.000033 0.000033 
0.097474 0.000036 0.000036 0.000036 0.000036 0.902237 0.000036 0.000036 0.000036 0.000036 
0.000031 0.000031 0.402383 0.000031 0.000031 0.000031 0.000031 0.597369 0.000031 0.000031 
0.986024 0.000045 0.000045 0.000045 0.000045 0.000045 0.000045 0.000045 0.013614 0.000045 
0.029006 0.284005 0.000029 0.469458 0.000029 0.049290 0.000029 0.168096 0.000029 0.000029 
0.235579 0.728595 0.000027 0.000027 0.000027 0.000027 0.000027 0.000027 0.000027 0.035634 
0.489147 0.000036 0.000036 0.000036 0.000036 0.510568 0.000036 0.000036 0.000036 0.000036 
0.000034 0.000034 0.000034 0.220648 0.000034 0.134471 0.644640 0.000034 0.000034 0.000034 
0.273706 0.000059 0.000059 0.000059 0.107139 0.345092 0.000059 0.000059 0.273706 0.000059 
0.000033 0.259083 0.421820 0.076420 0.000033 0.000033 0.000033 0.000033 0.242478 0.000033 
0.224095 0.000034 0.000034 0.000034 0.000034 0.000034 0.068976 0.706687 0.000034 0.000034 
0.000033 0.003332 0.000033 0.079215 0.000033 0.128703 0.788552 0.000033 0.000033 0.000033 
0.514065 0.000032 0.000032 0.000032 0.255471 0.230243 0.000032 0.000032 0.000032 0.000032 
0.694557 0.000047 0.000047 0.000047 0.000047 0.000047 0.000047 0.305068 0.000047 0.000047 
0.000045 0.000045 0.000045 0.224160 0.076244 0.000045 0.130031 0.000045 0.569296 0.000045 
0.000046 0.000046 0.000046 0.000046 0.178047 0.000046 0.000046 0.200867 0.620767 0.000046 
0.324429 0.675306 0.000033 0.000033 0.000033 0.000033 0.000033 0.000033 0.000033 0.000033 
0.000057 0.000057 0.000057 0.188521 0.028612 0.000057 0.085722 0.000057 0.696802 0.000057 
0.000040 0.000040 0.000040 0.000040 0.000040 0.000040 0.000040 0.380841 0.618842 0.000040 
0.000044 0.000044 0.000044 0.981911 0.000044 0.000044 0.000044 0.000044 0.000044 0.017736 
0.000050 0.000050 0.000050 0.000050 0.000050 0.000050 0.999550 0.000050 0.000050 0.000050 
0.380850 0.069608 0.000037 0.000037 0.000037 0.000037 0.007360 0.058623 0.483376 0.000037 
0.000031 0.504519 0.000031 0.000031 0.000031 0.250727 0.000031 0.000031 0.244537 0.000031 
0.000038 0.000038 0.000038 0.000038 0.000038 0.000038 0.610492 0.389203 0.000038 0.000038 
0.000027 0.000027 0.718752 0.000027 0.210781 0.070278 0.000027 0.000027 0.000027 0.000027 
0.000037 0.000037 0.389599 0.000037 0.000037 0.000037 0.485153 0.000037 0.000037 0.124991 
0.000039 0.000039 0.261656 0.000039 0.738032 0.000039 0.000039 0.000039 0.000039 0.000039 
0.000041 0.434289 0.032814 0.151618 0.000041 0.000041 0.000041 0.000041 0.307292 0.073781 
0.000035 0.526166 0.077201 0.017573 0.000035 0.084216 0.000035 0.294669 0.000035 0.000035 
0.000045 0.000045 0.000045 0.300359 0.000045 0.000045 0.699283 0.000045 0.000045 0.000045 
0.000036 0.000036 0.000036 0.000036 0.285132 0.000036 0.530530 0.184085 0.000036 0.000036 
0.091806 0.000033 0.734218 0.000033 0.000033 0.000033 0.000033 0.173746 0.000033 0.000033 
0.000039 0.901259 0.000039 0.000039 0.000039 0.000039 0.098426 0.000039 0.000039 0.000039 
0.000037 0.518229 0.000037 0.000037 0.000037 0.000037 0.000037 0.000037 0.000037 0.481477 
0.000041 0.069118 0.000041 0.000041 0.044738 0.881796 0.004104 0.000041 0.000041 0.000041 
0.783949 0.215720 0.000041 0.000041 0.000041 0.000041 0.000041 0.000041 0.000041 0.000041 
0.000045 0.000045 0.243179 0.000045 0.463800 0.000045 0.000045 0.292706 0.000045 0.000045 
0.010941 0.199964 0.000036 0.000036 0.000036 0.000036 0.000036 0.425336 0.327190 0.036387 
0.418197 0.000033 0.000033 0.000033 0.000033 0.000033 0.000033 0.503136 0.000033 0.078438 
0.000033 0.252409 0.275352 0.000033 0.472009 0.000033 0.000033 0.000033 0.000033 0.000033 
0.000045 0.493097 0.000045 0.044868 0.461721 0.000045 0.000045 0.000045 0.000045 0.000045 
0.419134 0.580591 0.000034 0.000034 0.000034 0.000034 0.000034 0.000034 0.000034 0.000034 
0.000052 0.000052 0.000052 0.336665 0.000052 0.000052 0.662921 0.000052 0.000052 0.000052 
0.000066 0.000066 0.119193 0.000066 0.132429 0.000066 0.747915 0.000066 0.000066 0.000066 
0.150554 0.000028 0.000028 0.000028 0.545328 0.227237 0.076711 0.000028 0.000028 0.000028 
0.583973 0.000032 0.000032 0.000032 0.000032 0.000032 0.000032 0.000032 0.000032 0.415773 
0.728768 0.270927 0.000038 0.000038 0.000038 0.000038 0.000038 0.000038 0.000038 0.000038 
0.000037 0.063446 0.000037 0.428982 0.000037 0.000037 0.000037 0.507311 0.000037 0.000037 
0.000031 0.398026 0.000031 0.134785 0.000031 0.282075 0.000031 0.184926 0.000031 0.000031 
0.000041 0.000041 0.000041 0.259194 0.000041 0.041176 0.000041 0.000041 0.699342 0.000041 
0.790364 0.000036 0.000036 0.000036 0.000036 0.000036 0.000036 0.000036 0.209347 0.000036 
0.330233 0.469585 0.000030 0.000030 0.000030 0.063647 0.000030 0.000030 0.000030 0.136353 
0.281032 0.000027 0.580951 0.000027 0.000027 0.000027 0.000027 0.000027 0.000027 0.137828 
0.000042 0.000042 0.000042 0.721257 0.000042 0.278406 0.000042 0.000042 0.000042 0.000042 
0.251879 0.174390 0.000039 0.000039 0.000039 0.000039 0.000039 0.573460 0.000039 0.000039 
0.000036 0.304586 0.053780 0.000036 0.000036 0.000036 0.000036 0.000036 0.000036 0.641383 
0.000033 0.000033 0.000033 0.125404 0.000033 0.000033 0.000033 0.874332 0.000033 0.000033 
0.797492 0.000037 0.202209 0.000037 0.000037 0.000037 0.000037 0.000037 0.000037 0.000037 
0.141775 0.000037 0.000037 0.000037 0.686348 0.000037 0.000037 0.000037 0.000037 0.171615 
0.000032 0.083607 0.000032 0.000032 0.530408 0.305400 0.000032 0.080392 0.000032 0.000032 
0.090913 0.429616 0.000041 0.479182 0.000041 0.000041 0.000041 0.000041 0.000041 0.000041 
0.000035 0.000035 0.000035 0.000035 0.049314 0.566737 0.000035 0.207709 0.176030 0.000035 
0.000034 0.000034 0.020297 0.226309 0.141878 0.000034 0.523506 0.087842 0.000034 0.000034 
0.000034 0.000034 0.132642 0.737878 0.129242 0.000034 0.000034 0.000034 0.000034 0.000034 
0.000038 0.000038 0.214243 0.000038 0.000038 0.000038 0.000038 0.620105 0.000038 0.165389 
0.000040 0.423870 0.000040 0.000040 0.000040 0.000040 0.000040 0.000040 0.179968 0.395882 
0.000046 0.000046 0.000046 0.000046 0.155938 0.229298 0.614443 0.000046 0.000046 0.000046 
0.000035 0.000035 0.803950 0.000035 0.000035 0.195771 0.000035 0.000035 0.000035 0.000035 
0.000039 0.000039 0.000039 0.808317 0.000039 0.000039 0.000039 0.191371 0.000039 0.000039 
0.034774 0.656156 0.000039 0.000039 0.308800 0.000039 0.000039 0.000039 0.000039 0.000039 
0.000036 0.085414 0.608360 0.000036 0.000036 0.000036 0.000036 0.000036 0.305977 0.000036 
0.000039 0.000039 0.000039 0.331941 0.000039 0.382702 0.000039 0.000039 0.000039 0.285084 
0.042898 0.000071 0.000071 0.000071 0.000071 0.000071 0.956531 0.000071 0.000071 0.000071 
0.000052 0.000052 0.000052 0.000052 0.000052 0.000052 0.999534 0.000052 0.000052 0.000052 
0.616495 0.000033 0.000033 0.000033 0.000033 0.000033 0.000033 0.000033 0.023359 0.359913 
0.053990 0.000028 0.000028 0.000028 0.000028 0.000028 0.000028 0.247117 0.000028 0.698694 
0.000047 0.000047 0.000047 0.000047 0.000047 0.000047 0.000047 0.476460 0.000047 0.523167 
0.000033 0.189970 0.000033 0.000033 0.133322 0.000033 0.000033 0.546518 0.129990 0.000033 
0.195932 0.000050 0.000050 0.000050 0.381768 0.080412 0.276293 0.065344 0.000050 0.000050 
0.000027 0.000027 0.000027 0.000027 0.002744 0.997039 0.000027 0.000027 0.000027 0.000027 
0.254918 0.000040 0.000040 0.023935 0.557587 0.000040 0.163321 0.000040 0.000040 0.000040 
0.000037 0.614624 0.000037 0.000037 0.000037 0.000037 0.000037 0.000037 0.000037 0.385080 
0.000033 0.384272 0.000033 0.000033 0.000033 0.000033 0.615467 0.000033 0.000033 0.000033 
0.000034 0.034269 0.085621 0.000034 0.000034 0.000034 0.000034 0.414276 0.465628 0.000034 
0.000041 0.000041 0.402364 0.000041 0.000041 0.244753 0.000041 0.000041 0.000041 0.352592 
0.000041 0.000041 0.000041 0.258132 0.000041 0.000041 0.000041 0.000041 0.180295 0.561286 
0.000045 0.000045 0.000045 0.000045 0.000045 0.000045 0.000045 0.610629 0.221664 0.167390 
0.000043 0.059592 0.000043 0.000043 0.000043 0.000043 0.000043 0.000043 0.786942 0.153169 
0.118934 0.000044 0.678159 0.000044 0.162968 0.000044 0.039674 0.000044 0.000044 0.000044 
0.000073 0.720132 0.000073 0.000073 0.000073 0.000073 0.000073 0.000073 0.000073 0.279280 
0.000055 0.000055 0.000055 0.000055 0.000055 0.000055 0.999503 0.000055 0.000055 0.000055 
0.000028 0.150824 0.000028 0.390980 0.318375 0.011198 0.000028 0.128484 0.000028 0.000028 
0.000035 0.000035 0.000035 0.000035 0.000035 0.003555 0.404822 0.000035 0.591376 0.000035 
0.000029 0.000029 0.504280 0.000029 0.000029 0.489622 0.000029 0.005893 0.000029 0.000029 
0.000036 0.000036 0.003593 0.565671 0.227713 0.046282 0.000036 0.156564 0.000036 0.000036 
0.000033 0.000033 0.000033 0.092412 0.000033 0.000033 0.570802 0.336556 0.000033 0.000033 
0.165108 0.692389 0.000046 0.000046 0.000046 0.000046 0.142182 0.000046 0.000046 0.000046 
0.000037 0.223834 0.000037 0.000037 0.000037 0.000037 0.055987 0.000037 0.719918 0.000037 
0.028803 0.000036 0.773139 0.000036 0.075548 0.000036 0.000036 0.000036 0.122294 0.000036 
0.000032 0.000032 0.079879 0.000032 0.000032 0.000032 0.000032 0.297062 0.622836 0.000032 
0.249223 0.184726 0.190589 0.000029 0.070390 0.000029 0.000029 0.304925 0.000029 0.000029 
0.000037 0.000037 0.461121 0.188159 0.000037 0.180782 0.000037 0.169716 0.000037 0.000037 
0.000037 0.000037 0.000037 0.000037 0.190443 0.000037 0.000037 0.618858 0.190443 0.000037 
0.000036 0.451832 0.000036 0.000036 0.000036 0.000036 0.000036 0.423372 0.000036 0.124546 
0.303712 0.000042 0.000042 0.000042 0.523028 0.000042 0.000042 0.000042 0.172965 0.000042 
0.000048 0.000048 0.000048 0.946451 0.000048 0.053163 0.000048 0.000048 0.000048 0.000048 
0.000047 0.141490 0.000047 0.000047 0.419661 0.000047 0.000047 0.000047 0.306506 0.132060 
0.846658 0.000064 0.000064 0.000064 0.000064 0.000064 0.152833 0.000064 0.000064 0.000064 
0.303822 0.401813 0.000049 0.000049 0.000049 0.000049 0.000049 0.000049 0.294023 0.000049 
0.737842 0.000040 0.000040 0.000040 0.000040 0.261841 0.000040 0.000040 0.000040 0.000040 
0.000032 0.120123 0.068192 0.000032 0.000032 0.000032 0.000032 0.301883 0.509607 0.000032 
0.000039 0.000039 0.000039 0.000039 0.000039 0.883867 0.065650 0.000039 0.050212 0.000039 
0.000029 0.000029 0.000029 0.000029 0.000029 0.691260 0.077149 0.071437 0.159983 0.000029 
0.000050 0.000050 0.000050 0.185886 0.000050 0.000050 0.507333 0.000050 0.306429 0.000050 
0.336524 0.000033 0.000033 0.000033 0.000033 0.343058 0.316923 0.003300 0.000033 0.000033 
0.000048 0.531193 0.246306 0.000048 0.000048 0.000048 0.000048 0.000048 0.222163 0.000048 
0.000032 0.000032 0.477298 0.000032 0.522444 0.000032 0.000032 0.000032 0.000032 0.000032 
0.000040 0.051607 0.000040 0.452241 0.000040 0.000040 0.000040 0.384808 0.000040 0.111107 
0.000035 0.000035 0.329706 0.148919 0.000035 0.024849 0.000035 0.496313 0.000035 0.000035 
0.000030 0.422394 0.000030 0.000030 0.000030 0.467973 0.000030 0.109420 0.000030 0.000030 
0.000032 0.000032 0.000032 0.000032 0.000032 0.999713 0.000032 0.000032 0.000032 0.000032 
0.328437 0.000036 0.371743 0.000036 0.000036 0.000036 0.000036 0.000036 0.299567 0.000036 
0.277479 0.000041 0.102040 0.000041 0.000041 0.505957 0.114280 0.000041 0.000041 0.000041 
0.000049 0.443181 0.054210 0.000049 0.000049 0.408715 0.093599 0.000049 0.000049 0.000049 
0.000052 0.000052 0.068080 0.000052 0.000052 0.000052 0.000052 0.000052 0.931502 0.000052 
0.014310 0.128563 0.000029 0.000029 0.000029 0.000029 0.000029 0.842645 0.000029 0.014310 
0.848547 0.000039 0.000039 0.000039 0.000039 0.108524 0.000039 0.000039 0.042658 0.000039 
0.000036 0.000036 0.000036 0.143869 0.521431 0.222977 0.000036 0.000036 0.000036 0.111507 
0.000039 0.000039 0.000039 0.000039 0.000039 0.350097 0.000039 0.000039 0.000039 0.649592 
0.000036 0.000036 0.164263 0.578401 0.000036 0.000036 0.000036 0.257087 0.000036 0.000036 
0.000046 0.302232 0.000046 0.000046 0.000046 0.213901 0.000046 0.483543 0.000046 0.000046 
0.569075 0.351361 0.000049 0.000049 0.000049 0.079218 0.000049 0.000049 0.000049 0.000049 
0.000030 0.000030 0.208301 0.000030 0.205326 0.000030 0.000030 0.000030 0.258881 0.327313 
0.000038 0.453710 0.000038 0.038485 0.000038 0.000038 0.507536 0.000038 0.000038 0.000038 
0.000043 0.495557 0.000043 0.000043 0.504101 0.000043 0.000043 0.000043 0.000043 0.000043 
0.000035 0.085112 0.000035 0.000035 0.606203 0.000035 0.056753 0.000035 0.223361 0.028394 
0.000027 0.000027 0.000027 0.000027 0.000027 0.000027 0.000027 0.366775 0.440125 0.192910 
0.099526 0.469019 0.000047 0.180057 0.000047 0.000047 0.251113 0.000047 0.000047 0.000047 
0.000034 0.000034 0.631577 0.000034 0.222931 0.145255 0.000034 0.000034 0.000034 0.000034 
0.000034 0.000034 0.226309 0.000034 0.148632 0.320871 0.000034 0.000034 0.000034 0.303985 
0.606884 0.000051 0.000051 0.000051 0.020449 0.000051 0.000051 0.372310 0.000051 0.000051 
0.000040 0.000040 0.000040 0.495842 0.000040 0.000040 0.000040 0.503838 0.000040 0.000040 
0.000039 0.000039 0.507653 0.000039 0.000039 0.492034 0.000039 0.000039 0.000039 0.000039 
0.000030 0.000030 0.681375 0.000030 0.000030 0.000030 0.000030 0.000030 0.000030 0.318387 
0.237040 0.000030 0.392009 0.000030 0.000030 0.197539 0.000030 0.051686 0.000030 0.121574 
0.000035 0.000035 0.000035 0.000035 0.000035 0.063843 0.000035 0.311982 0.056753 0.567210 
0.191441 0.000053 0.000053 0.000053 0.000053 0.000053 0.669910 0.000053 0.000053 0.138278 
0.000028 0.000028 0.000028 0.000028 0.000028 0.404348 0.000028 0.260343 0.335115 0.000028 
0.000034 0.000034 0.000034 0.000034 0.000034 0.095892 0.000034 0.000034 0.000034 0.903834 
0.000029 0.000029 0.424683 0.000029 0.000029 0.000029 0.000029 0.362754 0.000029 0.212356 
0.000044 0.166637 0.000044 0.526129 0.078957 0.197326 0.000044 0.000044 0.000044 0.030732 
0.000034 0.037952 0.000034 0.513650 0.199966 0.000034 0.000034 0.000034 0.041400 0.206860 
0.000034 0.955941 0.000034 0.043790 0.000034 0.000034 0.000034 0.000034 0.000034 0.000034 
0.553544 0.000028 0.000028 0.000028 0.446230 0.000028 0.000028 0.000028 0.000028 0.000028 
0.000043 0.325989 0.673664 0.000043 0.000043 0.000043 0.000043 0.000043 0.000043 0.000043 
0.000037 0.000037 0.000037 0.000037 0.000037 0.215570 0.000037 0.018618 0.000037 0.765552 
0.000044 0.207917 0.000044 0.000044 0.066387 0.000044 0.000044 0.000044 0.725387 0.000044 
0.186721 0.000030 0.081331 0.000030 0.731737 0.000030 0.000030 0.000030 0.000030 0.000030 
0.000027 0.000027 0.000027 0.000027 0.337703 0.000027 0.595613 0.066498 0.000027 0.000027 
0.000032 0.000032 0.381320 0.000032 0.000032 0.121788 0.000032 0.471035 0.000032 0.025665 
0.066677 0.000030 0.000030 0.000030 0.642260 0.000030 0.000030 0.000030 0.033354 0.257528 
0.000035 0.000035 0.177057 0.000035 0.000035 0.447796 0.000035 0.253419 0.121520 0.000035 
0.000036 0.000036 0.000036 0.000036 0.000036 0.919702 0.080007 0.000036 0.000036 0.000036 
0.000031 0.000031 0.000031 0.000031 0.000031 0.999720 0.000031 0.000031 0.000031 0.000031 
0.177546 0.000031 0.146403 0.000031 0.675833 0.000031 0.000031 0.000031 0.000031 0.000031 
0.000049 0.067977 0.004901 0.000049 0.000049 0.878263 0.000049 0.048569 0.000049 0.000049 
0.000059 0.000059 0.000059 0.358671 0.640858 0.000059 0.000059 0.000059 0.000059 0.000059 
0.000037 0.371646 0.182126 0.319621 0.000037 0.000037 0.126384 0.000037 0.000037 0.000037 
0.000039 0.000039 0.117181 0.000039 0.882507 0.000039 0.000039 0.000039 0.000039 0.000039 
0.000036 0.000036 0.000036 0.469181 0.000036 0.216564 0.314002 0.000036 0.000036 0.000036 
0.000036 0.523146 0.000036 0.000036 0.000036 0.000036 0.000036 0.000036 0.000036 0.476568 
0.000053 0.000053 0.000053 0.857496 0.000053 0.000053 0.000053 0.142083 0.000053 0.000053 
0.000048 0.313906 0.299421 0.067648 0.000048 0.000048 0.000048 0.000048 0.000048 0.318735 
0.000036 0.000036 0.125890 0.000036 0.000036 0.000036 0.000036 0.427940 0.000036 0.445919 
0.000030 0.100610 0.000030 0.000030 0.115849 0.000030 0.000030 0.783328 0.000030 0.000030 
0.000026 0.000026 0.000026 0.804047 0.071436 0.000026 0.000026 0.124332 0.000026 0.000026 
0.851848 0.000032 0.000032 0.000032 0.000032 0.000032 0.086821 0.061106 0.000032 0.000032 
0.000041 0.000041 0.000041 0.831667 0.000041 0.000041 0.000041 0.000041 0.102458 0.065588 
0.000034 0.000034 0.000034 0.000034 0.000034 0.000034 0.628200 0.003411 0.351266 0.016920 
0.000038 0.133575 0.000038 0.000038 0.480771 0.000038 0.190805 0.186990 0.000038 0.007669 
0.000046 0.000046 0.571874 0.000046 0.427755 0.000046 0.000046 0.000046 0.000046 0.000046 
0.000055 0.000055 0.000055 0.861458 0.000055 0.000055 0.000055 0.000055 0.000055 0.138100 
0.000029 0.134101 0.174905 0.000029 0.000029 0.000029 0.553804 0.000029 0.000029 0.137015 
0.000037 0.596888 0.040315 0.000037 0.000037 0.000037 0.362541 0.000037 0.000037 0.000037 
0.000041 0.158513 0.621739 0.219464 0.000041 0.000041 0.000041 0.000041 0.000041 0.000041 
0.000033 0.000033 0.131569 0.000033 0.000033 0.805689 0.000033 0.000033 0.062512 0.000033 
0.604731 0.000041 0.000041 0.300329 0.000041 0.000041 0.000041 0.000041 0.094652 0.000041 
0.000050 0.000050 0.219940 0.040030 0.149975 0.000050 0.000050 0.589755 0.000050 0.000050 
0.121612 0.000045 0.000045 0.000045 0.000045 0.000045 0.000045 0.000045 0.000045 0.878028 
0.000036 0.000036 0.391981 0.000036 0.000036 0.607731 0.000036 0.000036 0.000036 0.000036 
0.000035 0.402673 0.000035 0.041687 0.000035 0.000035 0.000035 0.347136 0.000035 0.208296 
0.594496 0.000044 0.000044 0.000044 0.000044 0.000044 0.000044 0.405152 0.000044 0.000044 
0.346557 0.000044 0.000044 0.000044 0.004487 0.000044 0.000044 0.000044 0.648645 0.000044 
0.000032 0.579465 0.000032 0.420280 0.000032 0.000032 0.000032 0.000032 0.000032 0.000032 
0.000033 0.000033 0.414930 0.026168 0.000033 0.000033 0.000033 0.558674 0.000033 0.000033 
0.488913 0.000044 0.000044 0.000044 0.000044 0.000044 0.000044 0.000044 0.510738 0.000044 
0.531326 0.000039 0.000039 0.106297 0.000039 0.000039 0.129909 0.000039 0.232231 0.000039 
0.000040 0.000040 0.556268 0.000040 0.000040 0.298307 0.000040 0.000040 0.145143 0.000040 
0.000052 0.000052 0.000052 0.000052 0.000052 0.000052 0.999531 0.000052 0.000052 0.000052 
0.000027 0.000027 0.000027 0.000027 0.999758 0.000027 0.000027 0.000027 0.000027 0.000027 
0.698192 0.000050 0.000050 0.000050 0.000050 0.000050 0.000050 0.301406 0.000050 0.000050 
0.000041 0.000041 0.000041 0.243844 0.211337 0.247907 0.000041 0.000041 0.296668 0.000041 
0.698090 0.000073 0.088244 0.000073 0.213152 0.000073 0.000073 0.000073 0.000073 0.000073 
0.000031 0.034182 0.000031 0.121111 0.000031 0.000031 0.707886 0.136635 0.000031 0.000031 
0.000037 0.367549 0.000037 0.000037 0.205843 0.426351 0.000037 0.000037 0.000037 0.000037 
0.000035 0.000035 0.520832 0.000035 0.000035 0.398497 0.000035 0.080426 0.000035 0.000035 
0.000033 0.566511 0.186638 0.000033 0.000033 0.000033 0.000033 0.000033 0.076674 0.169977 
0.000035 0.000035 0.000035 0.272988 0.000035 0.000035 0.726728 0.000035 0.000035 0.000035 
0.000029 0.000029 0.000029 0.000029 0.075152 0.000029 0.392979 0.352528 0.000029 0.179168 
0.656156 0.000039 0.000039 0.108105 0.000039 0.000039 0.000039 0.000039 0.235469 0.000039 
0.000035 0.276533 0.000035 0.631017 0.000035 0.092201 0.000035 0.000035 0.000035 0.000035 
0.000052 0.000052 0.000052 0.359240 0.000052 0.000052 0.572670 0.000052 0.067725 0.000052 
0.031849 0.000045 0.000045 0.122717 0.000045 0.377147 0.000045 0.000045 0.000045 0.468015 
0.000039 0.000039 0.000039 0.794305 0.000039 0.000039 0.000039 0.000039 0.205386 0.000039 
0.000040 0.000040 0.317374 0.051607 0.000040 0.408608 0.000040 0.000040 0.222174 0.000040 
0.000027 0.000027 0.000027 0.580516 0.000027 0.000027 0.419269 0.000027 0.000027 0.000027 
0.000025 0.000025 0.000025 0.000025 0.002556 0.612528 0.000025 0.384738 0.000025 0.000025 
0.000034 0.016863 0.000034 0.791013 0.000034 0.000034 0.171693 0.000034 0.000034 0.020229 
0.000049 0.000049 0.000049 0.000049 0.024668 0.000049 0.974938 0.000049 0.000049 0.000049 
0.000030 0.000030 0.259098 0.140232 0.000030 0.192045 0.006126 0.402347 0.000030 0.000030 
0.140780 0.000036 0.000036 0.292349 0.155215 0.000036 0.000036 0.086647 0.324829 0.000036 
0.000042 0.000042 0.134439 0.000042 0.000042 0.865225 0.000042 0.000042 0.000042 0.000042 
0.000024 0.000024 0.204302 0.487888 0.000024 0.300433 0.007234 0.000024 0.000024 0.000024 
0.213134 0.000039 0.000039 0.000039 0.201511 0.449477 0.000039 0.000039 0.135645 0.000039 
0.000043 0.709141 0.000043 0.290517 0.000043 0.000043 0.000043 0.000043 0.000043 0.000043 
0.459880 0.000033 0.000033 0.000033 0.259947 0.000033 0.000033 0.000033 0.000033 0.279940 
0.000047 0.000047 0.000047 0.985567 0.000047 0.000047 0.000047 0.000047 0.000047 0.014059 
0.828363 0.000029 0.100000 0.000029 0.000029 0.000029 0.000029 0.000029 0.071437 0.000029 
0.000032 0.352669 0.184439 0.000032 0.000032 0.110029 0.142381 0.210320 0.000032 0.000032 
0.482742 0.516916 0.000043 0.000043 0.000043 0.000043 0.000043 0.000043 0.000043 0.000043 
0.304453 0.000045 0.000045 0.077283 0.000045 0.000045 0.000045 0.617946 0.000045 0.000045 
0.000058 0.319640 0.000058 0.453283 0.000058 0.000058 0.000058 0.226671 0.000058 0.000058 
0.000027 0.000027 0.819476 0.000027 0.000027 0.038268 0.024611 0.002759 0.114750 0.000027 
0.000039 0.191371 0.000039 0.000039 0.000039 0.000039 0.000039 0.121086 0.687271 0.000039 
0.175155 0.073003 0.040168 0.000036 0.000036 0.135024 0.576468 0.000036 0.000036 0.000036 
0.000036 0.000036 0.000036 0.436241 0.000036 0.000036 0.000036 0.279935 0.000036 0.283570 
0.000027 0.000027 0.000027 0.000027 0.396147 0.142846 0.460819 0.000027 0.000027 0.000027 
0.000037 0.000037 0.000037 0.037337 0.000037 0.962365 0.000037 0.000037 0.000037 0.000037 
0.724277 0.000034 0.000034 0.000034 0.000034 0.000034 0.000034 0.000034 0.000034 0.275451 
0.339606 0.155538 0.000032 0.139670 0.364995 0.000032 0.000032 0.000032 0.000032 0.000032 
0.116559 0.000031 0.000031 0.000031 0.000031 0.858663 0.000031 0.024563 0.000031 0.000031 
0.292492 0.244478 0.000044 0.000044 0.000044 0.000044 0.000044 0.000044 0.462724 0.000044 
0.000028 0.000028 0.000028 0.000028 0.000028 0.198836 0.000028 0.718574 0.000028 0.082391 
0.330254 0.401651 0.000045 0.000045 0.111602 0.156225 0.000045 0.000045 0.000045 0.000045 
0.000045 0.000045 0.000045 0.199955 0.095457 0.000045 0.527079 0.000045 0.000045 0.177238 
0.000034 0.000034 0.493157 0.000034 0.312009 0.003388 0.181181 0.000034 0.000034 0.010097 
0.602808 0.000037 0.000037 0.000037 0.000037 0.000037 0.000037 0.396893 0.000037 0.000037 
0.864191 0.000028 0.073454 0.000028 0.000028 0.062158 0.000028 0.000028 0.000028 0.000028 
0.038001 0.000042 0.194053 0.000042 0.767651 0.000042 0.000042 0.000042 0.000042 0.000042 
0.000043 0.000043 0.208464 0.000043 0.000043 0.085113 0.000043 0.000043 0.110634 0.595534 
0.604484 0.076420 0.318864 0.000033 0.000033 0.000033 0.000033 0.000033 0.000033 0.000033 
0.000021 0.000021 0.000021 0.362265 0.000021 0.000021 0.000021 0.238067 0.180108 0.219437 
0.351049 0.000038 0.000038 0.106868 0.000038 0.000038 0.175544 0.000038 0.366311 0.000038 
0.000025 0.000025 0.382284 0.000025 0.000025 0.000025 0.000025 0.617520 0.000025 0.000025 
0.618519 0.000036 0.000036 0.000036 0.000036 0.057569 0.097123 0.226573 0.000036 0.000036 
0.278390 0.000030 0.000030 0.000030 0.721371 0.000030 0.000030 0.000030 0.000030 0.000030 
0.000046 0.032439 0.000046 0.296205 0.041694 0.000046 0.629385 0.000046 0.000046 0.000046 
0.000037 0.000037 0.018687 0.000037 0.000037 0.000037 0.000037 0.000037 0.000037 0.981015 
0.415482 0.535573 0.000032 0.000032 0.000032 0.000032 0.035735 0.000032 0.000032 0.013015 
0.000028 0.000028 0.000028 0.000028 0.065351 0.000028 0.693013 0.241437 0.000028 0.000028 
0.000048 0.000048 0.000048 0.000048 0.000048 0.047872 0.000048 0.153085 0.000048 0.798709 
0.000040 0.206307 0.000040 0.000040 0.130940 0.000040 0.000040 0.000040 0.408608 0.253907 
0.666476 0.000034 0.000034 0.000034 0.000034 0.292864 0.000034 0.000034 0.040424 0.000034 
0.000033 0.656481 0.000033 0.136654 0.060013 0.000033 0.146651 0.000033 0.000033 0.000033 
0.000039 0.000039 0.058156 0.085277 0.007788 0.000039 0.848547 0.000039 0.000039 0.000039 
0.000034 0.112241 0.000034 0.000034 0.000034 0.547467 0.000034 0.340054 0.000034 0.000034 
0.000034 0.000034 0.000034 0.000034 0.000034 0.544067 0.000034 0.340054 0.000034 0.115641 
0.000041 0.115696 0.194176 0.000041 0.000041 0.000041 0.689839 0.000041 0.000041 0.000041 
0.000034 0.084465 0.000034 0.000034 0.000034 0.000034 0.000034 0.915265 0.000034 0.000034 
0.000032 0.195553 0.236550 0.000032 0.000032 0.318543 0.000032 0.249164 0.000032 0.000032 
0.321697 0.000032 0.659130 0.000032 0.000032 0.000032 0.000032 0.018953 0.000032 0.000032 
0.000051 0.000051 0.000051 0.000051 0.000051 0.000051 0.795563 0.122438 0.000051 0.081642 
0.000060 0.000060 0.520706 0.000060 0.000060 0.000060 0.000060 0.000060 0.000060 0.478815 
0.000031 0.000031 0.214689 0.374149 0.000031 0.000031 0.000031 0.236155 0.073628 0.101227 
0.000053 0.000053 0.000053 0.000053 0.000053 0.855981 0.000053 0.000053 0.000053 0.143594 
0.000039 0.000039 0.000039 0.000039 0.000039 0.000039 0.182847 0.151731 0.665150 0.000039 
0.158640 0.016847 0.000024 0.000024 0.000024 0.206705 0.000024 0.175463 0.442225 0.000024 
0.075282 0.000054 0.333208 0.000054 0.000054 0.467544 0.000054 0.000054 0.123643 0.000054 
0.000037 0.000037 0.000037 0.000037 0.000037 0.000037 0.943924 0.055779 0.000037 0.000037 
0.000029 0.000029 0.000029 0.546927 0.000029 0.000029 0.002970 0.000029 0.449897 0.000029 
0.499851 0.257404 0.000037 0.000037 0.000037 0.141775 0.000037 0.100746 0.000037 0.000037 
0.794427 0.000064 0.000064 0.000064 0.000064 0.000064 0.205061 0.000064 0.000064 0.000064 
0.000023 0.000023 0.000023 0.236333 0.000023 0.000023 0.000023 0.579436 0.000023 0.184072 
0.000031 0.000031 0.000031 0.452719 0.000031 0.000031 0.000031 0.075479 0.471581 0.000031 
0.208299 0.000032 0.000032 0.221115 0.163441 0.000032 0.000032 0.406953 0.000032 0.000032 
0.000029 0.000029 0.000029 0.131955 0.000029 0.000029 0.000029 0.867810 0.000029 0.000029 
0.000031 0.000031 0.030886 0.000031 0.595526 0.000031 0.373372 0.000031 0.000031 0.000031 
0.251135 0.009705 0.661564 0.000048 0.077306 0.000048 0.000048 0.000048 0.000048 0.000048 
0.000045 0.381040 0.000045 0.000045 0.085208 0.251053 0.282429 0.000045 0.000045 0.000045 
0.000034 0.000034 0.242272 0.000034 0.522040 0.000034 0.000034 0.000034 0.000034 0.235449 
0.371281 0.000027 0.331504 0.000027 0.297030 0.000027 0.000027 0.000027 0.000027 0.000027 
0.000032 0.000032 0.000032 0.000032 0.918565 0.081175 0.000032 0.000032 0.000032 0.000032 
0.286245 0.000043 0.662153 0.000043 0.000043 0.000043 0.000043 0.051303 0.000043 0.000043 
0.000054 0.000054 0.000054 0.000054 0.635578 0.000054 0.000054 0.000054 0.005486 0.358555 
0.000037 0.000037 0.000037 0.000037 0.000037 0.000037 0.999668 0.000037 0.000037 0.000037 
0.000043 0.000043 0.000043 0.128193 0.000043 0.000043 0.627979 0.243528 0.000043 0.000043 
0.651690 0.000049 0.000049 0.000049 0.000049 0.000049 0.000049 0.347918 0.000049 0.000049 
0.000044 0.274259 0.000044 0.234454 0.000044 0.000044 0.000044 0.000044 0.190226 0.300796 
0.000037 0.645555 0.000037 0.213980 0.000037 0.000037 0.000037 0.000037 0.000037 0.140207 
0.340340 0.237540 0.000035 0.000035 0.092201 0.000035 0.007125 0.138284 0.000035 0.184367 
0.000026 0.000026 0.108806 0.000026 0.000026 0.069956 0.000026 0.442916 0.000026 0.378166 
0.000042 0.000042 0.117640 0.000042 0.000042 0.189038 0.000042 0.000042 0.000042 0.693028 
0.000032 0.000032 0.079624 0.000032 0.000032 0.000032 0.000032 0.000032 0.000032 0.920121 
0.000039 0.000039 0.000039 0.000039 0.019563 0.003944 0.000039 0.492034 0.187466 0.296798 
0.221082 0.000033 0.000033 0.000033 0.000033 0.000033 0.478423 0.000033 0.072616 0.227681 
0.000038 0.000038 0.000038 0.219652 0.000038 0.000038 0.772473 0.007611 0.000038 0.000038 
0.940574 0.000042 0.000042 0.059089 0.000042 0.000042 0.000042 0.000042 0.000042 0.000042 
0.000033 0.294054 0.000033 0.000033 0.000033 0.000033 0.019634 0.000033 0.267919 0.418197 
0.000038 0.079553 0.000038 0.000038 0.000038 0.174214 0.000038 0.090913 0.655093 0.000038 
0.000023 0.506947 0.328585 0.000023 0.000023 0.000023 0.000023 0.000023 0.000023 0.164304 
0.000045 0.000045 0.000045 0.528956 0.000045 0.000045 0.000045 0.000045 0.470686 0.000045 
0.000032 0.218317 0.509364 0.000032 0.000032 0.000032 0.000032 0.000032 0.136065 0.136065 
0.735275 0.000041 0.000041 0.000041 0.095043 0.169393 0.000041 0.000041 0.000041 0.000041 
0.749049 0.000030 0.000030 0.000030 0.000030 0.000030 0.000030 0.000030 0.250710 0.000030 
0.566165 0.000044 0.265414 0.000044 0.000044 0.088501 0.000044 0.000044 0.079655 0.000044 
0.000070 0.000070 0.000070 0.587072 0.000070 0.000070 0.000070 0.000070 0.000070 0.412369 
0.000027 0.000027 0.000027 0.000027 0.000027 0.000027 0.000027 0.181312 0.818475 0.000027 
0.000036 0.000036 0.000036 0.000036 0.000036 0.238385 0.000036 0.042725 0.000036 0.718641 
0.035743 0.000045 0.825569 0.000045 0.000045 0.000045 0.000045 0.138376 0.000045 0.000045 
0.000029 0.000029 0.535897 0.000029 0.000029 0.463872 0.000029 0.000029 0.000029 0.000029 
0.007209 0.000071 0.000071 0.000071 0.406924 0.000071 0.000071 0.000071 0.000071 0.585368 
0.000040 0.000040 0.071158 0.031648 0.185737 0.000040 0.509719 0.201541 0.000040 0.000040 
0.000029 0.000029 0.458110 0.000029 0.538778 0.000029 0.000029 0.002910 0.000029 0.000029 
0.000035 0.000035 0.063843 0.067387 0.000035 0.000035 0.230450 0.000035 0.127650 0.510493 
0.000043 0.000043 0.000043 0.396424 0.000043 0.000043 0.124989 0.293020 0.185308 0.000043 
0.122441 0.149643 0.000034 0.000034 0.098640 0.000034 0.000034 0.629072 0.000034 0.000034 
0.824921 0.000035 0.174799 0.000035 0.000035 0.000035 0.000035 0.000035 0.000035 0.000035 
0.000043 0.000043 0.000043 0.000043 0.000043 0.111106 0.239257 0.243528 0.000043 0.405852 
0.109371 0.101562 0.000039 0.659938 0.000039 0.000039 0.000039 0.000039 0.128895 0.000039 
0.928765 0.070977 0.000032 0.000032 0.000032 0.000032 0.000032 0.000032 0.000032 0.000032 
0.000041 0.000041 0.665075 0.000041 0.236679 0.000041 0.000041 0.000041 0.097960 0.000041 
0.285066 0.000040 0.244922 0.000040 0.000040 0.269008 0.000040 0.000040 0.000040 0.200763 
0.605662 0.000049 0.000049 0.000049 0.000049 0.000049 0.000049 0.000049 0.393944 0.000049 
0.142392 0.000032 0.756121 0.000032 0.000032 0.000032 0.066466 0.000032 0.034831 0.000032 
0.561242 0.259593 0.178920 0.000035 0.000035 0.000035 0.000035 0.000035 0.000035 0.000035 
0.913074 0.000054 0.086494 0.000054 0.000054 0.000054 0.000054 0.000054 0.000054 0.000054 
0.596058 0.000032 0.000032 0.000032 0.000032 0.000032 0.009492 0.394229 0.000032 0.000032 
0.000035 0.000035 0.173733 0.730273 0.095746 0.000035 0.000035 0.000035 0.000035 0.000035 
0.000050 0.000050 0.000050 0.000050 0.226067 0.773531 0.000050 0.000050 0.000050 0.000050 
0.000029 0.526039 0.000029 0.000029 0.104650 0.000029 0.200552 0.000029 0.000029 0.168585 
0.000046 0.000046 0.000046 0.304053 0.000046 0.000046 0.000046 0.110594 0.571211 0.013865 
0.000040 0.599008 0.000040 0.000040 0.000040 0.000040 0.000040 0.400674 0.000040 0.000040 
0.000048 0.000048 0.000048 0.658385 0.000048 0.081740 0.000048 0.000048 0.259539 0.000048 
0.000047 0.000047 0.000047 0.000047 0.000047 0.999576 0.000047 0.000047 0.000047 0.000047 
