0.001626 0.001626 0.026016 0.009756 0.017886 0.001626 0.001626 0.619512 0.009756 0.310569 
0.166929 0.001575 0.001575 0.017323 0.033071 0.001575 0.001575 0.623622 0.001575 0.151181 
0.001626 0.001626 0.009756 0.001626 0.001626 0.001626 0.001626 0.652033 0.050407 0.278049 
0.017391 0.001087 0.001087 0.001087 0.001087 0.028261 0.185870 0.213043 0.001087 0.550000 
0.001538 0.001538 0.093846 0.001538 0.063077 0.001538 0.001538 0.132308 0.224615 0.478462 
0.001754 0.001754 0.001754 0.001754 0.729825 0.010526 0.001754 0.001754 0.001754 0.247368 
0.276106 0.001770 0.001770 0.001770 0.267257 0.001770 0.046018 0.143363 0.240708 0.019469 
0.002469 0.002469 0.002469 0.002469 0.237037 0.002469 0.039506 0.002469 0.323457 0.385185 
0.001481 0.001481 0.134815 0.134815 0.097778 0.001481 0.357037 0.001481 0.001481 0.268148 
0.014379 0.014379 0.001307 0.001307 0.354248 0.001307 0.007843 0.001307 0.073203 0.530719 
0.009917 0.001653 0.001653 0.001653 0.175207 0.051240 0.009917 0.001653 0.001653 0.745455 
0.001389 0.001389 0.001389 0.063889 0.737500 0.001389 0.077778 0.001389 0.008333 0.105556 
0.466667 0.009302 0.001550 0.001550 0.102326 0.001550 0.396899 0.001550 0.009302 0.009302 
0.001449 0.088406 0.001449 0.008696 0.218841 0.044928 0.023188 0.001449 0.001449 0.610145 
0.001242 0.001242 0.001242 0.050932 0.442236 0.100621 0.001242 0.007453 0.237267 0.156522 
0.010000 0.110000 0.060000 0.001667 0.368333 0.001667 0.118333 0.001667 0.226667 0.101667 
0.008511 0.001418 0.001418 0.022695 0.476596 0.001418 0.029787 0.001418 0.242553 0.214184 
0.001481 0.001481 0.053333 0.001481 0.001481 0.016296 0.001481 0.557037 0.001481 0.364444 
0.162903 0.001613 0.001613 0.058065 0.735484 0.009677 0.025806 0.001613 0.001613 0.001613 
0.001754 0.001754 0.001754 0.782456 0.001754 0.001754 0.045614 0.045614 0.001754 0.115789 
0.521600 0.025600 0.017600 0.121600 0.233600 0.001600 0.033600 0.041600 0.001600 0.001600 
0.001667 0.010000 0.001667 0.001667 0.001667 0.001667 0.001667 0.193333 0.135000 0.651667 
0.287395 0.010084 0.001681 0.026891 0.094118 0.001681 0.539496 0.010084 0.001681 0.026891 
0.082143 0.207143 0.010714 0.082143 0.001786 0.019643 0.591071 0.001786 0.001786 0.001786 
0.026667 0.001667 0.001667 0.001667 0.343333 0.001667 0.576667 0.001667 0.043333 0.001667 
0.055090 0.001198 0.001198 0.929341 0.001198 0.001198 0.001198 0.001198 0.001198 0.007186 
0.001342 0.142282 0.001342 0.142282 0.001342 0.001342 0.316779 0.001342 0.008054 0.383893 
0.001198 0.001198 0.001198 0.570060 0.001198 0.001198 0.246707 0.001198 0.001198 0.174850 
0.002020 0.052525 0.002020 0.143434 0.658586 0.002020 0.002020 0.002020 0.002020 0.133333 
0.001075 0.001075 0.033333 0.001075 0.130108 0.001075 0.001075 0.339785 0.001075 0.490323 
0.018487 0.060504 0.001681 0.136134 0.001681 0.001681 0.774790 0.001681 0.001681 0.001681 
0.096815 0.001274 0.001274 0.001274 0.854777 0.007643 0.033121 0.001274 0.001274 0.001274 
0.041611 0.001342 0.001342 0.377181 0.034899 0.008054 0.390604 0.001342 0.001342 0.142282 
0.001316 0.001316 0.001316 0.751316 0.001316 0.001316 0.106579 0.014474 0.106579 0.014474 
0.001754 0.001754 0.001754 0.870175 0.001754 0.001754 0.054386 0.001754 0.010526 0.054386 
0.046269 0.180597 0.001493 0.016418 0.344776 0.083582 0.113433 0.001493 0.001493 0.210448 
0.370175 0.001754 0.010526 0.159649 0.036842 0.001754 0.177193 0.001754 0.001754 0.238596 
0.029952 0.058937 0.000966 0.508213 0.000966 0.000966 0.300483 0.000966 0.092754 0.005797 
0.001429 0.001429 0.001429 0.430000 0.001429 0.001429 0.465714 0.001429 0.008571 0.087143 
0.438889 0.001389 0.056944 0.008333 0.286111 0.001389 0.036111 0.001389 0.015278 0.154167 
0.487719 0.000877 0.053509 0.220175 0.088596 0.018421 0.128070 0.000877 0.000877 0.000877 
0.001439 0.001439 0.001439 0.202878 0.001439 0.001439 0.087770 0.001439 0.001439 0.699281 
0.002151 0.002151 0.002151 0.529032 0.260215 0.002151 0.002151 0.002151 0.002151 0.195699 
0.125547 0.001460 0.008759 0.001460 0.140146 0.249635 0.089051 0.001460 0.118248 0.264234 
0.245378 0.321008 0.018487 0.010084 0.144538 0.127731 0.085714 0.001681 0.043697 0.001681 
0.031579 0.001504 0.001504 0.009023 0.783459 0.016541 0.001504 0.001504 0.001504 0.151880 
0.001235 0.007407 0.001235 0.464198 0.050617 0.112346 0.001235 0.001235 0.001235 0.359259 
0.023404 0.023404 0.023404 0.225532 0.151064 0.002128 0.544681 0.002128 0.002128 0.002128 
0.050000 0.001389 0.195833 0.675000 0.001389 0.022222 0.001389 0.050000 0.001389 0.001389 
0.120398 0.000995 0.025871 0.075622 0.000995 0.045771 0.712438 0.000995 0.000995 0.015920 
0.152055 0.001370 0.001370 0.316438 0.158904 0.001370 0.056164 0.001370 0.001370 0.309589 
0.097260 0.001370 0.008219 0.473973 0.008219 0.001370 0.316438 0.090411 0.001370 0.001370 
0.013187 0.123077 0.002198 0.002198 0.254945 0.057143 0.079121 0.002198 0.419780 0.046154 
0.001418 0.001418 0.001418 0.001418 0.001418 0.001418 0.958865 0.008511 0.022695 0.001418 
0.169748 0.102521 0.119328 0.262185 0.169748 0.001681 0.001681 0.144538 0.018487 0.010084 
0.010435 0.001739 0.010435 0.697391 0.114783 0.001739 0.062609 0.010435 0.001739 0.088696 
0.162874 0.001198 0.007186 0.001198 0.450299 0.001198 0.013174 0.001198 0.061078 0.300599 
0.336709 0.001266 0.001266 0.431646 0.001266 0.007595 0.153165 0.001266 0.001266 0.064557 
0.124675 0.014286 0.001299 0.351948 0.001299 0.001299 0.007792 0.001299 0.001299 0.494805 
0.023704 0.001481 0.194074 0.431111 0.001481 0.001481 0.053333 0.001481 0.001481 0.290370 
0.001504 0.001504 0.001504 0.467669 0.001504 0.001504 0.505263 0.016541 0.001504 0.001504 
0.017188 0.001563 0.314063 0.579688 0.048438 0.001563 0.017188 0.009375 0.001563 0.009375 
0.001481 0.001481 0.001481 0.601481 0.008889 0.120000 0.001481 0.001481 0.231111 0.031111 
0.249558 0.001770 0.001770 0.284956 0.081416 0.001770 0.116814 0.010619 0.001770 0.249558 
0.001600 0.001600 0.001600 0.393600 0.001600 0.001600 0.129600 0.017600 0.017600 0.433600 
0.007947 0.001325 0.001325 0.060927 0.312583 0.100662 0.504636 0.001325 0.001325 0.007947 
0.001418 0.022695 0.022695 0.029787 0.164539 0.008511 0.001418 0.065248 0.072340 0.611348 
0.054255 0.001064 0.001064 0.437234 0.001064 0.001064 0.368085 0.001064 0.001064 0.134043 
0.002353 0.002353 0.002353 0.331765 0.002353 0.390588 0.002353 0.002353 0.002353 0.261176 
0.154237 0.001695 0.001695 0.535593 0.154237 0.010169 0.001695 0.010169 0.018644 0.111864 
0.001299 0.280519 0.007792 0.131169 0.001299 0.001299 0.274026 0.014286 0.007792 0.280519 
0.437838 0.226126 0.000901 0.018919 0.072973 0.018919 0.005405 0.000901 0.000901 0.217117 
0.141709 0.156784 0.001005 0.001005 0.001005 0.021106 0.036181 0.001005 0.001005 0.639196 
0.437931 0.087356 0.001149 0.001149 0.006897 0.104598 0.001149 0.006897 0.035632 0.317241 
0.073054 0.504192 0.013174 0.025150 0.001198 0.001198 0.336527 0.001198 0.007186 0.037126 
0.275000 0.001563 0.001563 0.001563 0.001563 0.001563 0.712500 0.001563 0.001563 0.001563 
0.297931 0.008276 0.008276 0.015172 0.022069 0.001379 0.001379 0.008276 0.442759 0.194483 
0.001399 0.001399 0.001399 0.483916 0.211189 0.239161 0.057343 0.001399 0.001399 0.001399 
0.001550 0.001550 0.063566 0.001550 0.001550 0.505426 0.001550 0.001550 0.420155 0.001550 
0.019753 0.001235 0.266667 0.180247 0.001235 0.513580 0.007407 0.001235 0.001235 0.007407 
0.001550 0.024806 0.001550 0.288372 0.001550 0.443411 0.179845 0.024806 0.001550 0.032558 
0.001325 0.127152 0.007947 0.001325 0.107285 0.345695 0.398675 0.001325 0.001325 0.007947 
0.098913 0.055435 0.001087 0.033696 0.082609 0.560870 0.001087 0.001087 0.126087 0.039130 
0.268605 0.012791 0.018605 0.001163 0.001163 0.419767 0.216279 0.001163 0.059302 0.001163 
0.064789 0.656338 0.001408 0.001408 0.064789 0.191549 0.015493 0.001408 0.001408 0.001408 
0.042708 0.001042 0.475000 0.058333 0.001042 0.329167 0.001042 0.001042 0.084375 0.006250 
0.002041 0.002041 0.012245 0.002041 0.002041 0.951020 0.012245 0.012245 0.002041 0.002041 
0.001130 0.249718 0.266667 0.006780 0.018079 0.204520 0.001130 0.001130 0.249718 0.001130 
0.195683 0.066187 0.001439 0.030216 0.224460 0.051799 0.181295 0.001439 0.138129 0.109353 
0.014286 0.001299 0.001299 0.001299 0.403896 0.027273 0.001299 0.001299 0.150649 0.397403 
0.001299 0.241558 0.001299 0.001299 0.280519 0.170130 0.001299 0.014286 0.066234 0.222078 
0.103650 0.001460 0.001460 0.001460 0.183942 0.001460 0.001460 0.001460 0.461314 0.242336 
0.001282 0.001282 0.091026 0.674359 0.014103 0.071795 0.142308 0.001282 0.001282 0.001282 
0.021192 0.001325 0.001325 0.027815 0.213245 0.226490 0.001325 0.001325 0.001325 0.504636 
0.009091 0.009091 0.009091 0.001515 0.001515 0.001515 0.001515 0.069697 0.100000 0.796970 
0.006897 0.001149 0.006897 0.150575 0.024138 0.001149 0.001149 0.001149 0.001149 0.805747 
0.001047 0.011518 0.063874 0.001047 0.137173 0.006283 0.011518 0.179058 0.001047 0.587435 
0.001290 0.001290 0.001290 0.001290 0.110968 0.098065 0.007742 0.001290 0.110968 0.665806 
0.002273 0.002273 0.002273 0.002273 0.002273 0.002273 0.013636 0.422727 0.002273 0.547727 
0.001449 0.066667 0.001449 0.001449 0.001449 0.030435 0.110145 0.001449 0.001449 0.784058 
0.141520 0.001170 0.001170 0.012865 0.141520 0.024561 0.001170 0.001170 0.211696 0.463158 
0.001250 0.001250 0.151250 0.001250 0.001250 0.013750 0.507500 0.020000 0.001250 0.301250 
0.048485 0.003030 0.003030 0.275758 0.003030 0.003030 0.003030 0.003030 0.124242 0.533333 
0.000893 0.000893 0.000893 0.072321 0.000893 0.000893 0.005357 0.442857 0.000893 0.474107 
0.247059 0.001961 0.011765 0.021569 0.403922 0.001961 0.001961 0.011765 0.011765 0.286275 
0.001538 0.001538 0.001538 0.001538 0.109231 0.016923 0.001538 0.440000 0.024615 0.401538 
0.025197 0.001575 0.001575 0.206299 0.277165 0.017323 0.009449 0.009449 0.308661 0.143307 
0.009091 0.001515 0.001515 0.001515 0.001515 0.001515 0.683333 0.001515 0.001515 0.296970 
0.006316 0.001053 0.001053 0.001053 0.074737 0.058947 0.590526 0.016842 0.032632 0.216842 
0.001481 0.001481 0.001481 0.001481 0.253333 0.045926 0.001481 0.105185 0.008889 0.579259 
0.001449 0.001449 0.008696 0.081159 0.066667 0.008696 0.008696 0.001449 0.146377 0.675362 
0.001429 0.001429 0.001429 0.001429 0.472857 0.001429 0.015714 0.008571 0.072857 0.422857 
0.001639 0.001639 0.001639 0.001639 0.026230 0.001639 0.001639 0.001639 0.001639 0.960656 
0.001418 0.001418 0.001418 0.001418 0.547518 0.001418 0.015603 0.001418 0.001418 0.426950 
0.591566 0.001205 0.007229 0.001205 0.037349 0.001205 0.013253 0.037349 0.013253 0.296386 
0.001887 0.011321 0.001887 0.001887 0.709434 0.001887 0.001887 0.001887 0.001887 0.266038 
0.021918 0.001370 0.001370 0.001370 0.076712 0.001370 0.110959 0.001370 0.001370 0.782192 
0.314063 0.001563 0.001563 0.001563 0.001563 0.048438 0.001563 0.001563 0.243750 0.384375 
0.001818 0.010909 0.001818 0.020000 0.020000 0.020000 0.038182 0.074545 0.001818 0.810909 
0.037143 0.001429 0.037143 0.051429 0.630000 0.001429 0.001429 0.237143 0.001429 0.001429 
0.123577 0.001626 0.001626 0.001626 0.188618 0.001626 0.001626 0.001626 0.001626 0.676423 
0.105970 0.001493 0.008955 0.001493 0.143284 0.008955 0.105970 0.016418 0.001493 0.605970 
0.059504 0.051240 0.001653 0.018182 0.018182 0.001653 0.001653 0.067769 0.505785 0.274380 
0.034437 0.001325 0.001325 0.014570 0.034437 0.001325 0.047682 0.405298 0.001325 0.458278 
0.001117 0.001117 0.012291 0.006704 0.213408 0.001117 0.185475 0.056983 0.029050 0.492737 
0.063354 0.007453 0.100621 0.280745 0.255901 0.144099 0.001242 0.007453 0.038509 0.100621 
0.001111 0.001111 0.012222 0.001111 0.523333 0.001111 0.145556 0.001111 0.001111 0.312222 
0.001379 0.001379 0.001379 0.001379 0.132414 0.001379 0.015172 0.001379 0.263448 0.580690 
0.001439 0.001439 0.001439 0.001439 0.382734 0.001439 0.001439 0.008633 0.015827 0.584173 
0.001220 0.001220 0.007317 0.001220 0.001220 0.013415 0.452439 0.001220 0.001220 0.519512 
0.011009 0.001835 0.001835 0.011009 0.093578 0.011009 0.203670 0.111927 0.001835 0.552294 
0.001653 0.001653 0.001653 0.001653 0.042975 0.381818 0.001653 0.109091 0.158678 0.299174 
0.277165 0.001575 0.001575 0.009449 0.001575 0.182677 0.001575 0.001575 0.521260 0.001575 
0.001852 0.001852 0.251852 0.150000 0.001852 0.362963 0.001852 0.214815 0.011111 0.001852 
0.046429 0.457143 0.001786 0.046429 0.100000 0.135714 0.198214 0.001786 0.010714 0.001786 
0.049600 0.169600 0.001600 0.001600 0.169600 0.345600 0.089600 0.001600 0.161600 0.009600 
0.380645 0.025806 0.009677 0.001613 0.017742 0.001613 0.025806 0.001613 0.001613 0.533871 
0.340881 0.032704 0.001258 0.001258 0.001258 0.001258 0.435220 0.183648 0.001258 0.001258 
0.570930 0.001163 0.001163 0.001163 0.001163 0.001163 0.036047 0.001163 0.006977 0.379070 
0.188950 0.006630 0.001105 0.001105 0.072928 0.001105 0.001105 0.083978 0.001105 0.641989 
0.001418 0.001418 0.001418 0.015603 0.398582 0.001418 0.015603 0.022695 0.008511 0.533333 
0.001538 0.001538 0.001538 0.009231 0.478462 0.001538 0.493846 0.001538 0.001538 0.009231 
0.001587 0.001587 0.104762 0.001587 0.080952 0.001587 0.001587 0.065079 0.215873 0.525397 
0.001439 0.001439 0.015827 0.015827 0.231655 0.001439 0.001439 0.066187 0.015827 0.648921 
0.001587 0.001587 0.017460 0.001587 0.001587 0.001587 0.001587 0.001587 0.001587 0.969841 
0.001835 0.001835 0.001835 0.001835 0.332110 0.001835 0.075229 0.001835 0.001835 0.579817 
0.007317 0.007317 0.025610 0.031707 0.153659 0.001220 0.050000 0.001220 0.104878 0.617073 
0.010714 0.001786 0.010714 0.010714 0.528571 0.001786 0.001786 0.001786 0.001786 0.430357 
0.115714 0.001429 0.001429 0.001429 0.001429 0.037143 0.008571 0.001429 0.022857 0.808571 
0.002020 0.002020 0.002020 0.002020 0.002020 0.002020 0.264646 0.002020 0.002020 0.719192 
0.105521 0.001227 0.001227 0.001227 0.019632 0.001227 0.307975 0.001227 0.025767 0.534969 
0.019753 0.001235 0.001235 0.056790 0.001235 0.001235 0.816049 0.001235 0.013580 0.087654 
0.007895 0.001316 0.014474 0.001316 0.159211 0.053947 0.507895 0.159211 0.040789 0.053947 
0.002273 0.002273 0.002273 0.002273 0.013636 0.218182 0.365909 0.002273 0.002273 0.388636 
0.164341 0.001550 0.001550 0.156589 0.024806 0.001550 0.001550 0.001550 0.001550 0.644961 
0.437209 0.001163 0.001163 0.001163 0.001163 0.001163 0.001163 0.070930 0.018605 0.466279 
0.028070 0.098246 0.001754 0.001754 0.370175 0.001754 0.115789 0.054386 0.168421 0.159649 
0.002174 0.002174 0.002174 0.002174 0.556522 0.002174 0.002174 0.002174 0.013043 0.415217 
0.509942 0.001170 0.012865 0.001170 0.118129 0.001170 0.346199 0.001170 0.007018 0.001170 
0.001399 0.085315 0.288112 0.274126 0.029371 0.001399 0.295105 0.001399 0.022378 0.001399 
0.362581 0.001290 0.001290 0.001290 0.110968 0.020645 0.001290 0.001290 0.001290 0.498065 
0.001333 0.001333 0.001333 0.014667 0.001333 0.054667 0.834667 0.001333 0.001333 0.088000 
0.001626 0.213008 0.001626 0.001626 0.164228 0.034146 0.082927 0.074797 0.318699 0.107317 
0.487143 0.058571 0.001429 0.001429 0.387143 0.008571 0.001429 0.001429 0.008571 0.044286 
0.110949 0.220438 0.052555 0.001460 0.417518 0.001460 0.118248 0.001460 0.008759 0.067153 
0.387143 0.008571 0.008571 0.387143 0.008571 0.030000 0.037143 0.001429 0.001429 0.130000 
0.644156 0.014286 0.040260 0.020779 0.079221 0.001299 0.196104 0.001299 0.001299 0.001299 
0.272868 0.001550 0.001550 0.009302 0.001550 0.001550 0.040310 0.001550 0.001550 0.668217 
0.235443 0.336709 0.001266 0.172152 0.146835 0.001266 0.007595 0.001266 0.001266 0.096203 
0.023704 0.001481 0.327407 0.001481 0.275556 0.001481 0.008889 0.016296 0.001481 0.342222 
0.099422 0.434682 0.001156 0.001156 0.186127 0.001156 0.035838 0.064740 0.001156 0.174566 
0.012371 0.723711 0.043299 0.012371 0.022680 0.002062 0.177320 0.002062 0.002062 0.002062 
0.442520 0.009449 0.001575 0.025197 0.285039 0.001575 0.001575 0.001575 0.001575 0.229921 
0.352632 0.001754 0.001754 0.001754 0.001754 0.001754 0.001754 0.001754 0.580702 0.054386 
0.223967 0.550413 0.000826 0.000826 0.095868 0.021488 0.000826 0.087603 0.000826 0.017355 
0.231111 0.105185 0.016296 0.001481 0.001481 0.008889 0.038519 0.001481 0.320000 0.275556 
0.595804 0.001399 0.008392 0.001399 0.029371 0.050350 0.288112 0.001399 0.015385 0.008392 
0.229714 0.144000 0.001143 0.001143 0.258286 0.269714 0.075429 0.001143 0.001143 0.018286 
0.363158 0.001316 0.001316 0.014474 0.132895 0.001316 0.001316 0.001316 0.284211 0.198684 
0.172603 0.001370 0.001370 0.001370 0.001370 0.001370 0.001370 0.001370 0.021918 0.795890 
0.873600 0.113600 0.001600 0.001600 0.001600 0.001600 0.001600 0.001600 0.001600 0.001600 
0.851701 0.001361 0.001361 0.001361 0.021769 0.035374 0.069388 0.001361 0.014966 0.001361 
0.696183 0.024427 0.001527 0.001527 0.001527 0.146565 0.085496 0.001527 0.001527 0.039695 
0.751515 0.001515 0.001515 0.039394 0.001515 0.031818 0.153030 0.016667 0.001515 0.001515 
0.001449 0.001449 0.001449 0.001449 0.001449 0.001449 0.139130 0.001449 0.001449 0.849275 
0.137879 0.001515 0.001515 0.001515 0.001515 0.024242 0.077273 0.001515 0.009091 0.743939 
0.798058 0.011650 0.001942 0.011650 0.069903 0.011650 0.079612 0.011650 0.001942 0.001942 
0.791935 0.001613 0.001613 0.001613 0.001613 0.025806 0.001613 0.001613 0.041935 0.130645 
0.001064 0.001064 0.006383 0.511702 0.048936 0.001064 0.155319 0.017021 0.001064 0.256383 
0.205825 0.176699 0.060194 0.001942 0.001942 0.001942 0.448544 0.001942 0.099029 0.001942 
0.013174 0.288623 0.001198 0.001198 0.001198 0.001198 0.588024 0.001198 0.085030 0.019162 
0.481250 0.002083 0.002083 0.002083 0.012500 0.002083 0.231250 0.002083 0.002083 0.262500 
0.736364 0.046970 0.001515 0.001515 0.001515 0.009091 0.084848 0.001515 0.001515 0.115152 
0.001481 0.008889 0.001481 0.001481 0.120000 0.008889 0.001481 0.038519 0.682963 0.134815 
0.001333 0.014667 0.001333 0.001333 0.714667 0.121333 0.141333 0.001333 0.001333 0.001333 
0.001361 0.001361 0.001361 0.008163 0.001361 0.008163 0.804082 0.008163 0.001361 0.164626 
0.019876 0.001242 0.001242 0.001242 0.361491 0.001242 0.001242 0.001242 0.001242 0.609938 
0.001449 0.001449 0.008696 0.001449 0.102899 0.001449 0.001449 0.001449 0.008696 0.871014 
0.057746 0.001408 0.325352 0.015493 0.001408 0.008451 0.001408 0.022535 0.163380 0.402817 
0.005505 0.000917 0.000917 0.000917 0.000917 0.000917 0.638532 0.000917 0.000917 0.349541 
0.001449 0.008696 0.001449 0.088406 0.102899 0.001449 0.001449 0.131884 0.052174 0.610145 
0.002083 0.002083 0.002083 0.002083 0.116667 0.002083 0.752083 0.012500 0.002083 0.106250 
0.110078 0.001550 0.001550 0.001550 0.086822 0.001550 0.001550 0.412403 0.249612 0.133333 
0.001639 0.001639 0.001639 0.140984 0.116393 0.001639 0.231148 0.124590 0.173770 0.206557 
0.305600 0.001600 0.001600 0.001600 0.233600 0.001600 0.001600 0.129600 0.321600 0.001600 
0.329204 0.001770 0.240708 0.001770 0.001770 0.001770 0.001770 0.001770 0.373451 0.046018 
0.066667 0.001307 0.001307 0.001307 0.145098 0.007843 0.158170 0.033987 0.001307 0.583007 
0.019632 0.001227 0.001227 0.019632 0.436810 0.013497 0.001227 0.185276 0.007362 0.314110 
0.117419 0.001290 0.001290 0.001290 0.504516 0.001290 0.001290 0.001290 0.001290 0.369032 
0.315183 0.001047 0.336126 0.001047 0.001047 0.001047 0.137173 0.001047 0.200000 0.006283 
0.364835 0.156044 0.002198 0.002198 0.441758 0.002198 0.013187 0.002198 0.002198 0.013187 
0.001212 0.273939 0.001212 0.292121 0.231515 0.007273 0.013333 0.001212 0.176970 0.001212 
0.470213 0.310638 0.002128 0.002128 0.002128 0.002128 0.161702 0.002128 0.044681 0.002128 
0.155128 0.071795 0.001282 0.014103 0.001282 0.443590 0.232051 0.001282 0.001282 0.078205 
0.081752 0.410219 0.016058 0.089051 0.001460 0.278832 0.008759 0.001460 0.016058 0.096350 
0.001258 0.007547 0.001258 0.001258 0.001258 0.171069 0.240252 0.095597 0.428931 0.051572 
0.001852 0.001852 0.020370 0.001852 0.066667 0.724074 0.140741 0.001852 0.038889 0.001852 
0.465946 0.001081 0.001081 0.055135 0.006486 0.374054 0.044324 0.038919 0.001081 0.011892 
0.428070 0.217544 0.001170 0.001170 0.135673 0.159064 0.001170 0.001170 0.053801 0.001170 
0.014966 0.001361 0.008163 0.001361 0.729252 0.001361 0.076190 0.008163 0.157823 0.001361 
0.011429 0.230476 0.001905 0.040000 0.020952 0.125714 0.468571 0.001905 0.097143 0.001905 
0.017978 0.158427 0.001124 0.001124 0.034831 0.231461 0.085393 0.001124 0.293258 0.175281 
0.078846 0.001923 0.030769 0.011538 0.001923 0.511538 0.001923 0.059615 0.251923 0.050000 
0.104274 0.147009 0.001709 0.018803 0.471795 0.035897 0.001709 0.010256 0.206838 0.001709 
0.073054 0.001198 0.001198 0.001198 0.162874 0.013174 0.001198 0.001198 0.743713 0.001198 
0.017877 0.006704 0.045810 0.023464 0.001117 0.157542 0.001117 0.001117 0.364246 0.381006 
0.010435 0.019130 0.001739 0.010435 0.001739 0.288696 0.636522 0.001739 0.027826 0.001739 
0.153623 0.037681 0.001449 0.015942 0.197101 0.479710 0.081159 0.008696 0.023188 0.001449 
0.001600 0.417600 0.305600 0.001600 0.057600 0.001600 0.025600 0.001600 0.185600 0.001600 
0.001538 0.001538 0.001538 0.001538 0.001538 0.978462 0.001538 0.009231 0.001538 0.001538 
0.001626 0.156098 0.009756 0.139837 0.180488 0.066667 0.034146 0.001626 0.302439 0.107317 
0.002564 0.002564 0.028205 0.002564 0.002564 0.041026 0.002564 0.323077 0.592308 0.002564 
0.672603 0.001370 0.001370 0.001370 0.083562 0.234247 0.001370 0.001370 0.001370 0.001370 
0.064567 0.166929 0.001575 0.009449 0.119685 0.481890 0.143307 0.001575 0.001575 0.009449 
0.150575 0.265517 0.064368 0.127586 0.104598 0.213793 0.001149 0.001149 0.001149 0.070115 
0.486857 0.012571 0.001143 0.001143 0.001143 0.058286 0.006857 0.006857 0.126857 0.298286 
0.001887 0.190566 0.001887 0.001887 0.011321 0.011321 0.700000 0.077358 0.001887 0.001887 
0.001379 0.173793 0.277241 0.015172 0.001379 0.194483 0.084138 0.001379 0.249655 0.001379 
0.001724 0.260345 0.139655 0.156897 0.191379 0.148276 0.001724 0.010345 0.018966 0.070690 
0.014634 0.002439 0.002439 0.002439 0.002439 0.002439 0.490244 0.002439 0.282927 0.197561 
0.059048 0.001905 0.001905 0.373333 0.001905 0.325714 0.211429 0.001905 0.011429 0.011429 
0.001325 0.200000 0.319205 0.120530 0.001325 0.014570 0.021192 0.001325 0.319205 0.001325 
0.001770 0.001770 0.001770 0.046018 0.001770 0.736283 0.169912 0.010619 0.028319 0.001770 
0.009449 0.009449 0.001575 0.009449 0.434646 0.001575 0.096063 0.001575 0.119685 0.316535 
0.064198 0.471605 0.002469 0.014815 0.088889 0.002469 0.002469 0.002469 0.348148 0.002469 
0.001242 0.001242 0.001242 0.001242 0.057143 0.001242 0.324224 0.007453 0.603727 0.001242 
0.036686 0.007101 0.001183 0.172781 0.001183 0.740828 0.001183 0.030769 0.007101 0.001183 
0.002083 0.002083 0.002083 0.012500 0.012500 0.897917 0.064583 0.002083 0.002083 0.002083 
0.001961 0.149020 0.001961 0.041176 0.001961 0.707843 0.050980 0.001961 0.041176 0.001961 
0.001770 0.010619 0.001770 0.001770 0.001770 0.001770 0.001770 0.240708 0.178761 0.559292 
0.001527 0.001527 0.001527 0.001527 0.253435 0.001527 0.001527 0.001527 0.512977 0.222901 
0.055782 0.001361 0.001361 0.042177 0.123810 0.001361 0.001361 0.001361 0.327891 0.443537 
0.017600 0.001600 0.001600 0.001600 0.097600 0.001600 0.001600 0.017600 0.001600 0.857600 
0.112088 0.002198 0.002198 0.002198 0.002198 0.002198 0.002198 0.716484 0.002198 0.156044 
0.019643 0.010714 0.001786 0.019643 0.001786 0.001786 0.001786 0.064286 0.001786 0.876786 
0.010435 0.071304 0.001739 0.088696 0.027826 0.019130 0.001739 0.775652 0.001739 0.001739 
0.001149 0.001149 0.001149 0.047126 0.248276 0.363218 0.001149 0.156322 0.001149 0.179310 
0.001905 0.001905 0.592381 0.001905 0.011429 0.001905 0.001905 0.049524 0.001905 0.335238 
0.028378 0.001351 0.001351 0.001351 0.001351 0.001351 0.136486 0.048649 0.008108 0.771622 
0.001980 0.001980 0.001980 0.001980 0.051485 0.001980 0.001980 0.873267 0.001980 0.061386 
0.002000 0.002000 0.002000 0.012000 0.082000 0.002000 0.002000 0.202000 0.122000 0.572000 
0.002062 0.002062 0.002062 0.002062 0.373196 0.002062 0.012371 0.002062 0.002062 0.600000 
0.002020 0.012121 0.002020 0.002020 0.496970 0.002020 0.002020 0.133333 0.002020 0.345455 
0.001563 0.110937 0.001563 0.001563 0.189062 0.032813 0.009375 0.001563 0.392188 0.259375 
0.001481 0.001481 0.001481 0.031111 0.082963 0.001481 0.001481 0.001481 0.001481 0.875556 
0.095312 0.009375 0.009375 0.009375 0.009375 0.017188 0.181250 0.001563 0.001563 0.665625 
0.007143 0.013095 0.001190 0.001190 0.048810 0.001190 0.036905 0.036905 0.001190 0.852381 
0.010084 0.001681 0.001681 0.001681 0.094118 0.001681 0.001681 0.388235 0.026891 0.472269 
0.001527 0.001527 0.001527 0.001527 0.032061 0.001527 0.001527 0.146565 0.429008 0.383206 
0.001550 0.032558 0.001550 0.009302 0.001550 0.001550 0.195349 0.001550 0.001550 0.753488 
0.001563 0.001563 0.001563 0.079687 0.376563 0.001563 0.181250 0.001563 0.009375 0.345313 
0.001835 0.001835 0.001835 0.001835 0.726606 0.001835 0.001835 0.001835 0.020183 0.240367 
0.001299 0.001299 0.001299 0.014286 0.507792 0.001299 0.001299 0.001299 0.001299 0.468831 
0.452747 0.035165 0.002198 0.035165 0.178022 0.013187 0.013187 0.002198 0.002198 0.265934 
0.019469 0.001770 0.001770 0.037168 0.001770 0.001770 0.001770 0.647788 0.010619 0.276106 
0.028378 0.035135 0.001351 0.001351 0.028378 0.001351 0.386486 0.028378 0.008108 0.481081 
0.332110 0.001835 0.001835 0.047706 0.020183 0.001835 0.001835 0.029358 0.157798 0.405505 
0.001538 0.001538 0.009231 0.009231 0.270769 0.001538 0.001538 0.370769 0.001538 0.332308 
0.192366 0.001527 0.001527 0.024427 0.215267 0.001527 0.001527 0.001527 0.001527 0.558779 
0.025197 0.001575 0.001575 0.072441 0.001575 0.048819 0.001575 0.828346 0.017323 0.001575 
0.151724 0.002299 0.025287 0.220690 0.002299 0.002299 0.013793 0.002299 0.002299 0.577011 
0.012632 0.002105 0.002105 0.012632 0.286316 0.002105 0.033684 0.002105 0.023158 0.623158 
0.001527 0.001527 0.001527 0.001527 0.100763 0.001527 0.169466 0.436641 0.001527 0.283969 
0.001563 0.001563 0.001563 0.001563 0.446875 0.157812 0.001563 0.071875 0.150000 0.165625 
0.001653 0.009917 0.001653 0.001653 0.042975 0.001653 0.001653 0.009917 0.522314 0.406612 
0.222901 0.016794 0.001527 0.054962 0.100763 0.108397 0.009160 0.215267 0.268702 0.001527 
0.001538 0.001538 0.001538 0.001538 0.286154 0.101538 0.255385 0.009231 0.340000 0.001538 
0.150000 0.001563 0.001563 0.001563 0.001563 0.001563 0.009375 0.001563 0.001563 0.829688 
0.001227 0.001227 0.001227 0.001227 0.001227 0.001227 0.001227 0.068712 0.737423 0.185276 
0.146377 0.001449 0.015942 0.001449 0.001449 0.001449 0.001449 0.015942 0.001449 0.813043 
0.107500 0.007500 0.001250 0.001250 0.001250 0.001250 0.007500 0.001250 0.045000 0.826250 
0.001351 0.001351 0.008108 0.001351 0.001351 0.001351 0.116216 0.008108 0.001351 0.859459 
0.001653 0.018182 0.224793 0.018182 0.001653 0.001653 0.001653 0.001653 0.117355 0.613223 
0.110000 0.018333 0.001667 0.018333 0.001667 0.010000 0.285000 0.001667 0.001667 0.551667 
0.190566 0.115094 0.001887 0.001887 0.001887 0.020755 0.473585 0.001887 0.001887 0.190566 
0.076596 0.002128 0.087234 0.012766 0.002128 0.002128 0.002128 0.002128 0.012766 0.800000 
0.009375 0.001563 0.064062 0.001563 0.009375 0.001563 0.001563 0.048438 0.001563 0.860938 
0.129231 0.001026 0.001026 0.001026 0.001026 0.001026 0.175385 0.047179 0.001026 0.642051 
0.133824 0.001471 0.016176 0.001471 0.001471 0.001471 0.825000 0.001471 0.001471 0.016176 
0.001130 0.001130 0.001130 0.012429 0.001130 0.001130 0.650847 0.006780 0.001130 0.323164 
0.001333 0.001333 0.001333 0.008000 0.021333 0.001333 0.394667 0.014667 0.141333 0.414667 
0.446715 0.016058 0.008759 0.001460 0.001460 0.001460 0.001460 0.059854 0.001460 0.461314 
0.001183 0.001183 0.001183 0.001183 0.072189 0.001183 0.007101 0.001183 0.166864 0.746746 
0.016058 0.001460 0.001460 0.001460 0.001460 0.001460 0.461314 0.001460 0.008759 0.505109 
0.001481 0.001481 0.001481 0.001481 0.001481 0.001481 0.357037 0.001481 0.001481 0.631111 
0.001183 0.001183 0.001183 0.249704 0.030769 0.001183 0.107692 0.001183 0.220118 0.385799 
0.139080 0.167816 0.001149 0.001149 0.001149 0.001149 0.621839 0.001149 0.006897 0.058621 
0.001307 0.001307 0.001307 0.001307 0.243137 0.001307 0.001307 0.354248 0.086275 0.308497 
0.009160 0.001527 0.001527 0.001527 0.406107 0.009160 0.566412 0.001527 0.001527 0.001527 
0.316129 0.340323 0.179032 0.001613 0.025806 0.001613 0.106452 0.001613 0.001613 0.025806 
0.246358 0.001325 0.001325 0.001325 0.001325 0.001325 0.001325 0.014570 0.166887 0.564238 
0.001266 0.001266 0.007595 0.001266 0.001266 0.001266 0.836709 0.007595 0.001266 0.140506 
0.007742 0.033548 0.007742 0.020645 0.001290 0.110968 0.001290 0.001290 0.491613 0.323871 
0.251389 0.001389 0.022222 0.001389 0.001389 0.001389 0.001389 0.001389 0.195833 0.522222 
0.100709 0.001418 0.001418 0.001418 0.001418 0.001418 0.001418 0.022695 0.228369 0.639716 
0.140782 0.084916 0.001117 0.006704 0.001117 0.001117 0.241341 0.001117 0.001117 0.520670 
0.344444 0.381481 0.001852 0.011111 0.001852 0.038889 0.001852 0.001852 0.001852 0.214815 
0.025600 0.001600 0.105600 0.001600 0.025600 0.001600 0.001600 0.257600 0.057600 0.521600 
0.073494 0.007229 0.001205 0.410843 0.001205 0.001205 0.001205 0.001205 0.007229 0.495181 
0.001235 0.180247 0.439506 0.001235 0.001235 0.001235 0.241975 0.087654 0.044444 0.001235 
0.001980 0.001980 0.398020 0.001980 0.011881 0.001980 0.100990 0.001980 0.001980 0.477228 
0.143307 0.001575 0.143307 0.025197 0.544882 0.001575 0.001575 0.001575 0.001575 0.135433 
0.113333 0.002222 0.191111 0.002222 0.002222 0.002222 0.002222 0.191111 0.235556 0.257778 
0.076301 0.006936 0.596532 0.001156 0.209249 0.006936 0.018497 0.001156 0.001156 0.082081 
0.023704 0.001481 0.223704 0.001481 0.438519 0.001481 0.297778 0.008889 0.001481 0.001481 
0.402105 0.002105 0.496842 0.002105 0.012632 0.002105 0.075789 0.002105 0.002105 0.002105 
0.296403 0.044604 0.339568 0.001439 0.001439 0.001439 0.001439 0.001439 0.008633 0.303597 
0.001739 0.001739 0.523478 0.001739 0.210435 0.001739 0.001739 0.001739 0.010435 0.245217 
0.001274 0.007643 0.192357 0.007643 0.389809 0.001274 0.001274 0.007643 0.001274 0.389809 
0.001361 0.205442 0.402721 0.001361 0.001361 0.164626 0.076190 0.028571 0.117007 0.001361 
0.001587 0.001587 0.247619 0.001587 0.565079 0.001587 0.009524 0.001587 0.001587 0.168254 
0.001575 0.017323 0.355906 0.001575 0.040945 0.001575 0.001575 0.001575 0.127559 0.450394 
0.001361 0.001361 0.477551 0.008163 0.014966 0.164626 0.001361 0.001361 0.321088 0.008163 
0.001408 0.008451 0.163380 0.001408 0.092958 0.001408 0.001408 0.001408 0.001408 0.726761 
0.018033 0.001639 0.263934 0.001639 0.468852 0.001639 0.059016 0.001639 0.009836 0.173770 
0.001087 0.028261 0.658696 0.001087 0.055435 0.006522 0.001087 0.131522 0.115217 0.001087 
0.007843 0.001307 0.001307 0.001307 0.020915 0.001307 0.197386 0.694118 0.001307 0.073203 
0.669822 0.001183 0.089941 0.001183 0.001183 0.001183 0.001183 0.231953 0.001183 0.001183 
0.010345 0.001724 0.225862 0.001724 0.191379 0.001724 0.001724 0.381034 0.001724 0.182759 
0.010345 0.001724 0.337931 0.001724 0.277586 0.001724 0.001724 0.268966 0.001724 0.096552 
0.028571 0.001361 0.008163 0.001361 0.001361 0.008163 0.001361 0.055782 0.817687 0.076190 
0.001653 0.001653 0.001653 0.001653 0.076033 0.001653 0.009917 0.646281 0.009917 0.249587 
0.009677 0.017742 0.001613 0.001613 0.388710 0.251613 0.001613 0.001613 0.001613 0.324194 
0.232632 0.016842 0.395789 0.001053 0.080000 0.001053 0.190526 0.001053 0.001053 0.080000 
0.001709 0.001709 0.112821 0.001709 0.104274 0.001709 0.001709 0.591453 0.001709 0.181197 
0.374667 0.001333 0.268000 0.001333 0.141333 0.001333 0.001333 0.014667 0.001333 0.194667 
0.345600 0.001600 0.369600 0.097600 0.001600 0.001600 0.001600 0.017600 0.001600 0.161600 
0.013483 0.013483 0.193258 0.002247 0.103371 0.013483 0.058427 0.552809 0.002247 0.047191 
0.343421 0.001316 0.060526 0.001316 0.001316 0.007895 0.021053 0.007895 0.218421 0.336842 
0.469714 0.012571 0.258286 0.001143 0.035429 0.001143 0.001143 0.132571 0.006857 0.081143 
0.640000 0.001905 0.325714 0.020952 0.001905 0.001905 0.001905 0.001905 0.001905 0.001905 
0.375510 0.001361 0.035374 0.021769 0.069388 0.001361 0.001361 0.246259 0.001361 0.246259 
0.037410 0.001439 0.087770 0.001439 0.008633 0.015827 0.001439 0.174101 0.576978 0.094964 
0.080000 0.001739 0.236522 0.001739 0.114783 0.001739 0.001739 0.549565 0.001739 0.010435 
0.001852 0.001852 0.279630 0.001852 0.511111 0.001852 0.020370 0.001852 0.001852 0.177778 
0.002326 0.013953 0.002326 0.002326 0.002326 0.002326 0.060465 0.002326 0.525581 0.386047 
0.337063 0.001399 0.008392 0.001399 0.057343 0.001399 0.267133 0.001399 0.295105 0.029371 
0.083562 0.001370 0.206849 0.001370 0.001370 0.158904 0.001370 0.357534 0.186301 0.001370 
0.001370 0.001370 0.001370 0.001370 0.097260 0.001370 0.001370 0.652055 0.001370 0.241096 
0.001504 0.001504 0.001504 0.001504 0.039098 0.016541 0.031579 0.587970 0.144361 0.174436 
0.001333 0.001333 0.001333 0.008000 0.021333 0.008000 0.241333 0.001333 0.001333 0.714667 
0.002105 0.012632 0.002105 0.749474 0.002105 0.138947 0.002105 0.002105 0.086316 0.002105 
0.001754 0.133333 0.001754 0.536842 0.028070 0.001754 0.001754 0.001754 0.282456 0.010526 
0.188618 0.001626 0.009756 0.074797 0.082927 0.001626 0.139837 0.001626 0.017886 0.481301 
0.001550 0.001550 0.001550 0.482171 0.009302 0.001550 0.148837 0.001550 0.001550 0.350388 
0.093578 0.001835 0.102752 0.341284 0.166972 0.111927 0.102752 0.011009 0.029358 0.038532 
0.014379 0.001307 0.007843 0.850980 0.007843 0.099346 0.001307 0.014379 0.001307 0.001307 
0.001299 0.040260 0.001299 0.124675 0.059740 0.767532 0.001299 0.001299 0.001299 0.001299 
0.001449 0.044928 0.023188 0.639130 0.001449 0.284058 0.001449 0.001449 0.001449 0.001449 
0.332110 0.001835 0.001835 0.442202 0.212844 0.001835 0.001835 0.001835 0.001835 0.001835 
0.001942 0.079612 0.001942 0.157282 0.176699 0.380583 0.186408 0.001942 0.011650 0.001942 
0.042466 0.001370 0.001370 0.604110 0.001370 0.275342 0.069863 0.001370 0.001370 0.001370 
0.169600 0.001600 0.001600 0.449600 0.001600 0.001600 0.009600 0.009600 0.041600 0.313600 
0.001835 0.001835 0.011009 0.708257 0.001835 0.203670 0.001835 0.001835 0.066055 0.001835 
0.001481 0.001481 0.260741 0.349630 0.045926 0.305185 0.001481 0.001481 0.023704 0.008889 
0.058599 0.007643 0.166879 0.650955 0.052229 0.058599 0.001274 0.001274 0.001274 0.001274 
0.001439 0.058993 0.001439 0.145324 0.001439 0.785612 0.001439 0.001439 0.001439 0.001439 
0.001220 0.050000 0.226829 0.452439 0.007317 0.135366 0.001220 0.001220 0.001220 0.123171 
0.001626 0.001626 0.001626 0.798374 0.009756 0.026016 0.131707 0.009756 0.017886 0.001626 
0.010811 0.001802 0.010811 0.551351 0.055856 0.001802 0.317117 0.010811 0.037838 0.001802 
0.028829 0.010811 0.281081 0.488288 0.001802 0.001802 0.082883 0.010811 0.091892 0.001802 
0.055385 0.001538 0.001538 0.555385 0.001538 0.009231 0.293846 0.009231 0.001538 0.070769 
0.100826 0.001653 0.001653 0.646281 0.001653 0.009917 0.191736 0.001653 0.001653 0.042975 
0.018497 0.053179 0.018497 0.371098 0.001156 0.394220 0.012717 0.047399 0.082081 0.001156 
0.001290 0.027097 0.298065 0.556129 0.001290 0.001290 0.007742 0.001290 0.085161 0.020645 
0.001538 0.009231 0.009231 0.840000 0.001538 0.001538 0.132308 0.001538 0.001538 0.001538 
0.001235 0.001235 0.069136 0.859259 0.007407 0.007407 0.001235 0.001235 0.044444 0.007407 
0.001325 0.246358 0.001325 0.001325 0.007947 0.001325 0.418543 0.299338 0.001325 0.021192 
0.007742 0.072258 0.020645 0.001290 0.652903 0.001290 0.001290 0.020645 0.207742 0.014194 
0.001333 0.028000 0.001333 0.014667 0.014667 0.021333 0.021333 0.201333 0.008000 0.688000 
0.001739 0.001739 0.001739 0.001739 0.001739 0.019130 0.001739 0.610435 0.036522 0.323478 
0.039394 0.046970 0.251515 0.440909 0.084848 0.009091 0.001515 0.107576 0.001515 0.016667 
0.001274 0.064968 0.026752 0.001274 0.001274 0.262420 0.154140 0.115924 0.370701 0.001274 
0.082500 0.001250 0.020000 0.001250 0.170000 0.007500 0.001250 0.076250 0.463750 0.176250 
0.014379 0.001307 0.001307 0.001307 0.001307 0.007843 0.001307 0.001307 0.066667 0.903268 
0.012121 0.002020 0.002020 0.002020 0.234343 0.002020 0.002020 0.163636 0.092929 0.486869 
0.000966 0.000966 0.029952 0.000966 0.000966 0.000966 0.527536 0.000966 0.000966 0.435749 
0.019643 0.126786 0.001786 0.001786 0.001786 0.126786 0.108929 0.171429 0.439286 0.001786 
0.013095 0.001190 0.013095 0.001190 0.001190 0.001190 0.001190 0.590476 0.001190 0.376190 
0.001418 0.001418 0.001418 0.015603 0.001418 0.001418 0.001418 0.838298 0.079433 0.058156 
0.001449 0.001449 0.001449 0.001449 0.363768 0.001449 0.015942 0.023188 0.001449 0.588406 
0.001316 0.001316 0.007895 0.001316 0.001316 0.001316 0.001316 0.139474 0.001316 0.843421 
0.024806 0.009302 0.017054 0.001550 0.001550 0.009302 0.365891 0.001550 0.001550 0.567442 
0.002000 0.152000 0.002000 0.002000 0.002000 0.132000 0.002000 0.002000 0.412000 0.292000 
0.008392 0.113287 0.022378 0.134266 0.001399 0.001399 0.001399 0.246154 0.358042 0.113287 
0.001333 0.021333 0.008000 0.048000 0.101333 0.001333 0.068000 0.028000 0.001333 0.721333 
0.001449 0.001449 0.001449 0.001449 0.001449 0.001449 0.073913 0.494203 0.001449 0.421739 
0.195522 0.001493 0.053731 0.001493 0.046269 0.001493 0.001493 0.568657 0.023881 0.105970 
0.271053 0.001316 0.073684 0.001316 0.001316 0.001316 0.007895 0.323684 0.001316 0.317105 
0.001316 0.086842 0.034211 0.001316 0.001316 0.001316 0.027632 0.034211 0.100000 0.711842 
0.001227 0.019632 0.492025 0.007362 0.093252 0.001227 0.001227 0.326380 0.007362 0.050307 
0.008633 0.001439 0.001439 0.001439 0.001439 0.001439 0.008633 0.145324 0.001439 0.828777 
0.258108 0.001351 0.001351 0.143243 0.001351 0.001351 0.183784 0.379730 0.001351 0.028378 
0.001361 0.001361 0.001361 0.001361 0.559184 0.001361 0.048980 0.001361 0.171429 0.212245 
0.001316 0.001316 0.001316 0.093421 0.001316 0.073684 0.001316 0.001316 0.001316 0.823684 
0.001212 0.001212 0.013333 0.001212 0.007273 0.001212 0.067879 0.043636 0.740606 0.122424 
0.013953 0.002326 0.002326 0.002326 0.002326 0.002326 0.002326 0.525581 0.200000 0.246512 
0.001493 0.001493 0.001493 0.016418 0.001493 0.076119 0.314925 0.501493 0.083582 0.001493 
0.001266 0.096203 0.203797 0.001266 0.001266 0.001266 0.260759 0.001266 0.058228 0.374684 
0.147967 0.001626 0.001626 0.009756 0.001626 0.115447 0.001626 0.156098 0.367480 0.196748 
0.095652 0.218841 0.001449 0.313043 0.037681 0.153623 0.001449 0.168116 0.001449 0.008696 
0.001170 0.001170 0.088889 0.001170 0.445614 0.001170 0.100585 0.200000 0.018713 0.141520 
0.160000 0.001667 0.001667 0.001667 0.001667 0.043333 0.176667 0.093333 0.001667 0.518333 
0.001156 0.070520 0.035838 0.151445 0.012717 0.278613 0.105202 0.336416 0.006936 0.001156 
0.026891 0.010084 0.001681 0.136134 0.329412 0.262185 0.001681 0.001681 0.228571 0.001681 
0.105600 0.001600 0.001600 0.257600 0.001600 0.001600 0.001600 0.105600 0.001600 0.521600 
0.002041 0.114286 0.063265 0.093878 0.002041 0.002041 0.002041 0.655102 0.063265 0.002041 
0.001342 0.001342 0.001342 0.001342 0.357047 0.008054 0.001342 0.001342 0.148993 0.477852 
0.016176 0.001471 0.008824 0.082353 0.001471 0.060294 0.001471 0.413235 0.001471 0.413235 
0.001408 0.001408 0.085915 0.107042 0.001408 0.191549 0.078873 0.494366 0.001408 0.036620 
0.153030 0.001515 0.062121 0.312121 0.100000 0.100000 0.031818 0.175758 0.001515 0.062121 
0.001739 0.010435 0.201739 0.549565 0.019130 0.001739 0.001739 0.001739 0.019130 0.193043 
0.842857 0.016327 0.072449 0.001020 0.006122 0.036735 0.016327 0.001020 0.001020 0.006122 
0.044720 0.001242 0.436025 0.001242 0.063354 0.094410 0.355280 0.001242 0.001242 0.001242 
0.211465 0.007643 0.052229 0.001274 0.147771 0.154140 0.001274 0.001274 0.001274 0.421656 
0.228788 0.024242 0.001515 0.031818 0.168182 0.115152 0.425758 0.001515 0.001515 0.001515 
0.001111 0.084444 0.095556 0.001111 0.001111 0.006667 0.001111 0.523333 0.001111 0.284444 
0.001124 0.001124 0.001124 0.001124 0.001124 0.001124 0.512360 0.040449 0.001124 0.439326 
0.158904 0.008219 0.001370 0.001370 0.001370 0.001370 0.158904 0.330137 0.001370 0.336986 
