0.13118279569892471 0.6043010752688173 0.002150537634408602 0.002150537634408602 0.2172043010752688 0.002150537634408602 0.012903225806451613 0.002150537634408602 0.023655913978494626 0.002150537634408602 
0.25636363636363635 0.10181818181818181 0.13818181818181818 0.0018181818181818182 0.06545454545454546 0.32 0.09272727272727273 0.0018181818181818182 0.0018181818181818182 0.02 
0.002564102564102564 0.02820512820512821 0.002564102564102564 0.002564102564102564 0.002564102564102564 0.002564102564102564 0.002564102564102564 0.002564102564102564 0.9 0.05384615384615385 
0.042105263157894736 0.028947368421052635 0.3447368421052632 0.002631578947368421 0.028947368421052635 0.09473684210526316 0.35789473684210527 0.042105263157894736 0.002631578947368421 0.05526315789473685 
0.034375 0.003125 0.08125 0.003125 0.003125 0.01875 0.815625 0.034375 0.003125 0.003125 
0.00202020202020202 0.15353535353535352 0.012121212121212121 0.04242424242424243 0.012121212121212121 0.00202020202020202 0.34545454545454546 0.00202020202020202 0.4161616161616162 0.012121212121212121 
0.0017094017094017094 0.0017094017094017094 0.0017094017094017094 0.0017094017094017094 0.044444444444444446 0.676923076923077 0.0017094017094017094 0.010256410256410256 0.0017094017094017094 0.2581196581196581 
0.002702702702702703 0.08378378378378379 0.4486486486486487 0.36756756756756753 0.002702702702702703 0.05675675675675676 0.002702702702702703 0.002702702702702703 0.02972972972972973 0.002702702702702703 
0.004166666666666667 0.08750000000000001 0.10833333333333334 0.004166666666666667 0.004166666666666667 0.04583333333333334 0.004166666666666667 0.004166666666666667 0.004166666666666667 0.7333333333333334 
0.001639344262295082 0.042622950819672135 0.06721311475409836 0.001639344262295082 0.03442622950819672 0.001639344262295082 0.3377049180327869 0.001639344262295082 0.042622950819672135 0.46885245901639344 
0.0035087719298245615 0.47719298245614034 0.10877192982456141 0.0035087719298245615 0.19649122807017544 0.0035087719298245615 0.021052631578947368 0.0035087719298245615 0.17894736842105263 0.0035087719298245615 
0.002666666666666667 0.24266666666666667 0.056 0.002666666666666667 0.002666666666666667 0.002666666666666667 0.002666666666666667 0.16266666666666665 0.5093333333333334 0.016 
0.11789473684210526 0.002105263157894737 0.12842105263157894 0.002105263157894737 0.002105263157894737 0.002105263157894737 0.17052631578947366 0.002105263157894737 0.10736842105263157 0.4652631578947369 
0.0712871287128713 0.011881188118811881 0.10099009900990098 0.011881188118811881 0.031683168316831684 0.7445544554455445 0.0019801980198019802 0.0019801980198019802 0.021782178217821784 0.0019801980198019802 
0.0022222222222222222 0.035555555555555556 0.0022222222222222222 0.04666666666666667 0.0022222222222222222 0.04666666666666667 0.013333333333333332 0.7022222222222223 0.0911111111111111 0.05777777777777778 
0.016666666666666666 0.2111111111111111 0.002777777777777778 0.002777777777777778 0.058333333333333334 0.002777777777777778 0.002777777777777778 0.002777777777777778 0.6972222222222223 0.002777777777777778 
0.0025974025974025974 0.0025974025974025974 0.6519480519480519 0.0025974025974025974 0.0025974025974025974 0.08051948051948052 0.0025974025974025974 0.0025974025974025974 0.22337662337662337 0.028571428571428574 
0.0022471910112359553 0.0022471910112359553 0.6764044943820225 0.148314606741573 0.02471910112359551 0.10337078651685393 0.01348314606741573 0.02471910112359551 0.0022471910112359553 0.0022471910112359553 
0.0018018018018018018 0.24504504504504504 0.06486486486486487 0.0018018018018018018 0.0018018018018018018 0.0018018018018018018 0.4522522522522523 0.0018018018018018018 0.0018018018018018018 0.227027027027027 
0.034408602150537634 0.5935483870967743 0.002150537634408602 0.023655913978494626 0.002150537634408602 0.002150537634408602 0.012903225806451613 0.002150537634408602 0.3032258064516129 0.023655913978494626 
0.002150537634408602 0.17419354838709677 0.389247311827957 0.023655913978494626 0.2172043010752688 0.012903225806451613 0.06666666666666667 0.04516129032258065 0.034408602150537634 0.034408602150537634 
0.0019230769230769232 0.21346153846153845 0.22307692307692306 0.0019230769230769232 0.16538461538461538 0.0019230769230769232 0.0019230769230769232 0.0019230769230769232 0.10769230769230768 0.28076923076923077 
0.0020833333333333333 0.012499999999999999 0.0020833333333333333 0.11666666666666665 0.06458333333333334 0.06458333333333334 0.24166666666666667 0.0020833333333333333 0.3979166666666667 0.09583333333333333 
0.0014814814814814816 0.6903703703703704 0.05333333333333334 0.0014814814814814816 0.14222222222222222 0.023703703703703706 0.0014814814814814816 0.0014814814814814816 0.08296296296296296 0.0014814814814814816 
0.001724137931034483 0.06206896551724138 0.08793103448275862 0.001724137931034483 0.001724137931034483 0.7172413793103448 0.010344827586206896 0.09655172413793103 0.018965517241379314 0.001724137931034483 
0.11272727272727273 0.0036363636363636364 0.0036363636363636364 0.5854545454545456 0.24 0.0036363636363636364 0.0036363636363636364 0.0036363636363636364 0.0036363636363636364 0.04 
0.010526315789473684 0.14210526315789473 0.15087719298245614 0.0017543859649122807 0.054385964912280704 0.5368421052631579 0.010526315789473684 0.01929824561403509 0.0017543859649122807 0.0719298245614035 
0.0025974025974025974 0.13246753246753246 0.0025974025974025974 0.0025974025974025974 0.10649350649350649 0.11948051948051946 0.0025974025974025974 0.34025974025974026 0.2753246753246753 0.015584415584415584 
0.1108108108108108 0.002702702702702703 0.002702702702702703 0.002702702702702703 0.002702702702702703 0.08378378378378379 0.002702702702702703 0.002702702702702703 0.043243243243243246 0.745945945945946 
0.096 0.002666666666666667 0.002666666666666667 0.18933333333333333 0.5760000000000001 0.002666666666666667 0.016 0.04266666666666667 0.056 0.016 
0.0019047619047619048 0.7828571428571429 0.020952380952380955 0.011428571428571429 0.0019047619047619048 0.020952380952380955 0.0019047619047619048 0.0019047619047619048 0.0019047619047619048 0.15428571428571428 
0.0030303030303030303 0.2303030303030303 0.0030303030303030303 0.01818181818181818 0.09393939393939395 0.09393939393939395 0.0030303030303030303 0.0030303030303030303 0.5484848484848486 0.0030303030303030303 
0.09010989010989011 0.002197802197802198 0.013186813186813187 0.024175824175824177 0.002197802197802198 0.046153846153846156 0.046153846153846156 0.002197802197802198 0.002197802197802198 0.7714285714285715 
0.0368421052631579 0.08947368421052632 0.22105263157894736 0.0017543859649122807 0.0017543859649122807 0.5017543859649123 0.0807017543859649 0.0017543859649122807 0.01929824561403509 0.0456140350877193 
0.001724137931034483 0.10517241379310344 0.12241379310344827 0.010344827586206896 0.010344827586206896 0.001724137931034483 0.18275862068965518 0.010344827586206896 0.3896551724137931 0.16551724137931034 
0.0024390243902439024 0.0024390243902439024 0.0024390243902439024 0.0024390243902439024 0.0024390243902439024 0.06341463414634146 0.014634146341463414 0.014634146341463414 0.014634146341463414 0.8804878048780488 
0.0036363636363636364 0.0036363636363636364 0.0036363636363636364 0.0036363636363636364 0.05818181818181818 0.0036363636363636364 0.0036363636363636364 0.0036363636363636364 0.0036363636363636364 0.9127272727272728 
0.003125 0.003125 0.096875 0.003125 0.003125 0.003125 0.690625 0.003125 0.003125 0.190625 
0.0017857142857142859 0.7517857142857143 0.0017857142857142859 0.019642857142857146 0.12678571428571428 0.09107142857142857 0.0017857142857142859 0.0017857142857142859 0.0017857142857142859 0.0017857142857142859 
0.05238095238095238 0.1 0.33809523809523806 0.004761904761904762 0.004761904761904762 0.02857142857142857 0.02857142857142857 0.004761904761904762 0.4333333333333333 0.004761904761904762 
0.0025974025974025974 0.015584415584415584 0.0025974025974025974 0.0025974025974025974 0.9116883116883118 0.0025974025974025974 0.05454545454545455 0.0025974025974025974 0.0025974025974025974 0.0025974025974025974 
0.002380952380952381 0.3238095238095238 0.002380952380952381 0.0976190476190476 0.002380952380952381 0.10952380952380951 0.07380952380952381 0.37142857142857144 0.002380952380952381 0.014285714285714285 
0.004166666666666667 0.2333333333333333 0.06666666666666667 0.004166666666666667 0.19166666666666665 0.004166666666666667 0.44166666666666665 0.04583333333333334 0.004166666666666667 0.004166666666666667 
0.010344827586206896 0.018965517241379314 0.010344827586206896 0.04482758620689655 0.04482758620689655 0.1568965517241379 0.07068965517241378 0.12241379310344827 0.3896551724137931 0.13103448275862067 
0.003278688524590164 0.019672131147540982 0.24918032786885244 0.003278688524590164 0.003278688524590164 0.08524590163934427 0.003278688524590164 0.003278688524590164 0.019672131147540982 0.6098360655737706 
0.003703703703703704 0.022222222222222223 0.003703703703703704 0.003703703703703704 0.05925925925925926 0.040740740740740744 0.8370370370370371 0.003703703703703704 0.022222222222222223 0.003703703703703704 
0.08524590163934427 0.003278688524590164 0.15081967213114753 0.003278688524590164 0.003278688524590164 0.019672131147540982 0.36393442622950817 0.019672131147540982 0.3147540983606557 0.036065573770491806 
0.001388888888888889 0.001388888888888889 0.001388888888888889 0.001388888888888889 0.001388888888888889 0.08472222222222221 0.015277777777777779 0.05 0.001388888888888889 0.8416666666666667 
0.0025 0.0025 0.015 0.09 0.3525 0.015 0.0025 0.215 0.015 0.29 
0.0022988505747126436 0.2206896551724138 0.6574712643678161 0.013793103448275862 0.0022988505747126436 0.0022988505747126436 0.0022988505747126436 0.08275862068965517 0.013793103448275862 0.0022988505747126436 
0.305050505050505 0.08282828282828282 0.022222222222222223 0.00202020202020202 0.27474747474747474 0.00202020202020202 0.11313131313131312 0.00202020202020202 0.18383838383838383 0.012121212121212121 
0.00202020202020202 0.00202020202020202 0.00202020202020202 0.00202020202020202 0.00202020202020202 0.00202020202020202 0.00202020202020202 0.00202020202020202 0.00202020202020202 0.9818181818181818 
0.0029411764705882353 0.1941176470588235 0.0029411764705882353 0.0029411764705882353 0.23823529411764705 0.0029411764705882353 0.5323529411764706 0.0029411764705882353 0.01764705882352941 0.0029411764705882353 
0.002 0.162 0.08199999999999999 0.002 0.002 0.012 0.002 0.002 0.302 0.43200000000000005 
0.002702702702702703 0.016216216216216217 0.002702702702702703 0.002702702702702703 0.002702702702702703 0.05675675675675676 0.0972972972972973 0.002702702702702703 0.5567567567567568 0.2594594594594595 
0.0022222222222222222 0.4688888888888889 0.013333333333333332 0.0022222222222222222 0.013333333333333332 0.0022222222222222222 0.06888888888888889 0.10222222222222221 0.10222222222222221 0.22444444444444445 
0.002197802197802198 0.002197802197802198 0.024175824175824177 0.05714285714285715 0.6945054945054946 0.002197802197802198 0.11208791208791208 0.002197802197802198 0.002197802197802198 0.10109890109890109 
0.0015267175572519084 0.024427480916030534 0.7648854961832061 0.0015267175572519084 0.04732824427480916 0.0015267175572519084 0.024427480916030534 0.08549618320610687 0.0015267175572519084 0.04732824427480916 
0.020560747663551402 0.048598130841121495 0.1514018691588785 0.001869158878504673 0.001869158878504673 0.394392523364486 0.001869158878504673 0.048598130841121495 0.17009345794392522 0.16074766355140185 
0.01348314606741573 0.0022471910112359553 0.0022471910112359553 0.0022471910112359553 0.035955056179775284 0.035955056179775284 0.8449438202247191 0.0022471910112359553 0.0022471910112359553 0.058426966292134834 
0.0019230769230769232 0.22307692307692306 0.06923076923076923 0.0019230769230769232 0.06923076923076923 0.0019230769230769232 0.20384615384615384 0.22307692307692306 0.0019230769230769232 0.20384615384615384 
0.01846153846153846 0.003076923076923077 0.09538461538461539 0.003076923076923077 0.01846153846153846 0.6492307692307693 0.003076923076923077 0.003076923076923077 0.003076923076923077 0.20307692307692307 
0.005555555555555556 0.005555555555555556 0.5888888888888889 0.005555555555555556 0.11666666666666667 0.005555555555555556 0.005555555555555556 0.17222222222222222 0.005555555555555556 0.08888888888888889 
0.0032258064516129032 0.26129032258064516 0.01935483870967742 0.0032258064516129032 0.3903225806451613 0.0032258064516129032 0.0032258064516129032 0.0032258064516129032 0.0032258064516129032 0.3096774193548387 
0.6267857142857143 0.019642857142857146 0.0732142857142857 0.0017857142857142859 0.18035714285714285 0.0017857142857142859 0.010714285714285714 0.0017857142857142859 0.0732142857142857 0.010714285714285714 
0.0032258064516129032 0.0032258064516129032 0.01935483870967742 0.0032258064516129032 0.9548387096774194 0.0032258064516129032 0.0032258064516129032 0.0032258064516129032 0.0032258064516129032 0.0032258064516129032 
0.002127659574468085 0.002127659574468085 0.27872340425531916 0.002127659574468085 0.002127659574468085 0.002127659574468085 0.15106382978723404 0.39574468085106385 0.002127659574468085 0.16170212765957445 
0.0020833333333333333 0.03333333333333333 0.7416666666666667 0.0020833333333333333 0.0020833333333333333 0.0020833333333333333 0.043750000000000004 0.012499999999999999 0.0020833333333333333 0.15833333333333333 
0.0023529411764705885 0.2611764705882353 0.0023529411764705885 0.025882352941176474 0.40235294117647064 0.20235294117647057 0.049411764705882356 0.049411764705882356 0.0023529411764705885 0.0023529411764705885 
0.35833333333333334 0.15 0.15 0.004166666666666667 0.004166666666666667 0.06666666666666667 0.004166666666666667 0.004166666666666667 0.2125 0.04583333333333334 
0.008888888888888889 0.0014814814814814816 0.6459259259259259 0.0014814814814814816 0.11259259259259259 0.05333333333333334 0.045925925925925926 0.008888888888888889 0.0014814814814814816 0.12 
0.003125 0.003125 0.003125 0.003125 0.3 0.003125 0.003125 0.003125 0.596875 0.08125 
0.05222929936305732 0.0012738853503184715 0.1159235668789809 0.0012738853503184715 0.0012738853503184715 0.0840764331210191 0.007643312101910828 0.0012738853503184715 0.7273885350318472 0.007643312101910828 
0.010909090909090908 0.16545454545454544 0.010909090909090908 0.0018181818181818182 0.2381818181818182 0.010909090909090908 0.0018181818181818182 0.0018181818181818182 0.47454545454545455 0.08363636363636363 
0.0025974025974025974 0.015584415584415584 0.7168831168831169 0.0025974025974025974 0.0025974025974025974 0.0025974025974025974 0.08051948051948052 0.0025974025974025974 0.0025974025974025974 0.17142857142857143 
0.00392156862745098 0.023529411764705882 0.8862745098039216 0.00392156862745098 0.00392156862745098 0.06274509803921569 0.00392156862745098 0.00392156862745098 0.00392156862745098 0.00392156862745098 
0.0024691358024691358 0.36049382716049383 0.10123456790123456 0.0024691358024691358 0.1382716049382716 0.014814814814814814 0.0024691358024691358 0.03950617283950617 0.0024691358024691358 0.3358024691358025 
0.01348314606741573 0.0022471910112359553 0.0022471910112359553 0.02471910112359551 0.4179775280898877 0.0022471910112359553 0.0022471910112359553 0.01348314606741573 0.5191011235955056 0.0022471910112359553 
0.029906542056074768 0.5439252336448598 0.2261682242990654 0.001869158878504673 0.001869158878504673 0.001869158878504673 0.029906542056074768 0.001869158878504673 0.001869158878504673 0.16074766355140185 
0.10666666666666666 0.620952380952381 0.011428571428571429 0.0019047619047619048 0.09714285714285714 0.020952380952380955 0.011428571428571429 0.0019047619047619048 0.1257142857142857 0.0019047619047619048 
0.0030303030303030303 0.0030303030303030303 0.0030303030303030303 0.0030303030303030303 0.33636363636363636 0.0030303030303030303 0.01818181818181818 0.13939393939393938 0.0030303030303030303 0.4878787878787879 
0.0014814814814814816 0.0014814814814814816 0.0014814814814814816 0.0014814814814814816 0.17185185185185184 0.0014814814814814816 0.8162962962962963 0.0014814814814814816 0.0014814814814814816 0.0014814814814814816 
0.0013513513513513514 0.7445945945945946 0.0013513513513513514 0.11621621621621621 0.0013513513513513514 0.0013513513513513514 0.0013513513513513514 0.0013513513513513514 0.12297297297297297 0.008108108108108109 
0.0014814814814814816 0.0162962962962963 0.0014814814814814816 0.0014814814814814816 0.0014814814814814816 0.0014814814814814816 0.882962962962963 0.0014814814814814816 0.0014814814814814816 0.09037037037037036 
0.004545454545454546 0.004545454545454546 0.004545454545454546 0.004545454545454546 0.2545454545454545 0.004545454545454546 0.5954545454545455 0.004545454545454546 0.004545454545454546 0.11818181818181818 
0.0014925373134328358 0.023880597014925373 0.0014925373134328358 0.14328358208955225 0.016417910447761197 0.06119402985074626 0.6880597014925374 0.0014925373134328358 0.05373134328358209 0.008955223880597015 
0.0031746031746031746 0.0031746031746031746 0.0031746031746031746 0.019047619047619046 0.3365079365079365 0.13015873015873014 0.0031746031746031746 0.4793650793650793 0.0031746031746031746 0.019047619047619046 
0.004651162790697674 0.004651162790697674 0.004651162790697674 0.004651162790697674 0.5395348837209302 0.16744186046511628 0.004651162790697674 0.26046511627906976 0.004651162790697674 0.004651162790697674 
0.5075268817204301 0.16344086021505375 0.002150537634408602 0.002150537634408602 0.23870967741935484 0.012903225806451613 0.034408602150537634 0.002150537634408602 0.034408602150537634 0.002150537634408602 
0.43200000000000005 0.052000000000000005 0.002 0.002 0.452 0.002 0.002 0.012 0.042 0.002 
0.8646153846153847 0.003076923076923077 0.003076923076923077 0.003076923076923077 0.09538461538461539 0.003076923076923077 0.01846153846153846 0.003076923076923077 0.003076923076923077 0.003076923076923077 
0.7013698630136986 0.01643835616438356 0.0027397260273972603 0.0027397260273972603 0.0027397260273972603 0.0027397260273972603 0.16712328767123286 0.09863013698630137 0.0027397260273972603 0.0027397260273972603 
0.8114285714285715 0.011428571428571429 0.0019047619047619048 0.0019047619047619048 0.15428571428571428 0.0019047619047619048 0.0019047619047619048 0.0019047619047619048 0.011428571428571429 0.0019047619047619048 
0.15604395604395604 0.002197802197802198 0.002197802197802198 0.002197802197802198 0.002197802197802198 0.8263736263736264 0.002197802197802198 0.002197802197802198 0.002197802197802198 0.002197802197802198 
0.5490909090909091 0.0036363636363636364 0.0036363636363636364 0.09454545454545454 0.16727272727272727 0.0036363636363636364 0.021818181818181816 0.14909090909090908 0.0036363636363636364 0.0036363636363636364 
0.06949152542372881 0.0016949152542372883 0.0016949152542372883 0.03559322033898305 0.1966101694915254 0.0016949152542372883 0.0016949152542372883 0.688135593220339 0.0016949152542372883 0.0016949152542372883 
0.6985507246376812 0.002898550724637681 0.002898550724637681 0.002898550724637681 0.002898550724637681 0.20579710144927535 0.017391304347826087 0.0318840579710145 0.0318840579710145 0.002898550724637681 
0.011428571428571429 0.0019047619047619048 0.0019047619047619048 0.011428571428571429 0.17333333333333334 0.7923809523809524 0.0019047619047619048 0.0019047619047619048 0.0019047619047619048 0.0019047619047619048 
0.0019417475728155341 0.09902912621359222 0.011650485436893204 0.011650485436893204 0.07961165048543689 0.040776699029126215 0.0019417475728155341 0.7300970873786408 0.011650485436893204 0.011650485436893204 
0.004761904761904762 0.004761904761904762 0.004761904761904762 0.8142857142857144 0.004761904761904762 0.004761904761904762 0.004761904761904762 0.004761904761904762 0.12380952380952381 0.02857142857142857 
0.001869158878504673 0.001869158878504673 0.001869158878504673 0.983177570093458 0.001869158878504673 0.001869158878504673 0.001869158878504673 0.001869158878504673 0.001869158878504673 0.001869158878504673 
0.0017857142857142859 0.0017857142857142859 0.0017857142857142859 0.8767857142857143 0.10892857142857142 0.0017857142857142859 0.0017857142857142859 0.0017857142857142859 0.0017857142857142859 0.0017857142857142859 
0.47333333333333333 0.006666666666666667 0.006666666666666667 0.4066666666666666 0.006666666666666667 0.07333333333333333 0.006666666666666667 0.006666666666666667 0.006666666666666667 0.006666666666666667 
0.013333333333333332 0.05777777777777778 0.0022222222222222222 0.9022222222222223 0.0022222222222222222 0.0022222222222222222 0.0022222222222222222 0.0022222222222222222 0.013333333333333332 0.0022222222222222222 
0.002127659574468085 0.002127659574468085 0.01276595744680851 0.8425531914893617 0.055319148936170216 0.002127659574468085 0.002127659574468085 0.01276595744680851 0.06595744680851064 0.002127659574468085 
0.007407407407407408 0.007407407407407408 0.007407407407407408 0.7481481481481481 0.007407407407407408 0.1925925925925926 0.007407407407407408 0.007407407407407408 0.007407407407407408 0.007407407407407408 
0.45981308411214955 0.001869158878504673 0.001869158878504673 0.029906542056074768 0.4785046728971963 0.001869158878504673 0.020560747663551402 0.001869158878504673 0.001869158878504673 0.001869158878504673 
0.8885714285714286 0.002857142857142857 0.002857142857142857 0.03142857142857143 0.017142857142857144 0.045714285714285714 0.002857142857142857 0.002857142857142857 0.002857142857142857 0.002857142857142857 
0.9279999999999999 0.008 0.008 0.008 0.008 0.008 0.008 0.008 0.008 0.008 
0.8487179487179487 0.002564102564102564 0.002564102564102564 0.002564102564102564 0.002564102564102564 0.02820512820512821 0.041025641025641026 0.002564102564102564 0.06666666666666667 0.002564102564102564 
0.0033898305084745766 0.020338983050847456 0.0033898305084745766 0.0033898305084745766 0.511864406779661 0.4440677966101695 0.0033898305084745766 0.0033898305084745766 0.0033898305084745766 0.0033898305084745766 
0.0015503875968992248 0.040310077519379844 0.0015503875968992248 0.009302325581395349 0.0015503875968992248 0.0015503875968992248 0.0015503875968992248 0.7922480620155039 0.11782945736434108 0.03255813953488372 
0.4156862745098039 0.023529411764705882 0.00392156862745098 0.16078431372549018 0.08235294117647059 0.00392156862745098 0.2980392156862745 0.00392156862745098 0.00392156862745098 0.00392156862745098 
