0.287805 0.001220 0.409756 0.001220 0.300000 
0.001460 0.001460 0.140146 0.855474 0.001460 
0.171765 0.689412 0.001176 0.136471 0.001176 
0.722059 0.060294 0.200000 0.016176 0.001471 
0.558571 0.008571 0.030000 0.001429 0.401429 
0.002000 0.002000 0.902000 0.092000 0.002000 
0.106087 0.001739 0.462609 0.427826 0.001739 
0.512057 0.058156 0.051064 0.001418 0.377305 
0.300680 0.001361 0.144218 0.055782 0.497959 
0.001695 0.552542 0.001695 0.442373 0.001695 
0.414371 0.001198 0.001198 0.264671 0.318563 
0.114773 0.495455 0.307955 0.012500 0.069318 
0.008696 0.189855 0.030435 0.001449 0.769565 
0.015278 0.001389 0.001389 0.973611 0.008333 
0.536620 0.149296 0.008451 0.001408 0.304225 
0.009524 0.692063 0.017460 0.001587 0.279365 
0.340606 0.001212 0.583030 0.073939 0.001212 
0.091613 0.001290 0.298065 0.001290 0.607742 
0.625688 0.001835 0.368807 0.001835 0.001835 
0.926866 0.001493 0.016418 0.053731 0.001493 
0.594690 0.046018 0.001770 0.001770 0.355752 
0.409231 0.432308 0.001538 0.024615 0.132308 
0.001227 0.001227 0.080982 0.013497 0.903067 
0.347977 0.024277 0.006936 0.012717 0.608092 
0.019820 0.001802 0.965766 0.001802 0.010811 
0.820645 0.001290 0.001290 0.175484 0.001290 
0.859459 0.028378 0.102703 0.001351 0.008108 
0.002020 0.042424 0.042424 0.911111 0.002020 
0.057407 0.335185 0.418519 0.187037 0.001852 
0.795238 0.001587 0.192063 0.001587 0.009524 
0.626994 0.019632 0.068712 0.001227 0.283436 
0.886486 0.001351 0.014865 0.001351 0.095946 
0.255882 0.368627 0.015686 0.108824 0.250980 
0.712139 0.001156 0.070520 0.001156 0.215029 
0.596825 0.009524 0.073016 0.319048 0.001587 
0.001942 0.050485 0.021359 0.924272 0.001942 
0.985938 0.001563 0.001563 0.009375 0.001563 
0.406349 0.326984 0.001587 0.001587 0.263492 
0.002198 0.002198 0.002198 0.474725 0.518681 
0.840000 0.001538 0.009231 0.147692 0.001538 
0.170093 0.590654 0.001869 0.011215 0.226168 
0.001361 0.708844 0.028571 0.123810 0.137415 
0.002247 0.417978 0.035955 0.260674 0.283146 
0.120000 0.031111 0.001481 0.845926 0.001481 
0.001266 0.001266 0.191139 0.001266 0.805063 
0.272811 0.429493 0.129954 0.000922 0.166820 
0.056364 0.138182 0.338182 0.465455 0.001818 
0.380513 0.611282 0.006154 0.001026 0.001026 
0.092121 0.001212 0.710303 0.001212 0.195152 
0.000971 0.000971 0.996117 0.000971 0.000971 
0.001258 0.309434 0.076730 0.586164 0.026415 
0.035897 0.335043 0.317949 0.129915 0.181197 
0.016541 0.715789 0.001504 0.069173 0.196992 
0.143363 0.063717 0.010619 0.736283 0.046018 
0.001770 0.001770 0.001770 0.125664 0.869027 
0.301667 0.010000 0.268333 0.001667 0.418333 
0.002041 0.042857 0.002041 0.757143 0.195918 
0.101053 0.043158 0.701053 0.001053 0.153684 
0.001802 0.001802 0.884685 0.001802 0.109910 
0.013580 0.501235 0.248148 0.007407 0.229630 
0.186301 0.001370 0.131507 0.405479 0.275342 
0.639548 0.114124 0.176271 0.001130 0.068927 
0.363731 0.254922 0.001036 0.001036 0.379275 
0.001316 0.001316 0.468421 0.007895 0.521053 
0.641176 0.067647 0.251471 0.001471 0.038235 
0.001439 0.684892 0.224460 0.087770 0.001439 
0.001575 0.017323 0.119685 0.859843 0.001575 
0.001639 0.608197 0.108197 0.001639 0.280328 
0.306780 0.001695 0.179661 0.510169 0.001695 
0.132934 0.324551 0.228743 0.180838 0.132934 
0.001460 0.169343 0.439416 0.001460 0.388321 
0.169600 0.001600 0.825600 0.001600 0.001600 
0.523478 0.332174 0.001739 0.132174 0.010435 
0.001399 0.337063 0.623776 0.001399 0.036364 
0.125466 0.001242 0.001242 0.001242 0.870807 
0.034899 0.021477 0.363758 0.457718 0.122148 
0.186555 0.379832 0.001681 0.287395 0.144538 
0.452632 0.001504 0.009023 0.001504 0.535338 
0.497248 0.047706 0.093578 0.001835 0.359633 
0.029630 0.001852 0.187037 0.483333 0.298148 
0.575926 0.001852 0.409259 0.001852 0.011111 
0.065248 0.278014 0.405674 0.228369 0.022695 
0.644961 0.164341 0.179845 0.001550 0.009302 
0.001087 0.006522 0.120652 0.495652 0.376087 
0.435862 0.084138 0.001379 0.097931 0.380690 
0.472956 0.309434 0.127044 0.001258 0.089308 
0.568333 0.060000 0.010000 0.360000 0.001667 
0.615663 0.007229 0.266265 0.001205 0.109639 
0.322000 0.012000 0.502000 0.162000 0.002000 
0.534667 0.421333 0.001333 0.001333 0.041333 
0.001429 0.122857 0.215714 0.651429 0.008571 
0.341844 0.270922 0.136170 0.093617 0.157447 
0.135052 0.001031 0.495876 0.001031 0.367010 
0.507071 0.002020 0.294949 0.183838 0.012121 
0.628814 0.103390 0.027119 0.171186 0.069492 
0.001290 0.523871 0.001290 0.323871 0.149677 
0.037143 0.001429 0.830000 0.001429 0.130000 
0.062577 0.921472 0.001227 0.013497 0.001227 
0.001770 0.037168 0.001770 0.010619 0.948673 
0.126857 0.326857 0.104000 0.412571 0.029714 
0.401081 0.028108 0.092973 0.033514 0.444324 
0.001418 0.001418 0.682270 0.015603 0.299291 
0.014966 0.001361 0.103401 0.824490 0.055782 
0.002353 0.167059 0.496471 0.002353 0.331765 
0.001307 0.393464 0.020915 0.177778 0.406536 
0.357534 0.234247 0.104110 0.110959 0.193151 
0.105882 0.001307 0.236601 0.654902 0.001307 
0.113750 0.001250 0.557500 0.001250 0.326250 
0.011111 0.057407 0.298148 0.001852 0.631481 
0.194737 0.080702 0.168421 0.554386 0.001754 
0.001802 0.172973 0.163964 0.371171 0.290090 
0.713725 0.001307 0.014379 0.001307 0.269281 
0.002247 0.047191 0.002247 0.912360 0.035955 
0.001575 0.741732 0.001575 0.214173 0.040945 
0.001754 0.001754 0.001754 0.984211 0.010526 
0.071287 0.001980 0.001980 0.922772 0.001980 
0.023022 0.497842 0.159712 0.001439 0.317986 
0.043902 0.208537 0.415854 0.110976 0.220732 
0.001515 0.153030 0.001515 0.842424 0.001515 
0.001070 0.022460 0.001070 0.022460 0.952941 
0.074453 0.118248 0.103650 0.527007 0.176642 
0.048062 0.110078 0.001550 0.001550 0.838760 
0.326829 0.213008 0.001626 0.456911 0.001626 
0.084722 0.716667 0.126389 0.001389 0.070833 
0.143363 0.001770 0.037168 0.815929 0.001770 
0.330000 0.065714 0.001429 0.601429 0.001429 
0.001299 0.670130 0.001299 0.001299 0.325974 
0.767188 0.001563 0.048438 0.173437 0.009375 
0.776812 0.023188 0.073913 0.001449 0.124638 
0.219355 0.001613 0.775806 0.001613 0.001613 
0.066667 0.001626 0.009756 0.009756 0.912195 
0.028319 0.284956 0.001770 0.001770 0.683186 
0.030000 0.480000 0.094286 0.294286 0.101429 
0.001299 0.527273 0.092208 0.001299 0.377922 
0.085714 0.157143 0.001299 0.027273 0.728571 
0.780531 0.001770 0.090265 0.063717 0.063717 
0.321088 0.001361 0.001361 0.001361 0.674830 
0.002020 0.002020 0.022222 0.911111 0.062626 
0.002597 0.002597 0.002597 0.561039 0.431169 
0.198870 0.001130 0.232768 0.074576 0.492655 
0.454088 0.001258 0.001258 0.001258 0.542138 
0.001515 0.001515 0.493939 0.001515 0.501515 
0.008824 0.347059 0.008824 0.633824 0.001471 
0.260494 0.186420 0.458025 0.093827 0.001235 
0.001626 0.034146 0.213008 0.505691 0.245528 
0.001429 0.001429 0.051429 0.001429 0.944286 
0.525301 0.001205 0.097590 0.013253 0.362651 
0.135484 0.479570 0.017204 0.001075 0.366667 
0.001667 0.001667 0.451667 0.543333 0.001667 
0.001527 0.329771 0.108397 0.245802 0.314504 
0.890278 0.001389 0.001389 0.001389 0.105556 
0.053595 0.694118 0.001307 0.243137 0.007843 
0.016296 0.001481 0.097778 0.001481 0.882963 
0.238519 0.001481 0.023704 0.001481 0.734815 
0.536306 0.071338 0.364331 0.001274 0.026752 
0.001563 0.001563 0.173437 0.610938 0.212500 
0.036364 0.106294 0.854545 0.001399 0.001399 
0.397315 0.055034 0.001342 0.544966 0.001342 
0.109459 0.089189 0.251351 0.548649 0.001351 
0.188060 0.807463 0.001493 0.001493 0.001493 
0.620635 0.080952 0.073016 0.223810 0.001587 
0.001802 0.064865 0.488288 0.443243 0.001802 
0.008219 0.487671 0.193151 0.001370 0.309589 
0.017054 0.102326 0.001550 0.877519 0.001550 
0.467176 0.001527 0.207634 0.024427 0.299237 
0.071831 0.719718 0.001408 0.008451 0.198592 
0.416923 0.001538 0.378462 0.193846 0.009231 
0.002817 0.002817 0.045070 0.890141 0.059155 
0.012245 0.002041 0.155102 0.828571 0.002041 
0.001325 0.021192 0.186755 0.001325 0.789404 
0.809040 0.063277 0.051977 0.001130 0.074576 
0.575926 0.409259 0.011111 0.001852 0.001852 
0.001290 0.498065 0.498065 0.001290 0.001290 
0.001980 0.001980 0.338614 0.180198 0.477228 
0.001081 0.001081 0.984865 0.011892 0.001081 
0.493846 0.009231 0.001538 0.093846 0.401538 
0.811679 0.037956 0.147445 0.001460 0.001460 
0.465806 0.001290 0.001290 0.530323 0.001290 
0.001361 0.654422 0.001361 0.259864 0.082993 
0.313115 0.419672 0.263934 0.001639 0.001639 
0.944715 0.001626 0.001626 0.034146 0.017886 
0.073214 0.001786 0.528571 0.251786 0.144643 
0.564706 0.001681 0.127731 0.304202 0.001681 
0.123478 0.401739 0.001739 0.010435 0.462609 
0.502857 0.002857 0.260000 0.045714 0.188571 
0.110870 0.002174 0.002174 0.882609 0.002174 
0.570166 0.061878 0.233149 0.122652 0.012155 
0.022378 0.001399 0.134266 0.840559 0.001399 
0.001163 0.001163 0.530233 0.001163 0.466279 
0.114085 0.318310 0.064789 0.501408 0.001408 
0.001307 0.138562 0.269281 0.589542 0.001307 
0.317117 0.019820 0.001802 0.317117 0.344144 
0.260741 0.038519 0.149630 0.549630 0.001481 
0.101429 0.608571 0.008571 0.001429 0.280000 
0.001266 0.001266 0.824051 0.064557 0.108861 
0.151445 0.290173 0.174566 0.006936 0.376879 
0.001460 0.585401 0.132847 0.205839 0.074453 
0.182609 0.450725 0.015942 0.175362 0.175362 
0.600000 0.001408 0.191549 0.205634 0.001408 
0.560000 0.001667 0.001667 0.160000 0.276667 
0.020952 0.020952 0.078095 0.878095 0.001905 
0.566667 0.075926 0.057407 0.001852 0.298148 
0.015000 0.002500 0.002500 0.127500 0.852500 
0.001942 0.001942 0.642718 0.040777 0.312621 
0.017323 0.001575 0.222047 0.001575 0.757480 
0.014194 0.388387 0.433548 0.072258 0.091613 
0.016794 0.001527 0.978626 0.001527 0.001527 
0.001136 0.109091 0.756818 0.069318 0.063636 
0.109804 0.001961 0.001961 0.854902 0.031373 
0.053247 0.001299 0.390909 0.053247 0.501299 
0.152830 0.416981 0.020755 0.011321 0.398113 
0.033333 0.039744 0.161538 0.001282 0.764103 
0.261417 0.174803 0.009449 0.552756 0.001575 
0.001408 0.353521 0.107042 0.381690 0.156338 
0.157831 0.001205 0.832530 0.001205 0.007229 
0.001258 0.001258 0.994969 0.001258 0.001258 
0.137143 0.208571 0.044286 0.001429 0.608571 
0.090323 0.001613 0.533871 0.033871 0.340323 
0.001942 0.001942 0.778641 0.205825 0.011650 
0.002062 0.094845 0.218557 0.661856 0.022680 
0.164972 0.577401 0.193220 0.029379 0.035028 
0.077273 0.001515 0.145455 0.001515 0.774242 
0.917483 0.001399 0.078322 0.001399 0.001399 
0.793846 0.001538 0.001538 0.001538 0.201538 
0.029787 0.129078 0.001418 0.682270 0.157447 
0.075229 0.066055 0.304587 0.552294 0.001835 
0.011650 0.001942 0.497087 0.001942 0.487379 
0.320710 0.273373 0.131361 0.030769 0.243787 
0.009160 0.001527 0.016794 0.856489 0.116031 
0.722034 0.094915 0.001695 0.001695 0.179661 
0.656552 0.332414 0.001379 0.001379 0.008276 
0.190270 0.033514 0.774054 0.001081 0.001081 
0.328972 0.020561 0.001869 0.497196 0.151402 
0.001342 0.008054 0.135570 0.001342 0.853691 
0.294667 0.001333 0.034667 0.014667 0.654667 
0.022222 0.002020 0.729293 0.012121 0.234343 
0.017460 0.549206 0.001587 0.430159 0.001587 
0.001550 0.265116 0.412403 0.009302 0.311628 
0.328655 0.656140 0.001170 0.007018 0.007018 
0.290361 0.501205 0.007229 0.001205 0.200000 
0.567832 0.225175 0.204196 0.001399 0.001399 
0.083673 0.002041 0.246939 0.553061 0.114286 
0.001099 0.121978 0.874725 0.001099 0.001099 
0.764865 0.001351 0.048649 0.001351 0.183784 
0.123977 0.720468 0.012865 0.001170 0.141520 
0.105172 0.027586 0.312069 0.544828 0.010345 
0.473973 0.021918 0.158904 0.343836 0.001370 
0.528000 0.001333 0.154667 0.294667 0.021333 
0.226374 0.001099 0.160440 0.001099 0.610989 
0.251724 0.182759 0.001724 0.001724 0.562069 
0.516176 0.016176 0.207353 0.001471 0.258824 
0.343860 0.194737 0.185965 0.071930 0.203509 
0.348503 0.001198 0.001198 0.001198 0.647904 
0.269474 0.006316 0.001053 0.722105 0.001053 
0.064968 0.708280 0.224204 0.001274 0.001274 
0.632143 0.030952 0.001190 0.001190 0.334524 
0.001379 0.491034 0.428966 0.001379 0.077241 
0.001439 0.008633 0.965468 0.001439 0.023022 
0.001227 0.001227 0.995092 0.001227 0.001227 
0.228221 0.001227 0.148466 0.001227 0.620859 
0.088462 0.011538 0.896154 0.001923 0.001923 
0.898851 0.002299 0.002299 0.094253 0.002299 
0.229412 0.163235 0.001471 0.450000 0.155882 
0.141085 0.001550 0.086822 0.001550 0.768992 
0.001429 0.008571 0.415714 0.530000 0.044286 
0.731915 0.001418 0.015603 0.001418 0.249645 
0.002083 0.106250 0.002083 0.887500 0.002083 
0.543925 0.403738 0.001869 0.001869 0.048598 
0.472857 0.337143 0.001429 0.187143 0.001429 
0.007229 0.880723 0.109639 0.001205 0.001205 
0.001053 0.211579 0.001053 0.785263 0.001053 
0.013924 0.013924 0.127848 0.045570 0.798734 
0.245528 0.147967 0.115447 0.489431 0.001626 
0.001342 0.108725 0.202685 0.632215 0.055034 
0.774242 0.221212 0.001515 0.001515 0.001515 
0.028829 0.181982 0.064865 0.001802 0.722523 
0.110870 0.002174 0.034783 0.850000 0.002174 
0.157225 0.307514 0.001156 0.446243 0.087861 
0.472464 0.001449 0.001449 0.486957 0.037681 
0.009677 0.429032 0.041935 0.146774 0.372581 
0.001307 0.001307 0.785621 0.001307 0.210458 
0.001626 0.050407 0.001626 0.391870 0.554472 
0.001980 0.635644 0.081188 0.001980 0.279208 
0.869027 0.001770 0.001770 0.001770 0.125664 
0.001429 0.330000 0.594286 0.001429 0.072857 
0.953103 0.001379 0.042759 0.001379 0.001379 
0.001739 0.366957 0.001739 0.158261 0.471304 
0.001754 0.001754 0.843860 0.001754 0.150877 
0.114465 0.693082 0.001258 0.189937 0.001258 
0.001299 0.851948 0.079221 0.020779 0.046753 
0.121368 0.087179 0.129915 0.001709 0.659829 
0.001563 0.001563 0.009375 0.329688 0.657813 
0.001587 0.755556 0.231746 0.009524 0.001587 
0.022449 0.002041 0.002041 0.971429 0.002041 
0.706952 0.214973 0.001070 0.001070 0.075936 
0.001961 0.492157 0.041176 0.021569 0.443137 
0.001613 0.001613 0.622581 0.364516 0.009677 
0.017143 0.002857 0.002857 0.002857 0.974286 
0.001235 0.069136 0.007407 0.908642 0.013580 
0.008759 0.001460 0.943066 0.001460 0.045255 
0.001389 0.348611 0.459722 0.001389 0.188889 
0.504636 0.319205 0.007947 0.001325 0.166887 
0.001399 0.043357 0.022378 0.931469 0.001399 
0.363218 0.001149 0.098851 0.535632 0.001149 
0.001515 0.213636 0.001515 0.198485 0.584848 
0.001408 0.001408 0.142254 0.804225 0.050704 
0.002062 0.002062 0.002062 0.981443 0.012371 
0.515315 0.001802 0.443243 0.037838 0.001802 
0.155385 0.063077 0.009231 0.770769 0.001538 
0.001575 0.489764 0.466142 0.017323 0.025197 
0.108021 0.001070 0.022460 0.867380 0.001070 
0.001005 0.001005 0.975879 0.021106 0.001005 
0.147020 0.001325 0.001325 0.849007 0.001325 
0.001942 0.011650 0.147573 0.836893 0.001942 
0.007229 0.591566 0.187952 0.212048 0.001205 
0.171631 0.221277 0.036879 0.348936 0.221277 
0.010000 0.001667 0.926667 0.001667 0.060000 
0.005714 0.015238 0.286667 0.529524 0.162857 
0.032308 0.009231 0.578462 0.086154 0.293846 
0.514286 0.001681 0.068908 0.413445 0.001681 
0.295425 0.001307 0.125490 0.001307 0.576471 
0.131481 0.011111 0.001852 0.853704 0.001852 
0.001130 0.001130 0.029379 0.046328 0.922034 
0.206410 0.270513 0.180769 0.187179 0.155128 
0.027119 0.001695 0.476271 0.213559 0.281356 
0.001802 0.542342 0.118919 0.037838 0.299099 
0.743820 0.002247 0.002247 0.249438 0.002247 
0.001087 0.533696 0.082609 0.022826 0.359783 
0.001538 0.032308 0.116923 0.832308 0.016923 
0.001449 0.008696 0.189855 0.457971 0.342029 
0.648921 0.282014 0.001439 0.066187 0.001439 
0.621390 0.001070 0.059893 0.316578 0.001070 
0.001481 0.001481 0.994074 0.001481 0.001481 
0.035135 0.001351 0.028378 0.041892 0.893243 
0.432500 0.001250 0.001250 0.001250 0.563750 
0.001220 0.001220 0.897561 0.001220 0.098780 
0.424138 0.001724 0.200000 0.001724 0.372414 
0.001130 0.605650 0.379661 0.012429 0.001130 
0.028319 0.001770 0.523894 0.346903 0.099115 
0.536842 0.001754 0.212281 0.247368 0.001754 
0.254667 0.161333 0.001333 0.128000 0.454667 
0.253333 0.297778 0.001481 0.001481 0.445926 
0.023464 0.006704 0.151955 0.012291 0.805587 
0.226667 0.068333 0.018333 0.001667 0.685000 
0.278992 0.110924 0.194958 0.001681 0.413445 
0.067105 0.001316 0.060526 0.001316 0.869737 
0.630453 0.000823 0.091358 0.276543 0.000823 
0.001504 0.046617 0.257143 0.437594 0.257143 
0.064078 0.918447 0.000971 0.000971 0.015534 
0.129078 0.058156 0.519149 0.036879 0.256738 
0.379882 0.013018 0.089941 0.024852 0.492308 
0.001835 0.011009 0.001835 0.946789 0.038532 
0.964706 0.023529 0.001471 0.001471 0.008824 
0.375484 0.001290 0.001290 0.014194 0.607742 
0.057627 0.046328 0.001130 0.888136 0.006780 
0.786916 0.151402 0.057944 0.001869 0.001869 
0.462500 0.087500 0.439063 0.001563 0.009375 
0.001333 0.001333 0.528000 0.001333 0.468000 
0.524503 0.054305 0.007947 0.411921 0.001325 
0.070769 0.101538 0.001538 0.809231 0.016923 
0.075676 0.001351 0.913514 0.008108 0.001351 
0.420270 0.001351 0.575676 0.001351 0.001351 
0.001639 0.116393 0.009836 0.755738 0.116393 
0.115436 0.417450 0.108725 0.209396 0.148993 
0.007453 0.286957 0.609938 0.001242 0.094410 
0.001250 0.451250 0.001250 0.001250 0.545000 
0.012121 0.002020 0.204040 0.668687 0.113131 
0.320000 0.578824 0.002353 0.002353 0.096471 
0.714634 0.001220 0.104878 0.056098 0.123171 
0.127083 0.002083 0.866667 0.002083 0.002083 
0.001538 0.001538 0.093846 0.847692 0.055385 
0.086256 0.024645 0.697630 0.086256 0.105213 
0.034043 0.002128 0.353191 0.065957 0.544681 
0.008824 0.119118 0.001471 0.869118 0.001471 
0.012791 0.024419 0.070930 0.890698 0.001163 
0.038519 0.001481 0.268148 0.186667 0.505185 
0.002532 0.002532 0.053165 0.318987 0.622785 
0.158559 0.320721 0.000901 0.518919 0.000901 
0.001242 0.019876 0.001242 0.976398 0.001242 
0.007595 0.222785 0.241772 0.235443 0.292405 
0.129070 0.809302 0.053488 0.006977 0.001163 
0.745122 0.092683 0.110976 0.025610 0.025610 
0.097143 0.001905 0.001905 0.001905 0.897143 
0.444248 0.010619 0.479646 0.054867 0.010619 
0.504636 0.014570 0.001325 0.001325 0.478146 
0.027368 0.295789 0.001053 0.001053 0.674737 
0.601290 0.007742 0.201290 0.001290 0.188387 
0.001695 0.544068 0.010169 0.001695 0.442373 
0.615054 0.002151 0.002151 0.034409 0.346237 
0.300730 0.008759 0.308029 0.344526 0.037956 
0.001695 0.001695 0.027119 0.959322 0.010169 
0.001923 0.040385 0.473077 0.021154 0.463462 
0.387719 0.247368 0.001754 0.343860 0.019298 
0.140146 0.001460 0.016058 0.286131 0.556204 
0.071831 0.008451 0.733803 0.001408 0.184507 
0.339487 0.252308 0.072821 0.334359 0.001026 
0.720661 0.026446 0.001653 0.001653 0.249587 
0.931646 0.064557 0.001266 0.001266 0.001266 
0.340000 0.586154 0.055385 0.016923 0.001538 
0.145098 0.014379 0.001307 0.569935 0.269281 
0.001504 0.009023 0.001504 0.963910 0.024060 
0.001653 0.001653 0.001653 0.076033 0.919008 
0.683117 0.001299 0.079221 0.235065 0.001299 
0.069173 0.422556 0.294737 0.136842 0.076692 
0.491589 0.183178 0.014953 0.000935 0.309346 
0.131034 0.001724 0.200000 0.656897 0.010345 
0.075309 0.254321 0.044444 0.007407 0.618519 
0.001626 0.001626 0.107317 0.001626 0.887805 
0.001190 0.030952 0.239286 0.001190 0.727381 
0.028070 0.001754 0.185965 0.001754 0.782456 
0.756164 0.030137 0.030137 0.180822 0.002740 
0.001058 0.344974 0.249735 0.403175 0.001058 
0.747887 0.043662 0.205634 0.001408 0.001408 
0.001754 0.756140 0.001754 0.019298 0.221053 
0.001143 0.366857 0.469714 0.001143 0.161143 
0.791549 0.002817 0.002817 0.002817 0.200000 
0.056250 0.454688 0.001563 0.470313 0.017188 
0.161143 0.012571 0.001143 0.001143 0.824000 
0.240845 0.043662 0.339437 0.353521 0.022535 
0.010256 0.155556 0.001709 0.830769 0.001709 
0.236242 0.591946 0.001342 0.001342 0.169128 
0.001389 0.036111 0.056944 0.015278 0.890278 
0.383051 0.001695 0.459322 0.154237 0.001695 
0.001550 0.001550 0.001550 0.699225 0.296124 
0.110256 0.001282 0.110256 0.001282 0.776923 
0.001613 0.437097 0.122581 0.025806 0.412903 
0.088889 0.001587 0.184127 0.001587 0.723810 
0.001942 0.380583 0.001942 0.040777 0.574757 
0.076250 0.063750 0.001250 0.038750 0.820000 
0.063889 0.001389 0.161111 0.015278 0.758333 
0.002128 0.002128 0.161702 0.012766 0.821277 
0.387730 0.001227 0.001227 0.001227 0.608589 
0.190210 0.155245 0.001399 0.651748 0.001399 
0.259406 0.031683 0.704950 0.001980 0.001980 
0.665896 0.001156 0.319075 0.006936 0.006936 
0.001818 0.256364 0.001818 0.729091 0.010909 
0.379528 0.371654 0.009449 0.159055 0.080315 
0.001905 0.001905 0.306667 0.687619 0.001905 
0.001852 0.001852 0.844444 0.001852 0.150000 
0.001064 0.001064 0.336170 0.038298 0.623404 
0.002105 0.002105 0.002105 0.328421 0.665263 
0.001504 0.031579 0.144361 0.821053 0.001504 
0.840678 0.001695 0.061017 0.001695 0.094915 
0.016058 0.008759 0.037956 0.351825 0.585401 
0.001333 0.041333 0.001333 0.001333 0.954667 
0.768966 0.096552 0.001724 0.062069 0.070690 
0.033514 0.001081 0.001081 0.001081 0.963243 
0.115714 0.001429 0.001429 0.001429 0.880000 
0.001942 0.001942 0.264078 0.487379 0.244660 
0.010345 0.010345 0.243103 0.734483 0.001724 
0.001835 0.249541 0.084404 0.653211 0.011009 
0.154745 0.001460 0.001460 0.840876 0.001460 
0.001709 0.420513 0.001709 0.001709 0.574359 
0.178431 0.001961 0.031373 0.629412 0.158824 
0.160440 0.665934 0.001099 0.001099 0.171429 
0.044928 0.139130 0.001449 0.349275 0.465217 
0.008571 0.001429 0.001429 0.001429 0.987143 
0.761722 0.091866 0.000957 0.000957 0.144498 
0.001587 0.342857 0.271429 0.382540 0.001587 
0.145946 0.001802 0.587387 0.010811 0.254054 
0.001653 0.001653 0.100826 0.001653 0.894215 
0.001439 0.001439 0.094964 0.001439 0.900719 
0.001190 0.715476 0.090476 0.025000 0.167857 
0.001575 0.403150 0.001575 0.001575 0.592126 
0.023529 0.045588 0.148529 0.442647 0.339706 
0.270732 0.002439 0.465854 0.002439 0.258537 
0.238462 0.635897 0.020513 0.103846 0.001282 
0.226357 0.009302 0.753488 0.009302 0.001550 
0.485714 0.001587 0.001587 0.033333 0.477778 
0.272857 0.001429 0.015714 0.001429 0.708571 
0.002247 0.564045 0.002247 0.013483 0.417978 
0.001316 0.428947 0.001316 0.001316 0.567105 
0.007742 0.040000 0.007742 0.001290 0.943226 
0.001563 0.001563 0.142187 0.001563 0.853125 
0.001818 0.420000 0.010909 0.210909 0.356364 
0.001613 0.074194 0.162903 0.009677 0.751613 
0.167123 0.002740 0.016438 0.715068 0.098630 
0.001515 0.001515 0.993939 0.001515 0.001515 
0.001130 0.583051 0.001130 0.001130 0.413559 
0.783562 0.071233 0.139726 0.002740 0.002740 
0.982166 0.001274 0.001274 0.001274 0.014013 
0.892437 0.001681 0.010084 0.001681 0.094118 
0.114286 0.001190 0.060714 0.822619 0.001190 
0.579310 0.156897 0.018966 0.027586 0.217241 
0.001481 0.157037 0.631111 0.001481 0.208889 
0.001418 0.625532 0.022695 0.001418 0.348936 
0.009524 0.049206 0.009524 0.001587 0.930159 
0.001754 0.168421 0.001754 0.001754 0.826316 
0.307438 0.001653 0.001653 0.009917 0.679339 
0.001307 0.001307 0.177778 0.452288 0.367320 
0.001905 0.001905 0.154286 0.335238 0.506667 
0.001527 0.253435 0.680916 0.062595 0.001527 
0.001653 0.001653 0.183471 0.811570 0.001653 
0.001449 0.081159 0.008696 0.450725 0.457971 
0.822346 0.001117 0.090503 0.001117 0.084916 
0.195152 0.183030 0.001212 0.170909 0.449697 
0.001493 0.001493 0.956716 0.001493 0.038806 
0.006557 0.181421 0.006557 0.001093 0.804372 
0.001361 0.001361 0.477551 0.001361 0.518367 
0.117757 0.000935 0.061682 0.000935 0.818692 
0.010000 0.418333 0.051667 0.001667 0.518333 
0.001316 0.369737 0.001316 0.001316 0.626316 
0.001005 0.001005 0.207035 0.413065 0.377889 
0.001227 0.013497 0.093252 0.498160 0.393865 
0.338053 0.054867 0.001770 0.001770 0.603540 
0.001266 0.608861 0.222785 0.007595 0.159494 
0.157798 0.139450 0.038532 0.662385 0.001835 
0.191139 0.020253 0.513924 0.273418 0.001266 
0.138462 0.001099 0.001099 0.001099 0.858242 
0.037168 0.090265 0.338053 0.435398 0.099115 
0.008824 0.001471 0.597059 0.347059 0.045588 
0.001449 0.008696 0.218841 0.001449 0.769565 
0.595294 0.112941 0.001176 0.001176 0.289412 
0.818310 0.001408 0.114085 0.064789 0.001408 
0.001242 0.535404 0.386335 0.001242 0.075776 
0.002151 0.002151 0.034409 0.668817 0.292473 
0.253659 0.001626 0.001626 0.741463 0.001626 
0.001724 0.001724 0.010345 0.001724 0.984483 
0.013253 0.001205 0.001205 0.001205 0.983133 
0.363158 0.034211 0.040789 0.001316 0.560526 
0.676596 0.032979 0.240426 0.001064 0.048936 
0.008696 0.624638 0.088406 0.001449 0.276812 
0.001471 0.633824 0.200000 0.001471 0.163235 
0.028000 0.001333 0.128000 0.001333 0.841333 
0.039394 0.001515 0.001515 0.357576 0.600000 
0.495833 0.037500 0.110417 0.053125 0.303125 
0.920379 0.000948 0.000948 0.000948 0.076777 
0.001124 0.282022 0.068539 0.006742 0.641573 
0.467568 0.001351 0.528378 0.001351 0.001351 
0.001149 0.547126 0.351724 0.024138 0.075862 
0.181967 0.534426 0.009836 0.272131 0.001639 
0.156044 0.013187 0.002198 0.331868 0.496703 
0.460656 0.075410 0.157377 0.304918 0.001639 
0.001724 0.277586 0.053448 0.001724 0.665517 
0.105473 0.214925 0.160199 0.508458 0.010945 
0.208108 0.005405 0.266667 0.005405 0.514414 
0.108235 0.084706 0.002353 0.802353 0.002353 
0.007186 0.085030 0.001198 0.432335 0.474251 
0.001316 0.639474 0.001316 0.211842 0.146053 
0.001370 0.021918 0.008219 0.001370 0.967123 
0.408850 0.010619 0.090265 0.001770 0.488496 
0.001408 0.001408 0.001408 0.008451 0.987324 
0.448951 0.001399 0.001399 0.001399 0.546853 
0.002105 0.002105 0.012632 0.002105 0.981053 
0.720000 0.001481 0.001481 0.001481 0.275556 
0.001942 0.225243 0.001942 0.001942 0.768932 
0.021569 0.011765 0.894118 0.070588 0.001961 
0.018333 0.118333 0.068333 0.793333 0.001667 
0.002000 0.002000 0.062000 0.162000 0.772000 
0.001198 0.001198 0.252695 0.743713 0.001198 
0.393750 0.000893 0.009821 0.000893 0.594643 
0.713725 0.001307 0.047059 0.007843 0.230065 
0.001504 0.001504 0.580451 0.001504 0.415038 
0.295105 0.001399 0.001399 0.001399 0.700699 
0.002041 0.002041 0.175510 0.369388 0.451020 
0.001205 0.332530 0.007229 0.001205 0.657831 
0.005854 0.088780 0.347317 0.000976 0.557073 
0.096063 0.009449 0.001575 0.001575 0.891339 
0.589916 0.001681 0.178151 0.228571 0.001681 
0.076730 0.290566 0.221384 0.403774 0.007547 
0.837736 0.001258 0.095597 0.026415 0.038994 
0.464430 0.001342 0.410738 0.122148 0.001342 
0.059615 0.050000 0.203846 0.001923 0.684615 
0.001064 0.660638 0.022340 0.314894 0.001064 
0.001081 0.001081 0.049730 0.865946 0.082162 
0.001325 0.060927 0.001325 0.001325 0.935099 
0.002564 0.002564 0.015385 0.079487 0.900000 
0.001282 0.007692 0.328205 0.007692 0.655128 
0.001587 0.176190 0.057143 0.549206 0.215873 
0.001869 0.001869 0.628037 0.057944 0.310280 
0.039286 0.075000 0.057143 0.003571 0.825000 
0.001961 0.168627 0.001961 0.011765 0.815686 
0.009091 0.001515 0.986364 0.001515 0.001515 
0.001170 0.001170 0.585965 0.012865 0.398830 
0.327407 0.001481 0.001481 0.668148 0.001481 
0.001587 0.104762 0.501587 0.001587 0.390476 
0.001370 0.275342 0.021918 0.001370 0.700000 
0.001653 0.001653 0.001653 0.472727 0.522314 
0.013018 0.007101 0.007101 0.024852 0.947929 
0.001587 0.604762 0.073016 0.215873 0.104762 
0.001389 0.820833 0.029167 0.077778 0.070833 
0.136508 0.112698 0.041270 0.001587 0.707937 
0.018966 0.010345 0.544828 0.001724 0.424138 
0.072441 0.379528 0.025197 0.521260 0.001575 
0.020645 0.001290 0.001290 0.214194 0.762581 
0.001709 0.001709 0.198291 0.001709 0.796581 
0.366216 0.068919 0.014865 0.021622 0.528378 
0.001227 0.326380 0.123926 0.013497 0.534969 
0.006630 0.001105 0.166851 0.354696 0.470718 
0.621127 0.071831 0.269014 0.029577 0.008451 
0.008219 0.350685 0.001370 0.001370 0.638356 
0.026943 0.001036 0.001036 0.969948 0.001036 
0.728485 0.001212 0.213333 0.001212 0.055758 
0.201429 0.001429 0.008571 0.094286 0.694286 
0.001709 0.010256 0.061538 0.429060 0.497436 
0.427869 0.042623 0.321311 0.001639 0.206557 
0.655639 0.001504 0.001504 0.016541 0.324812 
0.001105 0.144751 0.012155 0.001105 0.840884 
0.001290 0.033548 0.033548 0.930323 0.001290 
0.115924 0.001274 0.058599 0.822930 0.001274 
0.797849 0.152688 0.002151 0.045161 0.002151 
0.002532 0.002532 0.977215 0.002532 0.015190 
0.001481 0.668148 0.001481 0.001481 0.327407 
0.796026 0.054305 0.021192 0.014570 0.113907 
0.553271 0.151402 0.132710 0.132710 0.029907 
0.021477 0.008054 0.497987 0.222819 0.249664 
0.554472 0.050407 0.310569 0.082927 0.001626 
0.001408 0.276056 0.254930 0.261972 0.205634 
0.975652 0.001739 0.001739 0.019130 0.001739 
0.577647 0.001176 0.095294 0.183529 0.142353 
0.001639 0.526230 0.001639 0.018033 0.452459 
0.001600 0.321600 0.145600 0.001600 0.529600 
0.162903 0.082258 0.017742 0.662903 0.074194 
0.150649 0.092208 0.007792 0.001299 0.748052 
0.001471 0.751471 0.001471 0.001471 0.244118 
0.635714 0.091071 0.171429 0.100000 0.001786 
0.868041 0.012371 0.002062 0.105155 0.012371 
0.128662 0.536306 0.020382 0.313376 0.001274 
0.517526 0.002062 0.012371 0.002062 0.465979 
0.578610 0.214973 0.001070 0.065241 0.140107 
0.082927 0.400000 0.026016 0.001626 0.489431 
0.064211 0.701053 0.053684 0.180000 0.001053 
0.001770 0.293805 0.683186 0.001770 0.019469 
0.001325 0.517881 0.358940 0.060927 0.060927 
0.065079 0.223810 0.215873 0.485714 0.009524 
0.001481 0.001481 0.112593 0.794074 0.090370 
0.001408 0.550704 0.142254 0.001408 0.304225 
0.761143 0.001143 0.001143 0.224000 0.012571 
0.052525 0.002020 0.587879 0.002020 0.355556 
0.104110 0.110959 0.001370 0.782192 0.001370 
0.318269 0.010577 0.000962 0.669231 0.000962 
0.026087 0.001242 0.001242 0.970186 0.001242 
0.482963 0.023704 0.001481 0.075556 0.416296 
0.210127 0.001266 0.102532 0.001266 0.684810 
0.969231 0.002198 0.002198 0.002198 0.024176 
0.925146 0.001170 0.001170 0.001170 0.071345 
0.001075 0.087097 0.001075 0.872043 0.038710 
0.793043 0.001739 0.001739 0.001739 0.201739 
0.030657 0.001460 0.030657 0.913869 0.023358 
0.194495 0.001835 0.001835 0.763303 0.038532 
0.001205 0.013253 0.001205 0.127711 0.856627 
0.077174 0.011957 0.001087 0.001087 0.908696 
0.089051 0.023358 0.840876 0.030657 0.016058 
0.015172 0.001379 0.001379 0.022069 0.960000 
0.213462 0.001923 0.001923 0.175000 0.607692 
0.025581 0.013953 0.095349 0.862791 0.002326 
0.015278 0.584722 0.091667 0.265278 0.043056 
0.025150 0.210778 0.001198 0.348503 0.414371 
0.001342 0.296644 0.511409 0.108725 0.081879 
0.603614 0.001205 0.001205 0.001205 0.392771 
0.035556 0.013333 0.024444 0.313333 0.613333 
0.008000 0.408000 0.181333 0.001333 0.401333 
0.735780 0.001835 0.001835 0.001835 0.258716 
0.286636 0.116129 0.263594 0.060829 0.272811 
0.385714 0.010714 0.001786 0.385714 0.216071 
0.006349 0.064550 0.482540 0.001058 0.445503 
0.181935 0.388387 0.001290 0.427097 0.001290 
0.591453 0.001709 0.155556 0.249573 0.001709 
0.001942 0.001942 0.001942 0.157282 0.836893 
0.001105 0.454144 0.001105 0.001105 0.542541 
0.001136 0.296591 0.268182 0.217045 0.217045 
0.001538 0.001538 0.493846 0.001538 0.501538 
0.010619 0.488496 0.037168 0.001770 0.461947 
0.016418 0.150746 0.008955 0.822388 0.001493 
0.001429 0.030000 0.087143 0.022857 0.858571 
0.000980 0.241176 0.000980 0.000980 0.755882 
0.323333 0.006667 0.117778 0.001111 0.551111 
0.000901 0.000901 0.005405 0.000901 0.991892 
0.002020 0.012121 0.012121 0.971717 0.002020 
0.851128 0.001504 0.031579 0.114286 0.001504 
0.047682 0.001325 0.226490 0.716556 0.007947 
0.218182 0.001399 0.330070 0.448951 0.001399 
0.019298 0.036842 0.001754 0.010526 0.931579 
0.405505 0.001835 0.368807 0.222018 0.001835 
0.033600 0.001600 0.721600 0.009600 0.233600 
0.001198 0.001198 0.324551 0.001198 0.671856 
0.001575 0.001575 0.001575 0.080315 0.914961 
0.002151 0.109677 0.432258 0.002151 0.453763 
0.065079 0.001587 0.017460 0.025397 0.890476 
0.001316 0.475000 0.080263 0.001316 0.442105 
0.155245 0.001399 0.001399 0.029371 0.812587 
0.006936 0.053179 0.053179 0.001156 0.885549 
0.275806 0.420968 0.017742 0.179032 0.106452 
0.033987 0.001307 0.282353 0.445752 0.236601 
0.001282 0.001282 0.296154 0.155128 0.546154 
0.001351 0.386486 0.001351 0.575676 0.035135 
0.096552 0.001724 0.846552 0.053448 0.001724 
0.017391 0.249275 0.147826 0.582609 0.002899 
0.001550 0.001550 0.606202 0.249612 0.141085 
0.550376 0.009023 0.121805 0.317293 0.001504 
0.001026 0.477949 0.108718 0.093333 0.318974 
0.343590 0.001709 0.001709 0.001709 0.651282 
0.428966 0.008276 0.028966 0.532414 0.001379 
0.001307 0.007843 0.066667 0.001307 0.922876 
0.064567 0.096063 0.001575 0.001575 0.836220 
0.291613 0.001290 0.175484 0.014194 0.517419 
0.261272 0.579191 0.001156 0.001156 0.157225 
0.010619 0.019469 0.276106 0.585841 0.107965 
0.001439 0.001439 0.008633 0.001439 0.987050 
0.002083 0.002083 0.022917 0.679167 0.293750 
0.002273 0.002273 0.740909 0.070455 0.184091 
0.001143 0.001143 0.001143 0.001143 0.995429 
0.001739 0.001739 0.001739 0.601739 0.393043 
0.285279 0.006091 0.001015 0.001015 0.706599 
0.001439 0.015827 0.001439 0.001439 0.979856 
0.012791 0.065116 0.268605 0.001163 0.652326 
0.045161 0.034409 0.002151 0.744086 0.174194 
0.001042 0.001042 0.001042 0.152083 0.844792 
0.001515 0.009091 0.281818 0.016667 0.690909 
0.993162 0.001709 0.001709 0.001709 0.001709 
0.327273 0.001515 0.137879 0.039394 0.493939 
0.166871 0.001227 0.001227 0.001227 0.829448 
0.001681 0.463866 0.203361 0.278992 0.052101 
0.279630 0.001852 0.001852 0.603704 0.112963 
0.001156 0.249711 0.001156 0.041618 0.706358 
0.002326 0.281395 0.176744 0.165116 0.374419 
0.001739 0.001739 0.627826 0.271304 0.097391 
0.329851 0.143284 0.008955 0.113433 0.404478 
0.079687 0.001563 0.876563 0.009375 0.032813 
0.001439 0.037410 0.015827 0.037410 0.907914 
0.112941 0.448235 0.324706 0.001176 0.112941 
0.618085 0.261702 0.038298 0.080851 0.001064 
0.022695 0.008511 0.001418 0.001418 0.965957 
0.273600 0.001600 0.305600 0.345600 0.073600 
0.001020 0.062245 0.006122 0.235714 0.694898 
0.013415 0.001220 0.373171 0.019512 0.592683 
0.189937 0.001258 0.007547 0.800000 0.001258 
0.001538 0.601538 0.032308 0.001538 0.363077 
0.056164 0.405479 0.145205 0.213699 0.179452 
0.353103 0.008276 0.635862 0.001379 0.001379 
0.363265 0.001020 0.179592 0.307143 0.148980 
0.000939 0.432864 0.390610 0.000939 0.174648 
0.212500 0.001563 0.056250 0.556250 0.173437 
0.909231 0.009231 0.078462 0.001538 0.001538 
0.440404 0.001010 0.001010 0.001010 0.556566 
0.179452 0.001370 0.001370 0.001370 0.816438 
0.267188 0.173437 0.001563 0.204687 0.353125 
0.175362 0.001449 0.240580 0.566667 0.015942 
0.354622 0.001681 0.001681 0.640336 0.001681 
0.063448 0.001379 0.725517 0.001379 0.208276 
0.000976 0.371707 0.210732 0.000976 0.415610 
0.950365 0.016058 0.001460 0.008759 0.023358 
0.002381 0.085714 0.752381 0.157143 0.002381 
0.909278 0.002062 0.012371 0.074227 0.002062 
0.080000 0.027826 0.819130 0.071304 0.001739 
0.043902 0.068293 0.001220 0.013415 0.873171 
0.001667 0.043333 0.285000 0.001667 0.668333 
0.014667 0.181333 0.008000 0.794667 0.001333 
0.000962 0.371154 0.582692 0.000962 0.044231 
0.000803 0.000803 0.000803 0.065060 0.932530 
0.001370 0.035616 0.227397 0.672603 0.063014 
0.001754 0.545614 0.001754 0.001754 0.449123 
0.001439 0.001439 0.202878 0.001439 0.792806 
0.401905 0.001905 0.020952 0.011429 0.563810 
0.001527 0.001527 0.413740 0.024427 0.558779 
0.016418 0.001493 0.038806 0.001493 0.941791 
0.012245 0.053061 0.461224 0.002041 0.471429 
0.001124 0.001124 0.102247 0.287640 0.607865 
0.001471 0.810294 0.001471 0.001471 0.185294 
0.002899 0.002899 0.002899 0.988406 0.002899 
0.183838 0.002020 0.810101 0.002020 0.002020 
0.000851 0.000851 0.341277 0.200851 0.456170 
0.606369 0.001274 0.001274 0.077707 0.313376 
0.001124 0.529213 0.338202 0.130337 0.001124 
0.000870 0.005217 0.179130 0.109565 0.705217 
0.922807 0.001754 0.001754 0.001754 0.071930 
0.001709 0.044444 0.001709 0.386325 0.565812 
0.001258 0.001258 0.001258 0.994969 0.001258 
0.016176 0.597059 0.177941 0.001471 0.207353 
0.001613 0.291935 0.050000 0.001613 0.654839 
0.933981 0.001942 0.001942 0.001942 0.060194 
0.098925 0.002151 0.561290 0.002151 0.335484 
0.001887 0.001887 0.398113 0.001887 0.596226 
0.708571 0.001429 0.008571 0.258571 0.022857 
0.007742 0.233548 0.414194 0.001290 0.343226 
0.156338 0.001408 0.071831 0.008451 0.761972 
0.635484 0.119355 0.001075 0.001075 0.243011 
0.001639 0.009836 0.313115 0.009836 0.665574 
0.001695 0.620339 0.349153 0.027119 0.001695 
0.001370 0.110959 0.453425 0.001370 0.432877 
0.284337 0.440964 0.001205 0.001205 0.272289 
0.000922 0.212903 0.000922 0.000922 0.784332 
0.305590 0.019876 0.001242 0.001242 0.672050 
0.010000 0.001667 0.085000 0.901667 0.001667 
0.001504 0.460150 0.046617 0.212030 0.279699 
0.129412 0.001961 0.001961 0.001961 0.864706 
0.818310 0.001408 0.015493 0.135211 0.029577 
0.009375 0.407813 0.337500 0.001563 0.243750 
0.017600 0.009600 0.057600 0.849600 0.065600 
0.001852 0.001852 0.344444 0.001852 0.650000 
0.608861 0.001266 0.248101 0.096203 0.045570 
0.136723 0.001130 0.029379 0.831638 0.001130 
0.017391 0.544565 0.283696 0.093478 0.060870 
0.001307 0.216993 0.007843 0.216993 0.556863 
0.136471 0.001176 0.071765 0.130588 0.660000 
0.016418 0.165672 0.814925 0.001493 0.001493 
0.314141 0.011111 0.177778 0.187879 0.309091 
0.685149 0.001980 0.021782 0.289109 0.001980 
0.525517 0.001379 0.001379 0.001379 0.470345 
0.002299 0.002299 0.519540 0.013793 0.462069 
0.069388 0.001361 0.001361 0.926531 0.001361 
0.364602 0.063717 0.532743 0.037168 0.001770 
0.531000 0.001000 0.001000 0.031000 0.436000 
0.084211 0.001504 0.001504 0.001504 0.911278 
0.181944 0.001389 0.001389 0.001389 0.813889 
0.966071 0.001786 0.001786 0.010714 0.019643 
0.001105 0.426519 0.039779 0.487293 0.045304 
0.001754 0.185965 0.677193 0.001754 0.133333 
0.001639 0.001639 0.222951 0.116393 0.657377 
0.001905 0.001905 0.106667 0.430476 0.459048 
0.018803 0.129915 0.010256 0.018803 0.822222 
0.012360 0.006742 0.152809 0.001124 0.826966 
0.001389 0.001389 0.258333 0.008333 0.730556 
0.001258 0.057862 0.001258 0.938365 0.001258 
0.025000 0.007143 0.632143 0.286905 0.048810 
0.001550 0.001550 0.009302 0.675969 0.311628 
0.223457 0.482716 0.093827 0.124691 0.075309 
0.127928 0.596396 0.010811 0.263063 0.001802 
0.001724 0.001724 0.001724 0.001724 0.993103 
0.102899 0.226087 0.015942 0.001449 0.653623 
0.001389 0.008333 0.001389 0.966667 0.022222 
0.001739 0.166957 0.001739 0.114783 0.714783 
0.009091 0.531818 0.274242 0.001515 0.183333 
0.008276 0.387586 0.601379 0.001379 0.001379 
0.001724 0.001724 0.562069 0.001724 0.432759 
0.168627 0.031373 0.001961 0.109804 0.688235 
0.002353 0.520000 0.002353 0.449412 0.025882 
0.004255 0.365957 0.025532 0.600000 0.004255 
0.001681 0.001681 0.295798 0.690756 0.010084 
0.001681 0.295798 0.346218 0.354622 0.001681 
0.216667 0.466667 0.043056 0.063889 0.209722 
0.017188 0.001563 0.306250 0.431250 0.243750 
0.013483 0.114607 0.002247 0.856180 0.013483 
0.009836 0.140984 0.001639 0.018033 0.829508 
0.025197 0.592126 0.379528 0.001575 0.001575 
0.530719 0.001307 0.060131 0.001307 0.406536 
0.169128 0.001342 0.021477 0.095302 0.712752 
0.606452 0.033871 0.356452 0.001613 0.001613 
0.001266 0.330380 0.292405 0.374684 0.001266 
0.580451 0.001504 0.242105 0.001504 0.174436 
0.001653 0.018182 0.323967 0.001653 0.654545 
0.046269 0.202985 0.091045 0.001493 0.658209 
0.002326 0.281395 0.665116 0.048837 0.002326 
0.001563 0.017188 0.118750 0.001563 0.860938 
0.001274 0.185987 0.421656 0.001274 0.389809 
0.207477 0.338318 0.001869 0.375701 0.076636 
0.007186 0.342515 0.001198 0.007186 0.641916 
0.002000 0.022000 0.002000 0.012000 0.962000 
0.012222 0.540000 0.001111 0.201111 0.245556 
0.001869 0.001869 0.001869 0.992523 0.001869 
0.016438 0.002740 0.112329 0.002740 0.865753 
0.002299 0.002299 0.002299 0.002299 0.990805 
0.001493 0.702985 0.016418 0.001493 0.277612 
0.132895 0.040789 0.192105 0.001316 0.632895 
0.021359 0.001942 0.302913 0.001942 0.671845 
0.000995 0.100498 0.359204 0.140299 0.399005 
0.146667 0.413333 0.291111 0.135556 0.013333 
0.110000 0.001667 0.151667 0.018333 0.718333 
0.001070 0.311230 0.006417 0.006417 0.674866 
0.001538 0.055385 0.563077 0.378462 0.001538 
0.452439 0.007317 0.104878 0.001220 0.434146 
0.001639 0.239344 0.559016 0.181967 0.018033 
0.001527 0.001527 0.566412 0.192366 0.238168 
0.002439 0.002439 0.270732 0.721951 0.002439 
0.000962 0.222115 0.005769 0.770192 0.000962 
0.881437 0.001198 0.061078 0.055090 0.001198 
0.119444 0.043056 0.063889 0.772222 0.001389 
0.389552 0.001493 0.598507 0.008955 0.001493 
0.001961 0.649020 0.011765 0.001961 0.335294 
