0.001626 0.001626 0.001626 0.001626 0.001626 0.001626 0.009756 0.473171 0.001626 0.505691 
0.159055 0.001575 0.001575 0.001575 0.001575 0.001575 0.001575 0.568504 0.009449 0.253543 
0.001626 0.001626 0.009756 0.009756 0.001626 0.001626 0.001626 0.562602 0.058537 0.351220 
0.011957 0.001087 0.001087 0.006522 0.044565 0.006522 0.289130 0.126087 0.001087 0.511957 
0.001538 0.001538 0.116923 0.001538 0.170769 0.001538 0.001538 0.070769 0.178462 0.455385 
0.001754 0.001754 0.001754 0.001754 0.624561 0.001754 0.001754 0.001754 0.001754 0.361404 
0.355752 0.010619 0.001770 0.046018 0.258407 0.001770 0.028319 0.214159 0.081416 0.001770 
0.014815 0.014815 0.002469 0.002469 0.200000 0.002469 0.002469 0.014815 0.360494 0.385185 
0.001481 0.001481 0.164444 0.075556 0.157037 0.001481 0.534815 0.001481 0.001481 0.060741 
0.001307 0.020915 0.001307 0.001307 0.328105 0.001307 0.001307 0.001307 0.001307 0.641830 
0.001653 0.001653 0.001653 0.001653 0.365289 0.076033 0.001653 0.001653 0.001653 0.547107 
0.001389 0.001389 0.001389 0.001389 0.730556 0.001389 0.070833 0.001389 0.008333 0.181944 
0.420155 0.001550 0.001550 0.001550 0.133333 0.001550 0.435659 0.001550 0.001550 0.001550 
0.001449 0.117391 0.001449 0.001449 0.298551 0.001449 0.044928 0.001449 0.001449 0.530435 
0.001242 0.001242 0.026087 0.001242 0.491925 0.113043 0.001242 0.001242 0.175155 0.187578 
0.051667 0.126667 0.001667 0.001667 0.310000 0.001667 0.010000 0.001667 0.301667 0.193333 
0.001418 0.001418 0.072340 0.036879 0.441135 0.079433 0.001418 0.001418 0.150355 0.214184 
0.001481 0.001481 0.053333 0.001481 0.031111 0.001481 0.053333 0.438519 0.001481 0.416296 
0.138710 0.041935 0.001613 0.001613 0.719355 0.041935 0.025806 0.001613 0.001613 0.025806 
0.001754 0.001754 0.001754 0.773684 0.001754 0.001754 0.010526 0.194737 0.001754 0.010526 
0.481600 0.001600 0.025600 0.129600 0.289600 0.033600 0.025600 0.001600 0.001600 0.009600 
0.001667 0.010000 0.018333 0.001667 0.001667 0.001667 0.026667 0.251667 0.193333 0.493333 
0.329412 0.010084 0.001681 0.001681 0.094118 0.026891 0.522689 0.010084 0.001681 0.001681 
0.082143 0.126786 0.001786 0.100000 0.001786 0.028571 0.644643 0.001786 0.001786 0.010714 
0.001667 0.001667 0.001667 0.043333 0.301667 0.001667 0.626667 0.001667 0.018333 0.001667 
0.043114 0.001198 0.001198 0.935329 0.001198 0.001198 0.001198 0.007186 0.001198 0.007186 
0.014765 0.102013 0.001342 0.108725 0.008054 0.048322 0.538255 0.008054 0.001342 0.169128 
0.013174 0.001198 0.001198 0.510180 0.001198 0.001198 0.288623 0.001198 0.001198 0.180838 
0.032323 0.002020 0.002020 0.113131 0.597980 0.002020 0.012121 0.042424 0.002020 0.193939 
0.001075 0.001075 0.044086 0.001075 0.076344 0.001075 0.001075 0.377419 0.001075 0.495699 
0.010084 0.085714 0.001681 0.102521 0.001681 0.001681 0.791597 0.001681 0.001681 0.001681 
0.109554 0.001274 0.071338 0.001274 0.612739 0.001274 0.001274 0.001274 0.001274 0.198726 
0.102013 0.001342 0.001342 0.417450 0.001342 0.001342 0.377181 0.001342 0.001342 0.095302 
0.007895 0.001316 0.001316 0.757895 0.007895 0.001316 0.132895 0.007895 0.080263 0.001316 
0.001754 0.001754 0.001754 0.843860 0.001754 0.001754 0.115789 0.001754 0.001754 0.028070 
0.001493 0.113433 0.001493 0.001493 0.344776 0.113433 0.038806 0.001493 0.128358 0.255224 
0.273684 0.010526 0.001754 0.185965 0.010526 0.019298 0.159649 0.045614 0.001754 0.291228 
0.000966 0.063768 0.000966 0.561353 0.005797 0.005797 0.343961 0.005797 0.000966 0.010628 
0.008571 0.015714 0.001429 0.487143 0.001429 0.001429 0.394286 0.001429 0.001429 0.087143 
0.563889 0.001389 0.001389 0.272222 0.001389 0.001389 0.029167 0.001389 0.015278 0.112500 
0.421930 0.009649 0.000877 0.321053 0.150000 0.022807 0.071053 0.000877 0.000877 0.000877 
0.001439 0.023022 0.001439 0.224460 0.001439 0.001439 0.152518 0.001439 0.001439 0.591367 
0.012903 0.012903 0.002151 0.410753 0.292473 0.002151 0.002151 0.002151 0.002151 0.260215 
0.103650 0.001460 0.001460 0.001460 0.001460 0.081752 0.256934 0.016058 0.242336 0.293431 
0.421849 0.295798 0.001681 0.010084 0.035294 0.077311 0.001681 0.001681 0.152941 0.001681 
0.001504 0.001504 0.016541 0.001504 0.685714 0.001504 0.001504 0.001504 0.016541 0.272180 
0.001235 0.001235 0.025926 0.464198 0.118519 0.143210 0.019753 0.001235 0.001235 0.223457 
0.065957 0.002128 0.065957 0.204255 0.268085 0.002128 0.385106 0.002128 0.002128 0.002128 
0.161111 0.001389 0.195833 0.619444 0.008333 0.001389 0.001389 0.001389 0.008333 0.001389 
0.080597 0.085572 0.040796 0.095522 0.000995 0.000995 0.647761 0.045771 0.000995 0.000995 
0.035616 0.001370 0.028767 0.302740 0.282192 0.056164 0.152055 0.035616 0.001370 0.104110 
0.049315 0.001370 0.001370 0.515068 0.015068 0.001370 0.289041 0.056164 0.008219 0.063014 
0.002198 0.024176 0.002198 0.002198 0.276923 0.090110 0.112088 0.002198 0.485714 0.002198 
0.001418 0.058156 0.001418 0.043972 0.001418 0.008511 0.880851 0.001418 0.001418 0.001418 
0.186555 0.136134 0.169748 0.161345 0.245378 0.001681 0.001681 0.026891 0.001681 0.068908 
0.001739 0.001739 0.001739 0.697391 0.001739 0.001739 0.071304 0.001739 0.010435 0.210435 
0.073054 0.019162 0.001198 0.001198 0.456287 0.001198 0.001198 0.007186 0.001198 0.438323 
0.216456 0.001266 0.001266 0.450633 0.159494 0.001266 0.165823 0.001266 0.001266 0.001266 
0.001299 0.001299 0.001299 0.377922 0.001299 0.001299 0.001299 0.001299 0.001299 0.611688 
0.001481 0.001481 0.231111 0.475556 0.001481 0.001481 0.001481 0.001481 0.001481 0.282963 
0.009023 0.001504 0.001504 0.332331 0.001504 0.001504 0.610526 0.039098 0.001504 0.001504 
0.001563 0.001563 0.235937 0.634375 0.001563 0.079687 0.001563 0.040625 0.001563 0.001563 
0.001481 0.001481 0.075556 0.697778 0.001481 0.216296 0.001481 0.001481 0.001481 0.001481 
0.161062 0.001770 0.001770 0.329204 0.054867 0.001770 0.205310 0.001770 0.010619 0.231858 
0.001600 0.001600 0.001600 0.481600 0.001600 0.009600 0.097600 0.001600 0.001600 0.401600 
0.007947 0.001325 0.001325 0.332450 0.180132 0.047682 0.385430 0.001325 0.034437 0.007947 
0.001418 0.072340 0.008511 0.015603 0.072340 0.001418 0.001418 0.001418 0.136170 0.689362 
0.006383 0.001064 0.001064 0.400000 0.017021 0.006383 0.447872 0.038298 0.001064 0.080851 
0.002353 0.002353 0.002353 0.355294 0.002353 0.484706 0.002353 0.014118 0.002353 0.131765 
0.154237 0.001695 0.001695 0.467797 0.255932 0.001695 0.027119 0.001695 0.010169 0.077966 
0.053247 0.274026 0.001299 0.053247 0.014286 0.001299 0.384416 0.014286 0.014286 0.189610 
0.167568 0.379279 0.000901 0.090991 0.118018 0.000901 0.000901 0.005405 0.000901 0.235135 
0.156784 0.126633 0.001005 0.001005 0.006030 0.006030 0.001005 0.001005 0.056281 0.644221 
0.357471 0.098851 0.001149 0.012644 0.001149 0.110345 0.001149 0.001149 0.047126 0.368966 
0.061078 0.528144 0.001198 0.001198 0.037126 0.007186 0.354491 0.001198 0.001198 0.007186 
0.251563 0.001563 0.001563 0.001563 0.001563 0.001563 0.657813 0.001563 0.079687 0.001563 
0.353103 0.001379 0.001379 0.015172 0.042759 0.001379 0.001379 0.001379 0.387586 0.194483 
0.001399 0.001399 0.001399 0.393007 0.239161 0.260140 0.099301 0.001399 0.001399 0.001399 
0.001550 0.009302 0.071318 0.249612 0.001550 0.404651 0.009302 0.001550 0.249612 0.001550 
0.013580 0.001235 0.316049 0.137037 0.001235 0.519753 0.001235 0.001235 0.001235 0.007407 
0.001550 0.001550 0.017054 0.342636 0.001550 0.489922 0.094574 0.001550 0.001550 0.048062 
0.014570 0.001325 0.060927 0.007947 0.100662 0.471523 0.332450 0.007947 0.001325 0.001325 
0.126087 0.001087 0.006522 0.202174 0.033696 0.452174 0.017391 0.001087 0.158696 0.001087 
0.239535 0.129070 0.001163 0.001163 0.001163 0.443023 0.163953 0.001163 0.018605 0.001163 
0.001408 0.790141 0.022535 0.001408 0.022535 0.050704 0.078873 0.001408 0.022535 0.008451 
0.053125 0.001042 0.417708 0.063542 0.001042 0.396875 0.001042 0.001042 0.063542 0.001042 
0.002041 0.002041 0.002041 0.093878 0.002041 0.869388 0.022449 0.002041 0.002041 0.002041 
0.029379 0.153672 0.289266 0.040678 0.006780 0.261017 0.001130 0.012429 0.204520 0.001130 
0.102158 0.145324 0.001439 0.001439 0.181295 0.174101 0.138129 0.001439 0.159712 0.094964 
0.001299 0.007792 0.001299 0.007792 0.403896 0.040260 0.001299 0.001299 0.111688 0.423377 
0.001299 0.300000 0.001299 0.001299 0.261039 0.131169 0.001299 0.007792 0.014286 0.280519 
0.147445 0.016058 0.052555 0.001460 0.154745 0.001460 0.001460 0.001460 0.388321 0.235036 
0.001282 0.001282 0.155128 0.610256 0.001282 0.103846 0.110256 0.001282 0.007692 0.007692 
0.001325 0.001325 0.001325 0.007947 0.239735 0.193377 0.001325 0.001325 0.001325 0.550993 
0.001515 0.016667 0.001515 0.024242 0.001515 0.001515 0.001515 0.100000 0.062121 0.789394 
0.001149 0.001149 0.001149 0.150575 0.070115 0.001149 0.006897 0.001149 0.001149 0.765517 
0.001047 0.011518 0.037696 0.011518 0.090052 0.001047 0.001047 0.173822 0.001047 0.671204 
0.027097 0.001290 0.001290 0.001290 0.033548 0.117419 0.001290 0.040000 0.104516 0.672258 
0.013636 0.013636 0.002273 0.002273 0.081818 0.002273 0.002273 0.604545 0.002273 0.275000 
0.001449 0.001449 0.001449 0.001449 0.001449 0.001449 0.124638 0.015942 0.001449 0.849275 
0.112281 0.007018 0.007018 0.001170 0.211696 0.001170 0.001170 0.001170 0.164912 0.492398 
0.020000 0.001250 0.138750 0.001250 0.001250 0.001250 0.576250 0.001250 0.001250 0.257500 
0.003030 0.003030 0.018182 0.003030 0.033333 0.003030 0.003030 0.003030 0.321212 0.609091 
0.000893 0.000893 0.014286 0.067857 0.041071 0.000893 0.000893 0.384821 0.000893 0.487500 
0.178431 0.001961 0.001961 0.001961 0.501961 0.001961 0.001961 0.001961 0.001961 0.305882 
0.001538 0.001538 0.024615 0.001538 0.001538 0.001538 0.001538 0.347692 0.055385 0.563077 
0.009449 0.001575 0.001575 0.119685 0.340157 0.009449 0.001575 0.001575 0.371654 0.143307 
0.001515 0.001515 0.001515 0.001515 0.016667 0.009091 0.683333 0.016667 0.001515 0.266667 
0.001053 0.006316 0.001053 0.001053 0.043158 0.022105 0.727368 0.006316 0.001053 0.190526 
0.001481 0.001481 0.001481 0.031111 0.223704 0.060741 0.001481 0.068148 0.001481 0.608889 
0.001449 0.001449 0.001449 0.182609 0.001449 0.001449 0.023188 0.001449 0.052174 0.733333 
0.037143 0.001429 0.001429 0.001429 0.258571 0.001429 0.001429 0.001429 0.108571 0.587143 
0.001639 0.001639 0.001639 0.001639 0.034426 0.001639 0.001639 0.001639 0.001639 0.952459 
0.001418 0.001418 0.001418 0.001418 0.434043 0.001418 0.001418 0.001418 0.001418 0.554610 
0.537349 0.007229 0.001205 0.001205 0.001205 0.001205 0.013253 0.013253 0.001205 0.422892 
0.001887 0.001887 0.001887 0.001887 0.709434 0.001887 0.001887 0.001887 0.001887 0.275472 
0.001370 0.001370 0.001370 0.001370 0.227397 0.001370 0.056164 0.001370 0.001370 0.706849 
0.290625 0.040625 0.001563 0.001563 0.001563 0.017188 0.001563 0.017188 0.142187 0.485938 
0.001818 0.065455 0.020000 0.001818 0.001818 0.001818 0.029091 0.101818 0.038182 0.738182 
0.001429 0.001429 0.001429 0.015714 0.687143 0.001429 0.001429 0.251429 0.015714 0.022857 
0.099187 0.001626 0.001626 0.001626 0.074797 0.001626 0.001626 0.001626 0.009756 0.806504 
0.173134 0.053731 0.008955 0.001493 0.001493 0.001493 0.001493 0.001493 0.001493 0.755224 
0.142149 0.009917 0.001653 0.001653 0.001653 0.009917 0.009917 0.290909 0.299174 0.233058 
0.007947 0.034437 0.001325 0.007947 0.100662 0.014570 0.014570 0.425166 0.001325 0.392053 
0.001117 0.001117 0.006704 0.001117 0.090503 0.001117 0.291620 0.179888 0.068156 0.358659 
0.038509 0.001242 0.032298 0.429814 0.113043 0.088199 0.001242 0.001242 0.081988 0.212422 
0.001111 0.001111 0.001111 0.001111 0.456667 0.001111 0.178889 0.001111 0.001111 0.356667 
0.035862 0.001379 0.001379 0.008276 0.118621 0.001379 0.001379 0.035862 0.201379 0.594483 
0.001439 0.001439 0.001439 0.001439 0.353957 0.008633 0.001439 0.001439 0.066187 0.562590 
0.001220 0.001220 0.001220 0.001220 0.007317 0.001220 0.519512 0.001220 0.007317 0.458537 
0.001835 0.011009 0.001835 0.020183 0.047706 0.011009 0.222018 0.075229 0.001835 0.607339 
0.001653 0.001653 0.034711 0.018182 0.009917 0.307438 0.001653 0.166942 0.142149 0.315702 
0.324409 0.001575 0.001575 0.025197 0.017323 0.182677 0.001575 0.001575 0.418898 0.025197 
0.020370 0.001852 0.307407 0.085185 0.001852 0.335185 0.001852 0.224074 0.001852 0.020370 
0.180357 0.376786 0.001786 0.037500 0.091071 0.260714 0.046429 0.001786 0.001786 0.001786 
0.105600 0.225600 0.001600 0.001600 0.129600 0.249600 0.193600 0.001600 0.089600 0.001600 
0.437097 0.001613 0.001613 0.001613 0.001613 0.001613 0.009677 0.001613 0.001613 0.541935 
0.322013 0.108176 0.007547 0.001258 0.013836 0.001258 0.366038 0.177358 0.001258 0.001258 
0.437209 0.001163 0.001163 0.001163 0.001163 0.006977 0.041860 0.012791 0.001163 0.495349 
0.001105 0.001105 0.006630 0.012155 0.106077 0.001105 0.001105 0.001105 0.001105 0.868508 
0.022695 0.001418 0.001418 0.001418 0.306383 0.001418 0.001418 0.001418 0.022695 0.639716 
0.009231 0.001538 0.001538 0.040000 0.270769 0.001538 0.670769 0.001538 0.001538 0.001538 
0.001587 0.065079 0.144444 0.001587 0.057143 0.001587 0.001587 0.120635 0.192063 0.414286 
0.001439 0.001439 0.001439 0.001439 0.188489 0.001439 0.001439 0.051799 0.001439 0.749640 
0.025397 0.001587 0.001587 0.001587 0.049206 0.001587 0.049206 0.057143 0.001587 0.811111 
0.001835 0.001835 0.020183 0.001835 0.011009 0.001835 0.203670 0.011009 0.001835 0.744954 
0.001220 0.001220 0.001220 0.001220 0.220732 0.001220 0.074390 0.013415 0.147561 0.537805 
0.019643 0.001786 0.010714 0.001786 0.278571 0.001786 0.001786 0.207143 0.001786 0.475000 
0.194286 0.001429 0.001429 0.015714 0.015714 0.001429 0.001429 0.001429 0.001429 0.765714 
0.012121 0.002020 0.002020 0.002020 0.002020 0.032323 0.335354 0.002020 0.002020 0.608081 
0.062577 0.001227 0.001227 0.013497 0.001227 0.001227 0.442945 0.025767 0.001227 0.449080 
0.019753 0.007407 0.062963 0.075309 0.001235 0.001235 0.772840 0.001235 0.007407 0.050617 
0.106579 0.001316 0.007895 0.001316 0.119737 0.021053 0.461842 0.146053 0.067105 0.067105 
0.002273 0.002273 0.002273 0.025000 0.002273 0.172727 0.434091 0.002273 0.002273 0.354545 
0.195349 0.001550 0.001550 0.094574 0.001550 0.009302 0.001550 0.001550 0.001550 0.691473 
0.472093 0.001163 0.001163 0.001163 0.001163 0.001163 0.006977 0.024419 0.018605 0.472093 
0.142105 0.177193 0.019298 0.001754 0.300000 0.001754 0.036842 0.089474 0.054386 0.177193 
0.013043 0.002174 0.002174 0.002174 0.436957 0.002174 0.002174 0.002174 0.002174 0.534783 
0.457310 0.001170 0.001170 0.012865 0.112281 0.001170 0.410526 0.001170 0.001170 0.001170 
0.001399 0.064336 0.232168 0.330070 0.092308 0.001399 0.267133 0.008392 0.001399 0.001399 
0.291613 0.001290 0.007742 0.014194 0.020645 0.001290 0.001290 0.033548 0.001290 0.627097 
0.034667 0.001333 0.001333 0.001333 0.001333 0.048000 0.794667 0.001333 0.021333 0.094667 
0.001626 0.286179 0.009756 0.001626 0.172358 0.001626 0.042276 0.001626 0.375610 0.107317 
0.515714 0.037143 0.001429 0.001429 0.130000 0.001429 0.001429 0.001429 0.008571 0.301429 
0.074453 0.256934 0.067153 0.008759 0.410219 0.008759 0.074453 0.008759 0.023358 0.067153 
0.337143 0.015714 0.001429 0.308571 0.001429 0.001429 0.201429 0.008571 0.001429 0.122857 
0.709091 0.001299 0.001299 0.040260 0.124675 0.014286 0.085714 0.014286 0.001299 0.007792 
0.141085 0.001550 0.001550 0.001550 0.017054 0.009302 0.001550 0.009302 0.001550 0.815504 
0.286076 0.374684 0.001266 0.039241 0.127848 0.001266 0.001266 0.001266 0.007595 0.159494 
0.001481 0.001481 0.334815 0.001481 0.208889 0.001481 0.001481 0.016296 0.001481 0.431111 
0.093642 0.463584 0.001156 0.001156 0.215029 0.006936 0.030058 0.001156 0.001156 0.186127 
0.012371 0.703093 0.032990 0.002062 0.002062 0.002062 0.218557 0.002062 0.002062 0.022680 
0.387402 0.001575 0.001575 0.001575 0.285039 0.001575 0.001575 0.001575 0.001575 0.316535 
0.343860 0.028070 0.001754 0.001754 0.001754 0.001754 0.001754 0.001754 0.440351 0.177193 
0.219835 0.550413 0.000826 0.000826 0.091736 0.000826 0.000826 0.071074 0.004959 0.058678 
0.149630 0.194074 0.008889 0.016296 0.001481 0.001481 0.008889 0.001481 0.157037 0.460741 
0.686713 0.001399 0.008392 0.001399 0.029371 0.036364 0.176224 0.008392 0.008392 0.043357 
0.201143 0.115429 0.001143 0.024000 0.281143 0.309714 0.064000 0.001143 0.001143 0.001143 
0.435526 0.001316 0.001316 0.001316 0.080263 0.001316 0.001316 0.001316 0.257895 0.218421 
0.179452 0.001370 0.028767 0.008219 0.008219 0.001370 0.001370 0.001370 0.001370 0.768493 
0.721600 0.065600 0.001600 0.009600 0.001600 0.001600 0.193600 0.001600 0.001600 0.001600 
0.824490 0.001361 0.001361 0.001361 0.001361 0.076190 0.089796 0.001361 0.001361 0.001361 
0.612214 0.077863 0.001527 0.001527 0.001527 0.077863 0.215267 0.009160 0.001527 0.001527 
0.804545 0.001515 0.001515 0.001515 0.001515 0.054545 0.084848 0.046970 0.001515 0.001515 
0.008696 0.001449 0.001449 0.001449 0.001449 0.001449 0.414493 0.001449 0.001449 0.566667 
0.206061 0.039394 0.001515 0.001515 0.001515 0.001515 0.145455 0.001515 0.001515 0.600000 
0.836893 0.001942 0.011650 0.001942 0.108738 0.001942 0.001942 0.001942 0.031068 0.001942 
0.670968 0.001613 0.001613 0.001613 0.001613 0.001613 0.017742 0.001613 0.009677 0.291935 
0.001064 0.006383 0.006383 0.554255 0.118085 0.001064 0.181915 0.001064 0.001064 0.128723 
0.166990 0.429126 0.011650 0.001942 0.021359 0.001942 0.361165 0.001942 0.001942 0.001942 
0.055090 0.288623 0.001198 0.019162 0.001198 0.049102 0.438323 0.007186 0.108982 0.031138 
0.752083 0.002083 0.002083 0.002083 0.043750 0.002083 0.002083 0.054167 0.043750 0.095833 
0.789394 0.024242 0.001515 0.001515 0.001515 0.001515 0.092424 0.001515 0.001515 0.084848 
0.001481 0.008889 0.008889 0.001481 0.127407 0.031111 0.001481 0.008889 0.638519 0.171852 
0.001333 0.014667 0.048000 0.001333 0.801333 0.074667 0.014667 0.041333 0.001333 0.001333 
0.001361 0.001361 0.008163 0.001361 0.001361 0.001361 0.912925 0.008163 0.001361 0.062585 
0.001242 0.001242 0.001242 0.001242 0.305590 0.001242 0.001242 0.001242 0.001242 0.684472 
0.001449 0.001449 0.001449 0.001449 0.015942 0.008696 0.001449 0.015942 0.073913 0.878261 
0.029577 0.001408 0.416901 0.001408 0.001408 0.008451 0.001408 0.008451 0.114085 0.416901 
0.000917 0.000917 0.000917 0.000917 0.000917 0.000917 0.666055 0.005505 0.000917 0.322018 
0.015942 0.001449 0.001449 0.081159 0.168116 0.001449 0.001449 0.117391 0.160870 0.450725 
0.002083 0.002083 0.002083 0.012500 0.127083 0.002083 0.700000 0.012500 0.002083 0.137500 
0.172093 0.009302 0.001550 0.001550 0.001550 0.001550 0.001550 0.327132 0.272868 0.210853 
0.042623 0.001639 0.009836 0.165574 0.001639 0.009836 0.337705 0.222951 0.132787 0.075410 
0.393600 0.009600 0.001600 0.001600 0.129600 0.001600 0.001600 0.113600 0.273600 0.073600 
0.382301 0.010619 0.028319 0.001770 0.001770 0.001770 0.001770 0.072566 0.435398 0.063717 
0.060131 0.001307 0.001307 0.001307 0.040523 0.001307 0.190850 0.073203 0.001307 0.628758 
0.001227 0.001227 0.007362 0.019632 0.522699 0.001227 0.001227 0.197546 0.001227 0.246626 
0.104516 0.001290 0.001290 0.001290 0.362581 0.001290 0.001290 0.001290 0.001290 0.523871 
0.226178 0.001047 0.252356 0.001047 0.006283 0.006283 0.158115 0.001047 0.330890 0.016754 
0.320879 0.200000 0.002198 0.013187 0.452747 0.002198 0.002198 0.002198 0.002198 0.002198 
0.001212 0.237576 0.007273 0.358788 0.140606 0.013333 0.001212 0.001212 0.225455 0.013333 
0.480851 0.289362 0.002128 0.002128 0.002128 0.023404 0.182979 0.002128 0.002128 0.012766 
0.328205 0.091026 0.001282 0.001282 0.001282 0.315385 0.257692 0.001282 0.001282 0.001282 
0.308029 0.249635 0.001460 0.067153 0.001460 0.286131 0.001460 0.001460 0.067153 0.016058 
0.001258 0.001258 0.001258 0.001258 0.001258 0.145912 0.240252 0.026415 0.359748 0.221384 
0.001852 0.001852 0.001852 0.038889 0.001852 0.872222 0.001852 0.001852 0.075926 0.001852 
0.579459 0.001081 0.001081 0.028108 0.001081 0.320000 0.038919 0.011892 0.017297 0.001081 
0.463158 0.205848 0.001170 0.001170 0.047953 0.217544 0.001170 0.007018 0.053801 0.001170 
0.062585 0.008163 0.001361 0.001361 0.736054 0.021769 0.001361 0.001361 0.144218 0.021769 
0.135238 0.325714 0.001905 0.001905 0.068571 0.059048 0.335238 0.030476 0.011429 0.030476 
0.001124 0.096629 0.001124 0.040449 0.141573 0.214607 0.051685 0.001124 0.293258 0.158427 
0.001923 0.011538 0.001923 0.001923 0.011538 0.626923 0.001923 0.126923 0.213462 0.001923 
0.027350 0.189744 0.001709 0.001709 0.523077 0.018803 0.001709 0.001709 0.232479 0.001709 
0.007186 0.031138 0.001198 0.001198 0.228743 0.001198 0.001198 0.001198 0.725749 0.001198 
0.001117 0.006704 0.001117 0.001117 0.023464 0.174302 0.001117 0.056983 0.408939 0.325140 
0.097391 0.019130 0.001739 0.010435 0.001739 0.280000 0.584348 0.001739 0.001739 0.001739 
0.204348 0.211594 0.001449 0.001449 0.146377 0.081159 0.001449 0.001449 0.349275 0.001449 
0.001600 0.409600 0.313600 0.001600 0.113600 0.001600 0.001600 0.001600 0.153600 0.001600 
0.001538 0.001538 0.001538 0.001538 0.001538 0.986154 0.001538 0.001538 0.001538 0.001538 
0.001626 0.131707 0.001626 0.164228 0.042276 0.123577 0.001626 0.001626 0.375610 0.156098 
0.053846 0.002564 0.015385 0.002564 0.053846 0.041026 0.002564 0.233333 0.566667 0.028205 
0.700000 0.001370 0.001370 0.008219 0.049315 0.213699 0.001370 0.001370 0.001370 0.021918 
0.214173 0.040945 0.001575 0.001575 0.088189 0.560630 0.017323 0.048819 0.001575 0.025197 
0.173563 0.345977 0.075862 0.098851 0.024138 0.208046 0.001149 0.047126 0.024138 0.001149 
0.424000 0.001143 0.041143 0.001143 0.006857 0.092571 0.024000 0.006857 0.109714 0.292571 
0.001887 0.181132 0.001887 0.001887 0.001887 0.011321 0.756604 0.001887 0.030189 0.011321 
0.001379 0.118621 0.318621 0.208276 0.001379 0.118621 0.022069 0.001379 0.208276 0.001379 
0.001724 0.303448 0.079310 0.122414 0.225862 0.200000 0.001724 0.001724 0.001724 0.062069 
0.112195 0.002439 0.039024 0.002439 0.002439 0.026829 0.624390 0.002439 0.148780 0.039024 
0.163810 0.011429 0.001905 0.363810 0.001905 0.325714 0.125714 0.001905 0.001905 0.001905 
0.001325 0.259603 0.312583 0.160265 0.001325 0.001325 0.007947 0.041060 0.213245 0.001325 
0.001770 0.001770 0.054867 0.001770 0.019469 0.753982 0.081416 0.001770 0.081416 0.001770 
0.001575 0.040945 0.001575 0.017323 0.560630 0.001575 0.135433 0.001575 0.080315 0.159055 
0.039506 0.459259 0.002469 0.014815 0.162963 0.002469 0.027160 0.002469 0.286420 0.002469 
0.001242 0.007453 0.001242 0.094410 0.057143 0.001242 0.156522 0.001242 0.678261 0.001242 
0.007101 0.013018 0.007101 0.166864 0.001183 0.776331 0.007101 0.001183 0.001183 0.018935 
0.127083 0.002083 0.002083 0.002083 0.043750 0.731250 0.085417 0.002083 0.002083 0.002083 
0.001961 0.090196 0.011765 0.149020 0.011765 0.639216 0.001961 0.080392 0.011765 0.001961 
0.001770 0.001770 0.019469 0.001770 0.001770 0.019469 0.001770 0.284956 0.161062 0.506195 
0.001527 0.001527 0.001527 0.001527 0.375573 0.001527 0.085496 0.001527 0.429008 0.100763 
0.001361 0.001361 0.008163 0.001361 0.171429 0.001361 0.001361 0.028571 0.314286 0.470748 
0.001600 0.057600 0.001600 0.001600 0.113600 0.001600 0.009600 0.009600 0.001600 0.801600 
0.024176 0.002198 0.013187 0.013187 0.002198 0.002198 0.112088 0.551648 0.013187 0.265934 
0.001786 0.001786 0.001786 0.010714 0.064286 0.001786 0.073214 0.225000 0.001786 0.617857 
0.010435 0.071304 0.045217 0.027826 0.019130 0.027826 0.001739 0.766957 0.001739 0.027826 
0.001149 0.001149 0.001149 0.024138 0.340230 0.368966 0.006897 0.081609 0.001149 0.173563 
0.001905 0.001905 0.430476 0.001905 0.001905 0.001905 0.001905 0.040000 0.001905 0.516190 
0.021622 0.001351 0.001351 0.001351 0.001351 0.008108 0.183784 0.062162 0.001351 0.717568 
0.001980 0.001980 0.001980 0.001980 0.051485 0.061386 0.001980 0.833663 0.001980 0.041584 
0.002000 0.002000 0.002000 0.002000 0.072000 0.002000 0.002000 0.222000 0.002000 0.692000 
0.074227 0.002062 0.002062 0.002062 0.239175 0.002062 0.012371 0.002062 0.002062 0.661856 
0.002020 0.012121 0.002020 0.002020 0.375758 0.002020 0.002020 0.173737 0.022222 0.406061 
0.025000 0.157812 0.001563 0.009375 0.267188 0.017188 0.001563 0.001563 0.298438 0.220312 
0.008889 0.001481 0.001481 0.001481 0.038519 0.001481 0.001481 0.038519 0.001481 0.905185 
0.087500 0.001563 0.001563 0.048438 0.001563 0.001563 0.173437 0.001563 0.001563 0.681250 
0.001190 0.007143 0.001190 0.007143 0.001190 0.001190 0.048810 0.001190 0.001190 0.929762 
0.001681 0.052101 0.001681 0.018487 0.001681 0.001681 0.001681 0.447059 0.001681 0.472269 
0.001527 0.001527 0.001527 0.009160 0.001527 0.001527 0.001527 0.398473 0.222901 0.360305 
0.001550 0.001550 0.001550 0.001550 0.086822 0.032558 0.148837 0.001550 0.001550 0.722481 
0.001563 0.001563 0.025000 0.009375 0.329688 0.001563 0.126562 0.001563 0.032813 0.470313 
0.001835 0.001835 0.001835 0.001835 0.570642 0.001835 0.001835 0.001835 0.001835 0.414679 
0.001299 0.001299 0.001299 0.001299 0.287013 0.001299 0.001299 0.001299 0.001299 0.702597 
0.419780 0.013187 0.002198 0.035165 0.156044 0.002198 0.002198 0.002198 0.002198 0.364835 
0.001770 0.001770 0.010619 0.028319 0.152212 0.001770 0.001770 0.692035 0.001770 0.107965 
0.001351 0.028378 0.001351 0.001351 0.062162 0.014865 0.318919 0.035135 0.001351 0.535135 
0.295413 0.001835 0.001835 0.102752 0.020183 0.001835 0.020183 0.001835 0.166972 0.387156 
0.016923 0.001538 0.001538 0.001538 0.309231 0.016923 0.001538 0.286154 0.001538 0.363077 
0.085496 0.001527 0.001527 0.001527 0.123664 0.001527 0.001527 0.001527 0.001527 0.780153 
0.025197 0.001575 0.001575 0.064567 0.009449 0.103937 0.001575 0.781102 0.009449 0.001575 
0.174713 0.013793 0.048276 0.151724 0.002299 0.002299 0.002299 0.002299 0.082759 0.519540 
0.002105 0.002105 0.002105 0.033684 0.149474 0.023158 0.002105 0.002105 0.002105 0.781053 
0.001527 0.009160 0.001527 0.024427 0.001527 0.001527 0.154198 0.444275 0.001527 0.360305 
0.001563 0.001563 0.001563 0.001563 0.603125 0.103125 0.126562 0.009375 0.064062 0.087500 
0.001653 0.001653 0.001653 0.042975 0.001653 0.059504 0.001653 0.067769 0.348760 0.472727 
0.169466 0.001527 0.009160 0.032061 0.062595 0.123664 0.001527 0.230534 0.367939 0.001527 
0.001538 0.001538 0.016923 0.001538 0.286154 0.155385 0.201538 0.009231 0.316923 0.009231 
0.196875 0.001563 0.001563 0.001563 0.001563 0.001563 0.001563 0.001563 0.001563 0.790625 
0.001227 0.001227 0.007362 0.001227 0.013497 0.001227 0.001227 0.105521 0.657669 0.209816 
0.088406 0.001449 0.001449 0.001449 0.008696 0.015942 0.001449 0.008696 0.001449 0.871014 
0.082500 0.007500 0.001250 0.001250 0.032500 0.001250 0.001250 0.001250 0.001250 0.870000 
0.068919 0.008108 0.001351 0.001351 0.001351 0.001351 0.129730 0.014865 0.001351 0.771622 
0.018182 0.009917 0.233058 0.034711 0.001653 0.001653 0.001653 0.001653 0.092562 0.604959 
0.085000 0.001667 0.001667 0.026667 0.010000 0.001667 0.443333 0.001667 0.018333 0.410000 
0.332075 0.115094 0.001887 0.058491 0.001887 0.001887 0.322642 0.020755 0.001887 0.143396 
0.002128 0.012766 0.087234 0.002128 0.023404 0.002128 0.214894 0.002128 0.002128 0.651064 
0.001563 0.001563 0.087500 0.001563 0.001563 0.001563 0.001563 0.025000 0.001563 0.876563 
0.118974 0.001026 0.001026 0.001026 0.001026 0.001026 0.195897 0.093333 0.001026 0.585641 
0.126471 0.001471 0.045588 0.001471 0.001471 0.008824 0.780882 0.001471 0.030882 0.001471 
0.001130 0.001130 0.001130 0.001130 0.074576 0.001130 0.741243 0.085876 0.001130 0.091525 
0.008000 0.001333 0.014667 0.014667 0.001333 0.008000 0.308000 0.034667 0.221333 0.388000 
0.388321 0.001460 0.001460 0.008759 0.001460 0.001460 0.110949 0.001460 0.001460 0.483212 
0.001183 0.001183 0.001183 0.001183 0.060355 0.007101 0.001183 0.001183 0.149112 0.776331 
0.001460 0.001460 0.001460 0.001460 0.001460 0.001460 0.534307 0.001460 0.001460 0.454015 
0.001481 0.001481 0.001481 0.001481 0.031111 0.016296 0.371852 0.001481 0.001481 0.571852 
0.001183 0.001183 0.001183 0.243787 0.042604 0.007101 0.089941 0.001183 0.249704 0.362130 
0.116092 0.208046 0.001149 0.006897 0.035632 0.001149 0.558621 0.001149 0.012644 0.058621 
0.001307 0.001307 0.001307 0.014379 0.230065 0.020915 0.001307 0.465359 0.001307 0.262745 
0.032061 0.154198 0.001527 0.001527 0.291603 0.001527 0.505344 0.001527 0.001527 0.009160 
0.380645 0.187097 0.195161 0.001613 0.001613 0.001613 0.203226 0.001613 0.017742 0.009677 
0.299338 0.001325 0.001325 0.001325 0.001325 0.001325 0.001325 0.007947 0.127152 0.557616 
0.007595 0.007595 0.001266 0.001266 0.001266 0.013924 0.956962 0.001266 0.001266 0.007595 
0.007742 0.001290 0.001290 0.098065 0.098065 0.175484 0.001290 0.001290 0.349677 0.265806 
0.168056 0.001389 0.063889 0.001389 0.001389 0.001389 0.015278 0.001389 0.237500 0.508333 
0.001418 0.008511 0.001418 0.001418 0.086525 0.001418 0.001418 0.036879 0.022695 0.838298 
0.146369 0.029050 0.001117 0.001117 0.001117 0.001117 0.246927 0.001117 0.001117 0.570950 
0.214815 0.298148 0.001852 0.112963 0.001852 0.085185 0.001852 0.011111 0.011111 0.261111 
0.001600 0.009600 0.081600 0.009600 0.001600 0.017600 0.001600 0.337600 0.001600 0.537600 
0.109639 0.019277 0.001205 0.459036 0.001205 0.001205 0.037349 0.001205 0.001205 0.368675 
0.001235 0.069136 0.445679 0.112346 0.001235 0.001235 0.260494 0.062963 0.013580 0.032099 
0.001980 0.001980 0.427723 0.001980 0.001980 0.001980 0.100990 0.001980 0.001980 0.457426 
0.277165 0.001575 0.111811 0.001575 0.497638 0.001575 0.001575 0.001575 0.001575 0.103937 
0.102222 0.002222 0.402222 0.046667 0.024444 0.002222 0.002222 0.068889 0.057778 0.291111 
0.001156 0.012717 0.654335 0.001156 0.105202 0.001156 0.087861 0.006936 0.001156 0.128324 
0.001481 0.001481 0.179259 0.001481 0.312593 0.001481 0.401481 0.001481 0.008889 0.090370 
0.528421 0.002105 0.391579 0.044211 0.002105 0.002105 0.002105 0.002105 0.002105 0.023158 
0.210072 0.001439 0.382734 0.001439 0.030216 0.001439 0.001439 0.001439 0.001439 0.368345 
0.010435 0.001739 0.453913 0.001739 0.210435 0.036522 0.019130 0.001739 0.001739 0.262609 
0.001274 0.014013 0.198726 0.001274 0.281529 0.001274 0.001274 0.001274 0.001274 0.498089 
0.021769 0.157823 0.423129 0.028571 0.001361 0.185034 0.117007 0.014966 0.048980 0.001361 
0.001587 0.001587 0.263492 0.009524 0.350794 0.001587 0.001587 0.001587 0.001587 0.366667 
0.009449 0.001575 0.348031 0.001575 0.001575 0.001575 0.001575 0.001575 0.048819 0.584252 
0.001361 0.001361 0.409524 0.001361 0.001361 0.151020 0.001361 0.014966 0.395918 0.021769 
0.001408 0.008451 0.149296 0.001408 0.001408 0.001408 0.001408 0.001408 0.001408 0.832394 
0.100000 0.001639 0.198361 0.001639 0.616393 0.001639 0.009836 0.001639 0.001639 0.067213 
0.001087 0.001087 0.609783 0.001087 0.033696 0.028261 0.001087 0.071739 0.251087 0.001087 
0.047059 0.001307 0.014379 0.001307 0.001307 0.001307 0.138562 0.733333 0.001307 0.060131 
0.723077 0.030769 0.237870 0.001183 0.001183 0.001183 0.001183 0.001183 0.001183 0.001183 
0.001724 0.027586 0.243103 0.001724 0.182759 0.001724 0.001724 0.260345 0.001724 0.277586 
0.001724 0.053448 0.191379 0.001724 0.182759 0.001724 0.001724 0.303448 0.001724 0.260345 
0.001361 0.001361 0.008163 0.001361 0.001361 0.008163 0.001361 0.103401 0.804082 0.069388 
0.009917 0.034711 0.001653 0.001653 0.100826 0.001653 0.001653 0.646281 0.026446 0.175207 
0.001613 0.001613 0.001613 0.001613 0.372581 0.275806 0.033871 0.001613 0.001613 0.308065 
0.158947 0.001053 0.480000 0.043158 0.069474 0.001053 0.095789 0.001053 0.016842 0.132632 
0.001709 0.001709 0.121368 0.001709 0.129915 0.001709 0.001709 0.548718 0.001709 0.189744 
0.428000 0.001333 0.268000 0.001333 0.088000 0.001333 0.001333 0.001333 0.001333 0.208000 
0.409600 0.001600 0.369600 0.065600 0.001600 0.001600 0.001600 0.017600 0.001600 0.129600 
0.002247 0.103371 0.226966 0.002247 0.080899 0.024719 0.002247 0.552809 0.002247 0.002247 
0.211842 0.001316 0.047368 0.001316 0.001316 0.001316 0.001316 0.001316 0.257895 0.475000 
0.526857 0.001143 0.258286 0.001143 0.001143 0.001143 0.001143 0.064000 0.001143 0.144000 
0.582857 0.001905 0.344762 0.001905 0.001905 0.001905 0.040000 0.011429 0.001905 0.011429 
0.361905 0.001361 0.001361 0.008163 0.008163 0.001361 0.001361 0.287075 0.001361 0.327891 
0.008633 0.001439 0.094964 0.023022 0.001439 0.001439 0.130935 0.138129 0.533813 0.066187 
0.158261 0.001739 0.245217 0.001739 0.019130 0.001739 0.001739 0.540870 0.001739 0.027826 
0.001852 0.011111 0.298148 0.001852 0.548148 0.001852 0.103704 0.001852 0.001852 0.029630 
0.002326 0.060465 0.002326 0.002326 0.002326 0.013953 0.002326 0.002326 0.490698 0.420930 
0.406993 0.008392 0.001399 0.022378 0.001399 0.015385 0.050350 0.001399 0.330070 0.162238 
0.063014 0.008219 0.227397 0.001370 0.001370 0.028767 0.001370 0.275342 0.391781 0.001370 
0.001370 0.001370 0.001370 0.076712 0.069863 0.001370 0.001370 0.686301 0.001370 0.158904 
0.001504 0.001504 0.001504 0.001504 0.001504 0.001504 0.076692 0.580451 0.099248 0.234586 
0.041333 0.001333 0.008000 0.001333 0.008000 0.001333 0.201333 0.001333 0.001333 0.734667 
0.002105 0.033684 0.002105 0.833684 0.002105 0.086316 0.002105 0.002105 0.002105 0.033684 
0.001754 0.317544 0.001754 0.300000 0.001754 0.001754 0.001754 0.001754 0.370175 0.001754 
0.204878 0.001626 0.001626 0.099187 0.042276 0.001626 0.131707 0.001626 0.009756 0.505691 
0.001550 0.001550 0.001550 0.536434 0.001550 0.001550 0.203101 0.001550 0.001550 0.249612 
0.231193 0.001835 0.075229 0.322936 0.139450 0.148624 0.020183 0.001835 0.038532 0.020183 
0.001307 0.027451 0.014379 0.857516 0.001307 0.086275 0.001307 0.007843 0.001307 0.001307 
0.001299 0.001299 0.001299 0.027273 0.059740 0.838961 0.001299 0.001299 0.066234 0.001299 
0.001449 0.102899 0.037681 0.523188 0.001449 0.327536 0.001449 0.001449 0.001449 0.001449 
0.469725 0.001835 0.001835 0.286239 0.231193 0.001835 0.001835 0.001835 0.001835 0.001835 
0.001942 0.147573 0.001942 0.225243 0.118447 0.312621 0.176699 0.011650 0.001942 0.001942 
0.021918 0.001370 0.001370 0.467123 0.063014 0.439726 0.001370 0.001370 0.001370 0.001370 
0.161600 0.001600 0.001600 0.521600 0.001600 0.001600 0.001600 0.001600 0.025600 0.281600 
0.020183 0.001835 0.001835 0.625688 0.001835 0.258716 0.001835 0.001835 0.084404 0.001835 
0.001481 0.001481 0.245926 0.312593 0.097778 0.245926 0.001481 0.001481 0.045926 0.045926 
0.090446 0.001274 0.135032 0.587261 0.014013 0.147771 0.001274 0.001274 0.001274 0.020382 
0.001439 0.023022 0.001439 0.152518 0.001439 0.814388 0.001439 0.001439 0.001439 0.001439 
0.001220 0.068293 0.196341 0.513415 0.013415 0.086585 0.001220 0.007317 0.001220 0.110976 
0.001626 0.001626 0.001626 0.871545 0.001626 0.009756 0.074797 0.001626 0.034146 0.001626 
0.001802 0.001802 0.001802 0.470270 0.055856 0.001802 0.299099 0.001802 0.163964 0.001802 
0.001802 0.001802 0.335135 0.461261 0.010811 0.001802 0.082883 0.001802 0.091892 0.010811 
0.016923 0.001538 0.001538 0.440000 0.001538 0.024615 0.486154 0.016923 0.001538 0.009231 
0.092562 0.001653 0.001653 0.464463 0.001653 0.117355 0.158678 0.158678 0.001653 0.001653 
0.001156 0.001156 0.018497 0.284393 0.012717 0.446243 0.012717 0.053179 0.145665 0.024277 
0.001290 0.014194 0.446452 0.420645 0.007742 0.040000 0.001290 0.001290 0.046452 0.020645 
0.001538 0.001538 0.016923 0.809231 0.001538 0.040000 0.116923 0.001538 0.001538 0.009231 
0.001235 0.001235 0.025926 0.902469 0.001235 0.001235 0.001235 0.019753 0.044444 0.001235 
0.001325 0.259603 0.007947 0.001325 0.001325 0.007947 0.312583 0.405298 0.001325 0.001325 
0.007742 0.059355 0.059355 0.001290 0.588387 0.001290 0.027097 0.001290 0.227097 0.027097 
0.001333 0.021333 0.001333 0.001333 0.001333 0.034667 0.001333 0.168000 0.001333 0.768000 
0.001739 0.001739 0.001739 0.001739 0.010435 0.001739 0.001739 0.584348 0.001739 0.393043 
0.001515 0.130303 0.198485 0.425758 0.153030 0.001515 0.009091 0.054545 0.024242 0.001515 
0.001274 0.147771 0.090446 0.014013 0.001274 0.122293 0.185987 0.096815 0.338854 0.001274 
0.001250 0.001250 0.001250 0.001250 0.345000 0.001250 0.082500 0.045000 0.320000 0.201250 
0.001307 0.001307 0.092810 0.001307 0.001307 0.001307 0.001307 0.060131 0.007843 0.831373 
0.042424 0.002020 0.002020 0.002020 0.183838 0.002020 0.012121 0.254545 0.002020 0.496970 
0.000966 0.010628 0.015459 0.000966 0.005797 0.000966 0.633816 0.000966 0.000966 0.329469 
0.001786 0.153571 0.010714 0.001786 0.001786 0.100000 0.108929 0.135714 0.483929 0.001786 
0.001190 0.001190 0.013095 0.001190 0.001190 0.001190 0.001190 0.572619 0.001190 0.405952 
0.001418 0.001418 0.001418 0.001418 0.001418 0.001418 0.001418 0.923404 0.065248 0.001418 
0.001449 0.001449 0.008696 0.001449 0.508696 0.001449 0.073913 0.001449 0.001449 0.400000 
0.001316 0.001316 0.014474 0.001316 0.034211 0.001316 0.001316 0.021053 0.001316 0.922368 
0.001550 0.001550 0.001550 0.009302 0.001550 0.048062 0.257364 0.001550 0.001550 0.675969 
0.002000 0.122000 0.002000 0.002000 0.002000 0.122000 0.002000 0.002000 0.502000 0.242000 
0.001399 0.141259 0.001399 0.078322 0.015385 0.001399 0.001399 0.225175 0.448951 0.085315 
0.021333 0.021333 0.001333 0.168000 0.028000 0.001333 0.114667 0.001333 0.001333 0.641333 
0.001449 0.030435 0.001449 0.001449 0.001449 0.001449 0.037681 0.465217 0.008696 0.450725 
0.173134 0.023881 0.068657 0.008955 0.001493 0.001493 0.001493 0.479104 0.001493 0.240299 
0.007895 0.007895 0.198684 0.001316 0.001316 0.001316 0.001316 0.198684 0.001316 0.580263 
0.001316 0.093421 0.001316 0.001316 0.001316 0.001316 0.034211 0.047368 0.021053 0.797368 
0.001227 0.001227 0.400000 0.001227 0.142331 0.007362 0.001227 0.363190 0.001227 0.080982 
0.023022 0.001439 0.001439 0.001439 0.037410 0.008633 0.231655 0.346763 0.001439 0.346763 
0.305405 0.001351 0.008108 0.170270 0.001351 0.014865 0.095946 0.386486 0.001351 0.014865 
0.001361 0.001361 0.001361 0.001361 0.552381 0.001361 0.069388 0.055782 0.157823 0.157823 
0.001316 0.001316 0.001316 0.073684 0.001316 0.100000 0.021053 0.001316 0.001316 0.797368 
0.019394 0.019394 0.001212 0.007273 0.013333 0.001212 0.134545 0.019394 0.607273 0.176970 
0.002326 0.002326 0.002326 0.002326 0.002326 0.002326 0.002326 0.606977 0.223256 0.153488 
0.008955 0.001493 0.023881 0.001493 0.001493 0.105970 0.255224 0.508955 0.091045 0.001493 
0.001266 0.064557 0.267089 0.001266 0.001266 0.001266 0.210127 0.007595 0.001266 0.444304 
0.139837 0.001626 0.001626 0.042276 0.001626 0.050407 0.001626 0.115447 0.408130 0.237398 
0.110145 0.204348 0.037681 0.371014 0.001449 0.066667 0.001449 0.204348 0.001449 0.001449 
0.030409 0.001170 0.071345 0.047953 0.381287 0.001170 0.030409 0.276023 0.007018 0.153216 
0.118333 0.001667 0.001667 0.001667 0.001667 0.035000 0.110000 0.218333 0.001667 0.510000 
0.047399 0.001156 0.001156 0.116763 0.001156 0.365318 0.122543 0.290173 0.053179 0.001156 
0.010084 0.001681 0.060504 0.144538 0.262185 0.245378 0.001681 0.001681 0.245378 0.026891 
0.025600 0.033600 0.001600 0.297600 0.001600 0.009600 0.001600 0.057600 0.001600 0.569600 
0.002041 0.104082 0.042857 0.063265 0.002041 0.104082 0.022449 0.542857 0.114286 0.002041 
0.001342 0.001342 0.001342 0.001342 0.370470 0.008054 0.001342 0.001342 0.115436 0.497987 
0.008824 0.001471 0.001471 0.104412 0.001471 0.008824 0.045588 0.508824 0.001471 0.317647 
0.001408 0.128169 0.078873 0.092958 0.001408 0.057746 0.107042 0.529577 0.001408 0.001408 
0.221212 0.046970 0.016667 0.281818 0.016667 0.168182 0.024242 0.213636 0.009091 0.001515 
0.001739 0.001739 0.123478 0.653913 0.001739 0.001739 0.001739 0.019130 0.001739 0.193043 
0.873469 0.001020 0.072449 0.001020 0.001020 0.046939 0.001020 0.001020 0.001020 0.001020 
0.013665 0.050932 0.454658 0.001242 0.106832 0.001242 0.367702 0.001242 0.001242 0.001242 
0.262420 0.001274 0.045860 0.001274 0.122293 0.154140 0.007643 0.007643 0.001274 0.396178 
0.342424 0.001515 0.001515 0.001515 0.168182 0.115152 0.357576 0.001515 0.009091 0.001515 
0.001111 0.151111 0.128889 0.001111 0.001111 0.001111 0.001111 0.412222 0.006667 0.295556 
0.001124 0.001124 0.001124 0.001124 0.001124 0.001124 0.557303 0.012360 0.001124 0.422472 
0.220548 0.015068 0.021918 0.001370 0.001370 0.001370 0.063014 0.213699 0.001370 0.460274 
