0.002631578947368421 0.028947368421052635 0.015789473684210527 0.002631578947368421 0.002631578947368421 0.7526315789473684 0.002631578947368421 0.06842105263157895 0.002631578947368421 0.12105263157894736 
0.0044444444444444444 0.09333333333333334 0.0044444444444444444 0.0044444444444444444 0.0044444444444444444 0.0044444444444444444 0.0044444444444444444 0.42666666666666664 0.0044444444444444444 0.4488888888888889 
0.0025 0.0025 0.0025 0.29 0.015 0.0025 0.0025 0.0025 0.0025 0.6775 
0.0011111111111111111 0.07333333333333333 0.06222222222222222 0.006666666666666666 0.0011111111111111111 0.012222222222222223 0.0011111111111111111 0.02888888888888889 0.7955555555555555 0.017777777777777778 
4.37636761487965E-4 0.5452954048140044 4.37636761487965E-4 0.3221006564551422 0.00262582056892779 0.01137855579868709 0.009190371991247266 4.37636761487965E-4 0.017943107221006564 0.09015317286652079 
6.430868167202572E-4 6.430868167202572E-4 6.430868167202572E-4 0.0038585209003215433 0.00707395498392283 0.97491961414791 6.430868167202572E-4 0.0038585209003215433 0.00707395498392283 6.430868167202572E-4 
0.02933884297520661 0.8433884297520661 4.132231404958678E-4 0.023140495867768594 4.132231404958678E-4 0.0024793388429752063 4.132231404958678E-4 4.132231404958678E-4 0.0975206611570248 0.0024793388429752063 
0.015584415584415584 0.015584415584415584 0.0025974025974025974 0.09350649350649351 0.14545454545454545 0.0025974025974025974 0.0025974025974025974 0.05454545454545455 0.0025974025974025974 0.6649350649350649 
0.018340611353711792 0.7999999999999999 0.00960698689956332 0.00960698689956332 8.733624454148472E-4 8.733624454148472E-4 8.733624454148472E-4 0.06637554585152838 8.733624454148472E-4 0.09257641921397379 
0.006666666666666667 0.04 0.006666666666666667 0.006666666666666667 0.07333333333333333 0.006666666666666667 0.006666666666666667 0.006666666666666667 0.04 0.8066666666666666 
0.0029850746268656717 0.0029850746268656717 0.0029850746268656717 0.0029850746268656717 0.0029850746268656717 0.09253731343283582 0.48059701492537316 0.032835820895522394 0.04776119402985075 0.33134328358208953 
0.01929824561403509 0.0017543859649122807 0.6596491228070176 0.0017543859649122807 0.0017543859649122807 0.0017543859649122807 0.028070175438596492 0.028070175438596492 0.0017543859649122807 0.256140350877193 
0.06425339366515836 9.049773755656109E-4 9.049773755656109E-4 9.049773755656109E-4 0.00995475113122172 0.13665158371040723 9.049773755656109E-4 9.049773755656109E-4 0.5846153846153845 0.2 
0.0020373514431239388 0.005432937181663837 0.022410865874363327 0.04957555178268251 3.3955857385398983E-4 0.06825127334465196 3.3955857385398983E-4 0.8509337860780984 3.3955857385398983E-4 3.3955857385398983E-4 
0.0025974025974025974 0.0025974025974025974 0.0025974025974025974 0.0025974025974025974 0.0025974025974025974 0.0025974025974025974 0.0025974025974025974 0.8337662337662338 0.0025974025974025974 0.14545454545454545 
0.10232558139534884 0.0015503875968992248 0.0015503875968992248 0.4744186046511628 0.0015503875968992248 0.03255813953488372 0.0015503875968992248 0.0015503875968992248 0.0015503875968992248 0.3813953488372093 
0.002380952380952381 0.02619047619047619 0.002380952380952381 0.002380952380952381 0.002380952380952381 0.6095238095238096 0.02619047619047619 0.002380952380952381 0.02619047619047619 0.3 
0.031353919239904986 4.7505938242280285E-4 4.7505938242280285E-4 4.7505938242280285E-4 4.7505938242280285E-4 0.5301662707838479 0.1643705463182898 4.7505938242280285E-4 4.7505938242280285E-4 0.27125890736342045 
0.096875 0.034375 0.003125 0.003125 0.003125 0.003125 0.003125 0.003125 0.003125 0.846875 
0.6460881934566145 0.007396870554765292 0.007396870554765292 0.1539118065433855 2.844950213371266E-4 2.844950213371266E-4 0.013086770981507822 2.844950213371266E-4 2.844950213371266E-4 0.1709815078236131 
0.02682926829268293 0.0024390243902439024 0.014634146341463414 0.0024390243902439024 0.0024390243902439024 0.0024390243902439024 0.0024390243902439024 0.03902439024390244 0.0024390243902439024 0.9048780487804878 
0.013389121338912135 0.09288702928870293 0.00502092050209205 0.20167364016736403 8.368200836820084E-4 0.009205020920502092 0.6326359832635983 0.042677824267782424 8.368200836820084E-4 8.368200836820084E-4 
0.772644376899696 6.079027355623101E-4 0.04316109422492401 0.031003039513677808 6.079027355623101E-4 6.079027355623101E-4 0.00364741641337386 6.079027355623101E-4 6.079027355623101E-4 0.14650455927051673 
0.007407407407407408 0.15892255892255894 0.04781144781144781 0.13535353535353536 6.734006734006734E-4 0.09158249158249158 6.734006734006734E-4 0.041077441077441074 0.5057239057239057 0.010774410774410775 
0.001639344262295082 0.23114754098360654 0.22295081967213115 0.001639344262295082 0.10819672131147541 0.02622950819672131 0.001639344262295082 0.042622950819672135 0.16557377049180327 0.19836065573770492 
2.2396416573348266E-4 2.2396416573348266E-4 2.2396416573348266E-4 0.0013437849944008958 0.9968645016797313 2.2396416573348266E-4 2.2396416573348266E-4 2.2396416573348266E-4 2.2396416573348266E-4 2.2396416573348266E-4 
0.06666666666666667 0.1272727272727273 0.006060606060606061 0.3090909090909091 0.006060606060606061 0.1575757575757576 0.006060606060606061 0.006060606060606061 0.3090909090909091 0.006060606060606061 
0.038730158730158726 0.05142857142857143 0.029206349206349205 0.019682539682539683 6.349206349206349E-4 0.06095238095238095 0.11492063492063492 0.07365079365079365 0.6101587301587301 6.349206349206349E-4 
0.018032786885245903 0.001639344262295082 0.001639344262295082 0.7065573770491803 0.001639344262295082 0.001639344262295082 0.14918032786885246 0.09180327868852459 0.001639344262295082 0.02622950819672131 
0.016216216216216217 0.002702702702702703 0.002702702702702703 0.016216216216216217 0.002702702702702703 0.5567567567567568 0.002702702702702703 0.002702702702702703 0.2594594594594595 0.13783783783783782 
0.008695652173913044 0.1391304347826087 0.1391304347826087 0.008695652173913044 0.008695652173913044 0.008695652173913044 0.05217391304347826 0.008695652173913044 0.008695652173913044 0.6173913043478261 
0.06564885496183206 0.5236641221374045 7.633587786259542E-4 0.042748091603053436 0.004580152671755725 0.2068702290076336 7.633587786259542E-4 7.633587786259542E-4 7.633587786259542E-4 0.1534351145038168 
0.04489795918367347 0.004081632653061225 0.004081632653061225 0.004081632653061225 0.10612244897959185 0.004081632653061225 0.004081632653061225 0.024489795918367346 0.004081632653061225 0.8 
0.0036363636363636364 0.021818181818181816 0.27636363636363637 0.0036363636363636364 0.0036363636363636364 0.0036363636363636364 0.0036363636363636364 0.6581818181818182 0.021818181818181816 0.0036363636363636364 
0.0025974025974025974 0.06753246753246754 0.17142857142857143 0.10649350649350649 0.0025974025974025974 0.015584415584415584 0.0025974025974025974 0.09350649350649351 0.4441558441558442 0.09350649350649351 
6.269592476489029E-4 0.003761755485893417 6.269592476489029E-4 0.006896551724137932 0.003761755485893417 0.003761755485893417 0.003761755485893417 0.9755485893416928 6.269592476489029E-4 6.269592476489029E-4 
0.002105263157894737 0.002105263157894737 0.03368421052631579 0.002105263157894737 0.002105263157894737 0.0863157894736842 0.002105263157894737 0.002105263157894737 0.002105263157894737 0.8652631578947368 
0.0012121212121212121 0.007272727272727273 0.0012121212121212121 0.019393939393939394 0.07393939393939393 0.0012121212121212121 0.0012121212121212121 0.0012121212121212121 0.8921212121212121 0.0012121212121212121 
0.01935483870967742 0.0032258064516129032 0.0032258064516129032 0.0032258064516129032 0.0032258064516129032 0.0032258064516129032 0.0032258064516129032 0.0032258064516129032 0.0032258064516129032 0.9548387096774194 
0.48125 0.15833333333333333 0.02291666666666667 0.0020833333333333333 0.0020833333333333333 0.0020833333333333333 0.0020833333333333333 0.0020833333333333333 0.0020833333333333333 0.325 
0.13999999999999999 0.0025 0.04 0.29 0.0025 0.065 0.0025 0.0025 0.42750000000000005 0.027500000000000004 
0.46898734177215184 6.329113924050633E-4 6.329113924050633E-4 6.329113924050633E-4 0.006962025316455697 0.48481012658227846 0.032278481012658226 6.329113924050633E-4 0.0037974683544303796 6.329113924050633E-4 
0.0025 0.0025 0.0025 0.74 0.0025 0.015 0.0025 0.0025 0.052500000000000005 0.1775 
5.649717514124294E-4 0.26045197740112996 5.649717514124294E-4 0.18418079096045198 0.17005649717514126 5.649717514124294E-4 0.037288135593220334 0.09943502824858758 0.13333333333333333 0.11355932203389832 
4.3010752688172043E-4 0.0025806451612903226 0.028387096774193547 0.9488172043010752 4.3010752688172043E-4 0.0025806451612903226 0.00903225806451613 4.3010752688172043E-4 4.3010752688172043E-4 0.006881720430107527 
0.011320754716981131 0.08679245283018867 0.0018867924528301887 0.0018867924528301887 0.011320754716981131 0.4641509433962264 0.011320754716981131 0.07735849056603773 0.0018867924528301887 0.33207547169811324 
0.054634146341463415 0.06439024390243903 9.756097560975611E-4 0.2107317073170732 9.756097560975611E-4 0.06439024390243903 0.07414634146341463 0.005853658536585366 0.415609756097561 0.10829268292682927 
6.756756756756757E-4 6.756756756756757E-4 0.04121621621621621 0.01418918918918919 6.756756756756757E-4 0.8722972972972972 0.01756756756756757 0.010810810810810811 0.024324324324324326 0.01756756756756757 
0.0937799043062201 0.45980861244019133 0.06746411483253588 4.784688995215311E-4 4.784688995215311E-4 0.09856459330143541 0.031578947368421054 0.0028708133971291866 0.2444976076555024 4.784688995215311E-4 
0.0018018018018018018 0.0018018018018018018 0.0018018018018018018 0.9837837837837838 0.0018018018018018018 0.0018018018018018018 0.0018018018018018018 0.0018018018018018018 0.0018018018018018018 0.0018018018018018018 
0.002531645569620253 0.015189873417721518 0.002531645569620253 0.002531645569620253 0.002531645569620253 0.002531645569620253 0.002531645569620253 0.7367088607594937 0.21772151898734177 0.015189873417721518 
0.00975609756097561 0.0016260162601626016 0.0016260162601626016 0.9691056910569106 0.0016260162601626016 0.0016260162601626016 0.0016260162601626016 0.00975609756097561 0.0016260162601626016 0.0016260162601626016 
5.102040816326531E-4 0.05663265306122449 0.0770408163265306 0.018367346938775512 5.102040816326531E-4 0.020918367346938773 0.7964285714285714 0.02857142857142857 5.102040816326531E-4 5.102040816326531E-4 
0.49836065573770494 0.001092896174863388 0.006557377049180328 0.012021857923497269 0.001092896174863388 0.126775956284153 0.0994535519125683 0.001092896174863388 0.02295081967213115 0.2306010928961749 
0.12577319587628866 0.012371134020618556 0.012371134020618556 0.09484536082474226 0.06391752577319587 0.002061855670103093 0.002061855670103093 0.17731958762886596 0.15670103092783505 0.3525773195876289 
0.001869158878504673 0.020560747663551402 0.029906542056074768 0.001869158878504673 0.001869158878504673 0.4224299065420561 0.45981308411214955 0.001869158878504673 0.001869158878504673 0.05794392523364486 
0.38659217877094976 0.00111731843575419 0.15754189944134078 0.17988826815642459 0.00111731843575419 0.0067039106145251395 0.04022346368715084 0.2245810055865922 0.00111731843575419 0.00111731843575419 
0.0011235955056179776 0.029213483146067417 0.0011235955056179776 0.0011235955056179776 0.0011235955056179776 0.0011235955056179776 0.0011235955056179776 0.9617977528089887 0.0011235955056179776 0.0011235955056179776 
0.003703703703703704 0.003703703703703704 0.2074074074074074 0.3 0.003703703703703704 0.022222222222222223 0.003703703703703704 0.003703703703703704 0.18888888888888888 0.26296296296296295 
0.0014184397163120568 0.4907801418439717 0.0014184397163120568 0.0014184397163120568 0.0014184397163120568 0.3843971631205674 0.02269503546099291 0.0014184397163120568 0.0014184397163120568 0.09361702127659574 
0.002238805970149254 0.050746268656716415 3.7313432835820896E-4 3.7313432835820896E-4 3.7313432835820896E-4 0.013432835820895522 0.004104477611940299 0.9182835820895522 0.009701492537313432 3.7313432835820896E-4 
0.03859649122807017 5.847953216374269E-4 5.847953216374269E-4 0.056140350877192984 5.847953216374269E-4 0.00935672514619883 5.847953216374269E-4 5.847953216374269E-4 0.006432748538011696 0.8865497076023392 
0.09052396878483836 0.005797101449275362 0.5409141583054626 0.17525083612040132 2.229654403567447E-4 0.09609810479375697 2.229654403567447E-4 0.012486064659977703 2.229654403567447E-4 0.0782608695652174 
0.0428169014084507 5.633802816901409E-4 0.7357746478873239 5.633802816901409E-4 5.633802816901409E-4 5.633802816901409E-4 0.04563380281690141 5.633802816901409E-4 0.09352112676056339 0.07943661971830986 
0.05185185185185186 0.0024691358024691358 0.17530864197530863 0.1259259259259259 0.0024691358024691358 0.05185185185185186 0.027160493827160497 0.014814814814814814 0.0024691358024691358 0.5456790123456791 
0.02441860465116279 0.0011627906976744186 0.0011627906976744186 0.0011627906976744186 0.0069767441860465115 0.0011627906976744186 0.0011627906976744186 0.0011627906976744186 0.0011627906976744186 0.9604651162790697 
0.12508004268943437 0.006616862326574173 0.05144076840981857 0.015154749199573105 0.327854855923159 0.33212379935965847 0.01622198505869797 0.01728922091782284 2.1344717182497332E-4 0.1080042689434365 
0.003278688524590164 0.18360655737704917 0.003278688524590164 0.5606557377049181 0.003278688524590164 0.003278688524590164 0.23278688524590163 0.003278688524590164 0.003278688524590164 0.003278688524590164 
3.552397868561279E-4 3.552397868561279E-4 0.035879218472468916 0.009236234458259326 0.5012433392539964 0.0216696269982238 0.014564831261101242 0.40888099467140315 3.552397868561279E-4 0.007460035523978686 
0.008719346049046322 5.449591280653951E-4 0.04141689373297003 5.449591280653951E-4 5.449591280653951E-4 0.5427792915531335 0.3356948228882834 0.06866485013623978 5.449591280653951E-4 5.449591280653951E-4 
0.013414634146341465 0.14146341463414633 0.0012195121951219512 0.12926829268292683 0.0012195121951219512 0.0012195121951219512 0.0012195121951219512 0.6597560975609756 0.049999999999999996 0.0012195121951219512 
0.0017094017094017094 0.12136752136752137 0.0017094017094017094 0.12136752136752137 0.018803418803418806 0.0017094017094017094 0.0017094017094017094 0.19829059829059828 0.5316239316239316 0.0017094017094017094 
0.033093525179856115 7.194244604316547E-4 0.06546762589928057 0.8712230215827338 0.004316546762589928 0.018705035971223024 7.194244604316547E-4 7.194244604316547E-4 0.004316546762589928 7.194244604316547E-4 
0.817462482946794 2.7285129604365623E-4 0.03437926330150068 2.7285129604365623E-4 2.7285129604365623E-4 0.08758526603001365 2.7285129604365623E-4 0.0030013642564802184 2.7285129604365623E-4 0.056207366984993186 
0.001360544217687075 0.001360544217687075 0.001360544217687075 0.8653061224489796 0.001360544217687075 0.0217687074829932 0.001360544217687075 0.001360544217687075 0.014965986394557824 0.08979591836734693 
0.011764705882352941 5.602240896358544E-4 0.0453781512605042 0.3927170868347339 0.05938375350140056 0.2582633053221289 0.07619047619047618 0.050980392156862744 0.02857142857142857 0.07619047619047618 
6.097560975609756E-4 6.097560975609756E-4 0.8451219512195122 0.11341463414634147 6.097560975609756E-4 6.097560975609756E-4 6.097560975609756E-4 6.097560975609756E-4 6.097560975609756E-4 0.03719512195121951 
0.024489795918367346 0.10612244897959185 0.004081632653061225 0.2897959183673469 0.004081632653061225 0.004081632653061225 0.004081632653061225 0.5142857142857142 0.004081632653061225 0.04489795918367347 
0.004651162790697674 0.004651162790697674 0.004651162790697674 0.7488372093023257 0.027906976744186046 0.12093023255813953 0.027906976744186046 0.004651162790697674 0.027906976744186046 0.027906976744186046 
0.16513157894736843 0.07302631578947368 0.5467105263157894 0.003947368421052632 6.578947368421052E-4 0.04013157894736842 0.007236842105263159 6.578947368421052E-4 0.11907894736842106 0.043421052631578944 
0.08226120857699806 3.8986354775828464E-4 0.05497076023391813 0.008187134502923977 3.8986354775828464E-4 0.7352826510721248 0.0608187134502924 3.8986354775828464E-4 0.0042884990253411305 0.053021442495126705 
0.0011976047904191617 0.14491017964071856 0.21676646706586827 0.07305389221556886 0.01317365269461078 0.0011976047904191617 0.07305389221556886 0.0011976047904191617 0.0011976047904191617 0.47425149700598807 
0.0011111111111111111 0.2788888888888889 0.17333333333333334 0.0011111111111111111 0.023333333333333334 0.006666666666666666 0.012222222222222223 0.3066666666666667 0.056666666666666664 0.13999999999999999 
0.0019417475728155341 0.0019417475728155341 0.011650485436893204 0.0019417475728155341 0.0019417475728155341 0.011650485436893204 0.031067961165048546 0.8563106796116505 0.07961165048543689 0.0019417475728155341 
0.013414634146341465 0.007317073170731707 0.09268292682926829 0.007317073170731707 0.0012195121951219512 0.0012195121951219512 0.0012195121951219512 0.0012195121951219512 0.007317073170731707 0.8670731707317072 
0.0014814814814814816 0.0014814814814814816 0.0014814814814814816 0.4607407407407408 0.0014814814814814816 0.4903703703703704 0.031111111111111114 0.0014814814814814816 0.0014814814814814816 0.008888888888888889 
0.0012195121951219512 0.007317073170731707 0.013414634146341465 0.007317073170731707 0.08658536585365853 0.013414634146341465 0.0012195121951219512 0.8609756097560974 0.007317073170731707 0.0012195121951219512 
0.022222222222222223 0.022222222222222223 0.003703703703703704 0.003703703703703704 0.003703703703703704 0.003703703703703704 0.003703703703703704 0.040740740740740744 0.003703703703703704 0.8925925925925926 
0.014574898785425101 4.0485829959514174E-4 0.0024291497975708503 4.0485829959514174E-4 0.004453441295546559 0.010526315789473684 0.07530364372469636 0.8890688259109312 0.0024291497975708503 4.0485829959514174E-4 
0.006896551724137932 0.01316614420062696 0.019435736677115987 6.269592476489029E-4 6.269592476489029E-4 0.016300940438871474 0.6275862068965516 0.003761755485893417 6.269592476489029E-4 0.3109717868338558 
0.1373134328358209 0.0029850746268656717 0.1671641791044776 0.2417910447761194 0.0029850746268656717 0.0029850746268656717 0.0029850746268656717 0.0029850746268656717 0.0029850746268656717 0.43582089552238806 
0.0012048192771084338 0.0012048192771084338 0.0012048192771084338 0.0012048192771084338 0.0012048192771084338 0.02530120481927711 0.0012048192771084338 0.09156626506024096 0.8626506024096385 0.013253012048192772 
0.02406015037593985 0.0015037593984962407 0.01654135338345865 0.009022556390977442 0.009022556390977442 0.3172932330827068 0.5052631578947369 0.0015037593984962407 0.11428571428571428 0.0015037593984962407 
6.230529595015577E-4 6.230529595015577E-4 6.230529595015577E-4 6.230529595015577E-4 6.230529595015577E-4 0.9133956386292834 0.0037383177570093455 0.019314641744548288 6.230529595015577E-4 0.05981308411214953 
0.001724137931034483 0.010344827586206896 0.001724137931034483 0.001724137931034483 0.001724137931034483 0.001724137931034483 0.010344827586206896 0.001724137931034483 0.027586206896551727 0.9413793103448276 
0.00196078431372549 0.00196078431372549 0.011764705882352941 0.060784313725490195 0.041176470588235294 0.011764705882352941 0.00196078431372549 0.8549019607843138 0.011764705882352941 0.00196078431372549 
0.0030303030303030303 0.0030303030303030303 0.0030303030303030303 0.5333333333333333 0.0030303030303030303 0.0030303030303030303 0.30606060606060603 0.0030303030303030303 0.1090909090909091 0.03333333333333333 
7.843137254901962E-4 0.043921568627450974 7.843137254901962E-4 0.08313725490196078 7.843137254901962E-4 0.8596078431372549 7.843137254901962E-4 0.008627450980392158 7.843137254901962E-4 7.843137254901962E-4 
6.993006993006993E-4 6.993006993006993E-4 6.993006993006993E-4 0.032167832167832165 6.993006993006993E-4 6.993006993006993E-4 0.693006993006993 0.007692307692307693 0.25594405594405595 0.007692307692307693 
0.008695652173913044 0.09565217391304348 0.22608695652173913 0.008695652173913044 0.008695652173913044 0.008695652173913044 0.008695652173913044 0.008695652173913044 0.008695652173913044 0.6173913043478261 
