0.009756 0.278049 0.001626 0.001626 0.001626 0.700813 0.001626 0.001626 0.001626 0.001626 
0.040945 0.103937 0.001575 0.001575 0.001575 0.702362 0.135433 0.001575 0.001575 0.009449 
0.001626 0.375610 0.001626 0.001626 0.001626 0.595122 0.001626 0.009756 0.009756 0.001626 
0.001087 0.473913 0.109783 0.001087 0.278261 0.098913 0.001087 0.001087 0.001087 0.033696 
0.170769 0.324615 0.001538 0.009231 0.001538 0.355385 0.001538 0.001538 0.132308 0.001538 
0.764912 0.159649 0.054386 0.001754 0.001754 0.001754 0.010526 0.001754 0.001754 0.001754 
0.107965 0.037168 0.010619 0.019469 0.072566 0.408850 0.320354 0.019469 0.001770 0.001770 
0.718519 0.138272 0.002469 0.002469 0.002469 0.002469 0.002469 0.002469 0.002469 0.125926 
0.001481 0.290370 0.223704 0.001481 0.290370 0.001481 0.001481 0.016296 0.171852 0.001481 
0.478431 0.452288 0.060131 0.001307 0.001307 0.001307 0.001307 0.001307 0.001307 0.001307 
0.026446 0.480992 0.001653 0.001653 0.439669 0.001653 0.001653 0.001653 0.001653 0.042975 
0.098611 0.029167 0.063889 0.015278 0.716667 0.008333 0.001389 0.063889 0.001389 0.001389 
0.001550 0.001550 0.544186 0.001550 0.117829 0.001550 0.327132 0.001550 0.001550 0.001550 
0.001449 0.559420 0.001449 0.081159 0.334783 0.001449 0.001449 0.001449 0.001449 0.015942 
0.597516 0.094410 0.001242 0.001242 0.001242 0.007453 0.075776 0.094410 0.001242 0.125466 
0.660000 0.101667 0.110000 0.085000 0.001667 0.001667 0.035000 0.001667 0.001667 0.001667 
0.341844 0.150355 0.015603 0.001418 0.341844 0.036879 0.001418 0.086525 0.022695 0.001418 
0.001481 0.320000 0.008889 0.001481 0.216296 0.401481 0.001481 0.001481 0.045926 0.001481 
0.533871 0.009677 0.058065 0.009677 0.041935 0.001613 0.316129 0.017742 0.009677 0.001613 
0.001754 0.001754 0.028070 0.001754 0.001754 0.212281 0.001754 0.747368 0.001754 0.001754 
0.289600 0.001600 0.105600 0.001600 0.001600 0.009600 0.433600 0.113600 0.017600 0.025600 
0.168333 0.626667 0.001667 0.001667 0.001667 0.193333 0.001667 0.001667 0.001667 0.001667 
0.035294 0.010084 0.615126 0.010084 0.211765 0.001681 0.110924 0.001681 0.001681 0.001681 
0.010714 0.001786 0.653571 0.180357 0.082143 0.001786 0.019643 0.046429 0.001786 0.001786 
0.368333 0.001667 0.610000 0.001667 0.001667 0.001667 0.001667 0.010000 0.001667 0.001667 
0.001198 0.013174 0.007186 0.001198 0.001198 0.001198 0.001198 0.911377 0.001198 0.061078 
0.001342 0.357047 0.276510 0.108725 0.055034 0.001342 0.041611 0.155705 0.001342 0.001342 
0.019162 0.168862 0.132934 0.001198 0.001198 0.001198 0.546108 0.126946 0.001198 0.001198 
0.476768 0.092929 0.002020 0.002020 0.214141 0.173737 0.032323 0.002020 0.002020 0.002020 
0.060215 0.452688 0.006452 0.001075 0.049462 0.388172 0.001075 0.017204 0.022581 0.001075 
0.010084 0.018487 0.774790 0.085714 0.001681 0.018487 0.001681 0.085714 0.001681 0.001681 
0.771975 0.001274 0.007643 0.033121 0.007643 0.001274 0.128662 0.007643 0.001274 0.039490 
0.001342 0.095302 0.323490 0.001342 0.155705 0.001342 0.008054 0.404027 0.001342 0.008054 
0.001316 0.001316 0.139474 0.007895 0.001316 0.014474 0.014474 0.810526 0.001316 0.007895 
0.001754 0.089474 0.071930 0.001754 0.001754 0.001754 0.036842 0.782456 0.010526 0.001754 
0.292537 0.173134 0.001493 0.031343 0.165672 0.001493 0.001493 0.008955 0.023881 0.300000 
0.001754 0.256140 0.264912 0.001754 0.001754 0.001754 0.387719 0.080702 0.001754 0.001754 
0.000966 0.000966 0.223188 0.150725 0.170048 0.000966 0.000966 0.450242 0.000966 0.000966 
0.001429 0.144286 0.451429 0.008571 0.001429 0.015714 0.001429 0.365714 0.008571 0.001429 
0.098611 0.077778 0.098611 0.015278 0.098611 0.001389 0.536111 0.022222 0.050000 0.001389 
0.022807 0.005263 0.158772 0.000877 0.084211 0.000877 0.522807 0.128070 0.066667 0.009649 
0.023022 0.713669 0.008633 0.001439 0.023022 0.073381 0.008633 0.145324 0.001439 0.001439 
0.292473 0.174194 0.023656 0.002151 0.002151 0.002151 0.002151 0.496774 0.002151 0.002151 
0.001460 0.256934 0.037956 0.001460 0.169343 0.074453 0.074453 0.103650 0.059854 0.220438 
0.144538 0.001681 0.379832 0.262185 0.001681 0.001681 0.068908 0.001681 0.001681 0.136134 
0.760902 0.212030 0.001504 0.001504 0.001504 0.016541 0.001504 0.001504 0.001504 0.001504 
0.001235 0.328395 0.032099 0.056790 0.211111 0.001235 0.001235 0.365432 0.001235 0.001235 
0.002128 0.161702 0.161702 0.002128 0.310638 0.012766 0.002128 0.321277 0.023404 0.002128 
0.022222 0.001389 0.001389 0.029167 0.001389 0.001389 0.022222 0.709722 0.209722 0.001389 
0.000995 0.045771 0.598010 0.065672 0.000995 0.000995 0.200000 0.065672 0.020896 0.000995 
0.001370 0.282192 0.001370 0.001370 0.261644 0.008219 0.234247 0.200000 0.001370 0.008219 
0.001370 0.042466 0.384932 0.001370 0.001370 0.056164 0.015068 0.494521 0.001370 0.001370 
0.221978 0.035165 0.430769 0.002198 0.079121 0.002198 0.002198 0.013187 0.002198 0.210989 
0.001418 0.001418 0.604255 0.001418 0.001418 0.001418 0.377305 0.001418 0.008511 0.001418 
0.236975 0.001681 0.001681 0.169748 0.001681 0.245378 0.136134 0.144538 0.060504 0.001681 
0.193043 0.001739 0.045217 0.001739 0.001739 0.001739 0.062609 0.688696 0.001739 0.001739 
0.420359 0.264671 0.001198 0.001198 0.019162 0.037126 0.216766 0.001198 0.001198 0.037126 
0.064557 0.083544 0.153165 0.001266 0.108861 0.001266 0.191139 0.387342 0.007595 0.001266 
0.014286 0.585714 0.001299 0.020779 0.001299 0.007792 0.014286 0.351948 0.001299 0.001299 
0.016296 0.320000 0.001481 0.001481 0.016296 0.008889 0.097778 0.349630 0.186667 0.001481 
0.001504 0.016541 0.535338 0.001504 0.099248 0.001504 0.001504 0.339850 0.001504 0.001504 
0.001563 0.001563 0.017188 0.009375 0.001563 0.048438 0.001563 0.665625 0.235937 0.017188 
0.016296 0.001481 0.001481 0.001481 0.008889 0.001481 0.001481 0.734815 0.216296 0.016296 
0.001770 0.302655 0.223009 0.001770 0.063717 0.028319 0.019469 0.346903 0.001770 0.010619 
0.009600 0.457600 0.001600 0.009600 0.089600 0.009600 0.009600 0.409600 0.001600 0.001600 
0.219868 0.001325 0.398675 0.001325 0.239735 0.001325 0.001325 0.001325 0.001325 0.133775 
0.235461 0.646809 0.001418 0.008511 0.001418 0.058156 0.001418 0.029787 0.008511 0.008511 
0.001064 0.213830 0.203191 0.001064 0.011702 0.027660 0.394681 0.075532 0.001064 0.070213 
0.002353 0.072941 0.002353 0.002353 0.002353 0.002353 0.014118 0.625882 0.002353 0.272941 
0.154237 0.010169 0.001695 0.001695 0.052542 0.001695 0.238983 0.518644 0.001695 0.018644 
0.066234 0.371429 0.001299 0.267532 0.248052 0.001299 0.001299 0.040260 0.001299 0.001299 
0.136036 0.257658 0.000901 0.298198 0.000901 0.005405 0.298198 0.000901 0.000901 0.000901 
0.006030 0.714573 0.036181 0.061307 0.001005 0.001005 0.176884 0.001005 0.001005 0.001005 
0.001149 0.282759 0.001149 0.047126 0.001149 0.035632 0.414943 0.001149 0.001149 0.213793 
0.001198 0.055090 0.186826 0.546108 0.097006 0.001198 0.055090 0.049102 0.001198 0.007186 
0.001563 0.001563 0.923438 0.017188 0.001563 0.017188 0.032813 0.001563 0.001563 0.001563 
0.104828 0.194483 0.015172 0.008276 0.001379 0.015172 0.373793 0.008276 0.242759 0.035862 
0.008392 0.001399 0.015385 0.001399 0.218182 0.001399 0.043357 0.497902 0.001399 0.211189 
0.001550 0.001550 0.001550 0.001550 0.001550 0.001550 0.001550 0.063566 0.179845 0.745736 
0.001235 0.007407 0.007407 0.001235 0.001235 0.001235 0.001235 0.414815 0.248148 0.316049 
0.001550 0.079070 0.125581 0.001550 0.001550 0.001550 0.001550 0.272868 0.001550 0.513178 
0.021192 0.001325 0.464901 0.047682 0.021192 0.001325 0.001325 0.001325 0.041060 0.398675 
0.001087 0.066304 0.044565 0.050000 0.153261 0.017391 0.104348 0.093478 0.001087 0.468478 
0.001163 0.001163 0.309302 0.082558 0.006977 0.006977 0.001163 0.018605 0.129070 0.443023 
0.198592 0.008451 0.107042 0.536620 0.001408 0.001408 0.001408 0.022535 0.001408 0.121127 
0.011458 0.001042 0.006250 0.001042 0.001042 0.001042 0.084375 0.126042 0.329167 0.438542 
0.032653 0.002041 0.073469 0.002041 0.002041 0.083673 0.002041 0.002041 0.002041 0.797959 
0.102825 0.001130 0.018079 0.227119 0.001130 0.001130 0.001130 0.131073 0.277966 0.238418 
0.454676 0.001439 0.382734 0.051799 0.008633 0.001439 0.001439 0.001439 0.001439 0.094964 
0.442857 0.358442 0.001299 0.007792 0.001299 0.001299 0.033766 0.001299 0.001299 0.150649 
0.001299 0.293506 0.007792 0.248052 0.235065 0.014286 0.001299 0.027273 0.001299 0.170130 
0.315328 0.220438 0.001460 0.008759 0.001460 0.008759 0.227737 0.132847 0.067153 0.016058 
0.014103 0.001282 0.052564 0.001282 0.007692 0.001282 0.007692 0.719231 0.065385 0.129487 
0.001325 0.577483 0.001325 0.001325 0.166887 0.001325 0.001325 0.021192 0.001325 0.226490 
0.001515 0.766667 0.009091 0.009091 0.001515 0.206061 0.001515 0.001515 0.001515 0.001515 
0.052874 0.800000 0.001149 0.001149 0.006897 0.012644 0.001149 0.104598 0.018391 0.001149 
0.210471 0.535079 0.001047 0.001047 0.021990 0.173822 0.001047 0.001047 0.037696 0.016754 
0.085161 0.543226 0.014194 0.001290 0.001290 0.265806 0.001290 0.001290 0.001290 0.085161 
0.252273 0.070455 0.002273 0.013636 0.002273 0.627273 0.025000 0.002273 0.002273 0.002273 
0.001449 0.834783 0.124638 0.001449 0.001449 0.008696 0.023188 0.001449 0.001449 0.001449 
0.194152 0.375439 0.012865 0.001170 0.170760 0.001170 0.147368 0.001170 0.083041 0.012865 
0.001250 0.232500 0.501250 0.013750 0.107500 0.001250 0.001250 0.007500 0.132500 0.001250 
0.169697 0.457576 0.003030 0.003030 0.003030 0.003030 0.003030 0.321212 0.018182 0.018182 
0.000893 0.438393 0.000893 0.000893 0.000893 0.487500 0.000893 0.045536 0.023214 0.000893 
0.178431 0.188235 0.001961 0.001961 0.354902 0.001961 0.266667 0.001961 0.001961 0.001961 
0.132308 0.555385 0.009231 0.001538 0.001538 0.278462 0.001538 0.009231 0.009231 0.001538 
0.222047 0.088189 0.001575 0.009449 0.001575 0.434646 0.080315 0.159055 0.001575 0.001575 
0.001515 0.342424 0.584848 0.001515 0.062121 0.001515 0.001515 0.001515 0.001515 0.001515 
0.095789 0.137895 0.443158 0.001053 0.316842 0.001053 0.001053 0.001053 0.001053 0.001053 
0.312593 0.275556 0.001481 0.001481 0.186667 0.157037 0.001481 0.045926 0.001481 0.016296 
0.175362 0.610145 0.015942 0.001449 0.030435 0.023188 0.001449 0.139130 0.001449 0.001449 
0.601429 0.351429 0.001429 0.001429 0.001429 0.001429 0.008571 0.022857 0.001429 0.008571 
0.181967 0.772131 0.026230 0.001639 0.001639 0.001639 0.001639 0.009836 0.001639 0.001639 
0.675177 0.263830 0.008511 0.001418 0.036879 0.008511 0.001418 0.001418 0.001418 0.001418 
0.001205 0.519277 0.001205 0.001205 0.001205 0.001205 0.459036 0.013253 0.001205 0.001205 
0.039623 0.369811 0.001887 0.001887 0.530189 0.039623 0.011321 0.001887 0.001887 0.001887 
0.001370 0.727397 0.008219 0.001370 0.241096 0.001370 0.001370 0.015068 0.001370 0.001370 
0.017188 0.501563 0.001563 0.001563 0.001563 0.001563 0.329688 0.001563 0.001563 0.142187 
0.010909 0.610909 0.010909 0.029091 0.138182 0.165455 0.001818 0.010909 0.010909 0.010909 
0.565714 0.001429 0.008571 0.015714 0.122857 0.237143 0.044286 0.001429 0.001429 0.001429 
0.001626 0.652033 0.001626 0.001626 0.229268 0.001626 0.091057 0.009756 0.001626 0.009756 
0.217910 0.508955 0.232836 0.016418 0.001493 0.001493 0.001493 0.008955 0.008955 0.001493 
0.026446 0.315702 0.001653 0.034711 0.001653 0.398347 0.034711 0.001653 0.001653 0.183471 
0.001325 0.319205 0.001325 0.001325 0.239735 0.418543 0.014570 0.001325 0.001325 0.001325 
0.151955 0.330726 0.096089 0.001117 0.291620 0.112849 0.001117 0.006704 0.001117 0.006704 
0.367702 0.026087 0.100621 0.019876 0.001242 0.001242 0.001242 0.330435 0.069565 0.081988 
0.001111 0.278889 0.112222 0.001111 0.590000 0.001111 0.012222 0.001111 0.001111 0.001111 
0.373793 0.539310 0.001379 0.001379 0.001379 0.001379 0.001379 0.056552 0.001379 0.022069 
0.353957 0.526619 0.008633 0.001439 0.073381 0.008633 0.001439 0.023022 0.001439 0.001439 
0.001220 0.482927 0.330488 0.001220 0.147561 0.001220 0.025610 0.007317 0.001220 0.001220 
0.084404 0.552294 0.111927 0.020183 0.222018 0.001835 0.001835 0.001835 0.001835 0.001835 
0.282645 0.183471 0.001653 0.001653 0.001653 0.084298 0.001653 0.092562 0.067769 0.282645 
0.159055 0.001575 0.001575 0.001575 0.001575 0.174803 0.285039 0.111811 0.001575 0.261417 
0.011111 0.001852 0.001852 0.001852 0.011111 0.279630 0.001852 0.168519 0.270370 0.251852 
0.001786 0.001786 0.296429 0.591071 0.001786 0.001786 0.064286 0.001786 0.001786 0.037500 
0.121600 0.001600 0.233600 0.265600 0.009600 0.001600 0.001600 0.001600 0.009600 0.353600 
0.001613 0.550000 0.066129 0.009677 0.001613 0.001613 0.356452 0.001613 0.009677 0.001613 
0.001258 0.001258 0.529560 0.013836 0.001258 0.171069 0.259119 0.020126 0.001258 0.001258 
0.001163 0.419767 0.001163 0.001163 0.001163 0.006977 0.541860 0.012791 0.001163 0.012791 
0.106077 0.813260 0.039779 0.028729 0.001105 0.001105 0.001105 0.006630 0.001105 0.001105 
0.348936 0.504965 0.015603 0.001418 0.001418 0.001418 0.093617 0.029787 0.001418 0.001418 
0.424615 0.001538 0.555385 0.001538 0.009231 0.001538 0.001538 0.001538 0.001538 0.001538 
0.073016 0.501587 0.009524 0.001587 0.001587 0.358730 0.001587 0.009524 0.041270 0.001587 
0.166906 0.749640 0.001439 0.001439 0.001439 0.073381 0.001439 0.001439 0.001439 0.001439 
0.088889 0.723810 0.080952 0.001587 0.025397 0.073016 0.001587 0.001587 0.001587 0.001587 
0.460550 0.433028 0.084404 0.011009 0.001835 0.001835 0.001835 0.001835 0.001835 0.001835 
0.031707 0.574390 0.098780 0.001220 0.184146 0.037805 0.025610 0.043902 0.001220 0.001220 
0.207143 0.421429 0.001786 0.001786 0.001786 0.242857 0.108929 0.001786 0.001786 0.010714 
0.001429 0.858571 0.022857 0.022857 0.001429 0.001429 0.087143 0.001429 0.001429 0.001429 
0.012121 0.618182 0.315152 0.002020 0.002020 0.042424 0.002020 0.002020 0.002020 0.002020 
0.001227 0.436810 0.105521 0.007362 0.326380 0.013497 0.087117 0.007362 0.013497 0.001227 
0.001235 0.069136 0.365432 0.001235 0.001235 0.001235 0.507407 0.050617 0.001235 0.001235 
0.073684 0.159211 0.435526 0.001316 0.198684 0.106579 0.007895 0.007895 0.001316 0.007895 
0.002273 0.309091 0.320455 0.002273 0.059091 0.025000 0.002273 0.002273 0.002273 0.275000 
0.117829 0.606202 0.001550 0.001550 0.009302 0.001550 0.164341 0.086822 0.009302 0.001550 
0.053488 0.512791 0.001163 0.001163 0.001163 0.018605 0.396512 0.001163 0.001163 0.012791 
0.405263 0.185965 0.098246 0.098246 0.203509 0.001754 0.001754 0.001754 0.001754 0.001754 
0.795652 0.002174 0.013043 0.002174 0.100000 0.056522 0.013043 0.013043 0.002174 0.002174 
0.001170 0.007018 0.422222 0.001170 0.135673 0.001170 0.428070 0.001170 0.001170 0.001170 
0.008392 0.057343 0.176224 0.127273 0.015385 0.001399 0.001399 0.379021 0.225175 0.008392 
0.246452 0.330323 0.001290 0.001290 0.001290 0.059355 0.349677 0.001290 0.007742 0.001290 
0.001333 0.188000 0.728000 0.001333 0.014667 0.001333 0.001333 0.001333 0.001333 0.061333 
0.001626 0.172358 0.001626 0.334959 0.172358 0.001626 0.001626 0.001626 0.310569 0.001626 
0.472857 0.001429 0.215714 0.030000 0.001429 0.001429 0.272857 0.001429 0.001429 0.001429 
0.183942 0.089051 0.162044 0.454015 0.081752 0.001460 0.001460 0.001460 0.023358 0.001460 
0.001429 0.130000 0.022857 0.022857 0.094286 0.008571 0.415714 0.301429 0.001429 0.001429 
0.079221 0.001299 0.202597 0.001299 0.124675 0.001299 0.546753 0.040260 0.001299 0.001299 
0.272868 0.582946 0.055814 0.001550 0.001550 0.001550 0.071318 0.001550 0.009302 0.001550 
0.279747 0.001266 0.001266 0.387342 0.007595 0.013924 0.260759 0.045570 0.001266 0.001266 
0.334815 0.290370 0.001481 0.008889 0.016296 0.001481 0.001481 0.001481 0.342222 0.001481 
0.006936 0.174566 0.006936 0.440462 0.238150 0.006936 0.122543 0.001156 0.001156 0.001156 
0.002062 0.032990 0.002062 0.620619 0.249485 0.012371 0.002062 0.002062 0.053608 0.022680 
0.418898 0.190551 0.001575 0.001575 0.001575 0.001575 0.379528 0.001575 0.001575 0.001575 
0.010526 0.142105 0.001754 0.001754 0.001754 0.387719 0.378947 0.036842 0.001754 0.036842 
0.079339 0.029752 0.000826 0.434711 0.141322 0.013223 0.285950 0.000826 0.013223 0.000826 
0.045926 0.305185 0.008889 0.149630 0.016296 0.001481 0.423704 0.045926 0.001481 0.001481 
0.001399 0.015385 0.588811 0.001399 0.001399 0.001399 0.379021 0.001399 0.008392 0.001399 
0.246857 0.006857 0.041143 0.115429 0.001143 0.006857 0.189714 0.092571 0.006857 0.292571 
0.323684 0.231579 0.001316 0.001316 0.001316 0.001316 0.165789 0.001316 0.001316 0.271053 
0.015068 0.747945 0.001370 0.001370 0.001370 0.049315 0.179452 0.001370 0.001370 0.001370 
0.065600 0.001600 0.417600 0.081600 0.001600 0.001600 0.417600 0.001600 0.001600 0.009600 
0.001361 0.021769 0.089796 0.001361 0.001361 0.001361 0.817687 0.001361 0.008163 0.055782 
0.009160 0.039695 0.123664 0.077863 0.001527 0.001527 0.635115 0.001527 0.001527 0.108397 
0.001515 0.001515 0.736364 0.009091 0.009091 0.001515 0.137879 0.024242 0.001515 0.077273 
0.001449 0.842029 0.146377 0.001449 0.001449 0.001449 0.001449 0.001449 0.001449 0.001449 
0.001515 0.743939 0.168182 0.009091 0.001515 0.001515 0.069697 0.001515 0.001515 0.001515 
0.011650 0.001942 0.099029 0.011650 0.118447 0.001942 0.739806 0.011650 0.001942 0.001942 
0.001613 0.146774 0.259677 0.001613 0.001613 0.001613 0.574194 0.009677 0.001613 0.001613 
0.001064 0.224468 0.017021 0.001064 0.341489 0.001064 0.001064 0.400000 0.001064 0.011702 
0.001942 0.001942 0.623301 0.332039 0.001942 0.001942 0.031068 0.001942 0.001942 0.001942 
0.001198 0.001198 0.444311 0.270659 0.001198 0.114970 0.055090 0.031138 0.013174 0.067066 
0.002083 0.002083 0.356250 0.002083 0.002083 0.137500 0.491667 0.002083 0.002083 0.002083 
0.001515 0.145455 0.100000 0.016667 0.001515 0.001515 0.721212 0.009091 0.001515 0.001515 
0.364444 0.001481 0.008889 0.001481 0.001481 0.097778 0.001481 0.016296 0.290370 0.216296 
0.268000 0.028000 0.001333 0.068000 0.534667 0.001333 0.001333 0.001333 0.021333 0.074667 
0.001361 0.089796 0.511565 0.001361 0.375510 0.001361 0.001361 0.001361 0.014966 0.001361 
0.386335 0.485714 0.001242 0.001242 0.119255 0.001242 0.001242 0.001242 0.001242 0.001242 
0.501449 0.486957 0.001449 0.001449 0.001449 0.001449 0.001449 0.001449 0.001449 0.001449 
0.001408 0.423944 0.001408 0.001408 0.001408 0.001408 0.043662 0.008451 0.515493 0.001408 
0.000917 0.533028 0.436697 0.000917 0.019266 0.000917 0.005505 0.000917 0.000917 0.000917 
0.001449 0.414493 0.001449 0.001449 0.073913 0.400000 0.015942 0.081159 0.001449 0.008696 
0.002083 0.116667 0.689583 0.002083 0.179167 0.002083 0.002083 0.002083 0.002083 0.002083 
0.389147 0.102326 0.001550 0.001550 0.001550 0.458915 0.001550 0.040310 0.001550 0.001550 
0.100000 0.050820 0.009836 0.001639 0.231148 0.034426 0.140984 0.231148 0.190164 0.009836 
0.321600 0.001600 0.001600 0.001600 0.001600 0.009600 0.337600 0.001600 0.321600 0.001600 
0.320354 0.001770 0.001770 0.037168 0.028319 0.001770 0.338053 0.001770 0.267257 0.001770 
0.001307 0.713725 0.184314 0.001307 0.060131 0.001307 0.007843 0.020915 0.007843 0.001307 
0.547239 0.209816 0.001227 0.001227 0.130061 0.080982 0.025767 0.001227 0.001227 0.001227 
0.614194 0.291613 0.033548 0.001290 0.001290 0.001290 0.046452 0.001290 0.001290 0.007742 
0.001047 0.001047 0.451309 0.001047 0.001047 0.001047 0.042932 0.006283 0.493194 0.001047 
0.496703 0.002198 0.200000 0.254945 0.002198 0.002198 0.013187 0.002198 0.002198 0.024176 
0.261818 0.001212 0.001212 0.249697 0.098182 0.001212 0.001212 0.376970 0.001212 0.007273 
0.034043 0.002128 0.459574 0.310638 0.002128 0.002128 0.172340 0.002128 0.012766 0.002128 
0.014103 0.052564 0.539744 0.110256 0.001282 0.001282 0.065385 0.007692 0.020513 0.187179 
0.001460 0.132847 0.089051 0.322628 0.001460 0.001460 0.030657 0.067153 0.001460 0.351825 
0.045283 0.001258 0.145912 0.001258 0.001258 0.649057 0.001258 0.001258 0.001258 0.152201 
0.001852 0.001852 0.057407 0.001852 0.029630 0.001852 0.011111 0.001852 0.001852 0.890741 
0.001081 0.001081 0.206486 0.017297 0.001081 0.028108 0.428108 0.060541 0.001081 0.255135 
0.053801 0.018713 0.018713 0.205848 0.065497 0.001170 0.416374 0.001170 0.001170 0.217544 
0.280272 0.035374 0.082993 0.008163 0.491156 0.014966 0.001361 0.001361 0.001361 0.082993 
0.001905 0.001905 0.573333 0.201905 0.087619 0.001905 0.001905 0.001905 0.001905 0.125714 
0.203371 0.130337 0.208989 0.096629 0.001124 0.130337 0.001124 0.001124 0.001124 0.225843 
0.059615 0.001923 0.001923 0.001923 0.001923 0.213462 0.001923 0.001923 0.001923 0.713462 
0.215385 0.001709 0.001709 0.454701 0.087179 0.001709 0.001709 0.027350 0.001709 0.206838 
0.067066 0.001198 0.001198 0.114970 0.001198 0.588024 0.061078 0.001198 0.001198 0.162874 
0.012291 0.353073 0.001117 0.012291 0.006704 0.202235 0.034637 0.174302 0.001117 0.202235 
0.001739 0.019130 0.793043 0.001739 0.001739 0.010435 0.001739 0.001739 0.001739 0.166957 
0.066667 0.001449 0.204348 0.124638 0.001449 0.001449 0.088406 0.015942 0.001449 0.494203 
0.089600 0.001600 0.025600 0.377600 0.001600 0.001600 0.001600 0.001600 0.497600 0.001600 
0.001538 0.001538 0.001538 0.001538 0.016923 0.001538 0.001538 0.001538 0.016923 0.955385 
0.269919 0.164228 0.009756 0.074797 0.001626 0.091057 0.001626 0.334959 0.001626 0.050407 
0.041026 0.066667 0.079487 0.002564 0.002564 0.656410 0.002564 0.002564 0.015385 0.130769 
0.001370 0.015068 0.001370 0.001370 0.001370 0.042466 0.638356 0.001370 0.001370 0.295890 
0.001575 0.001575 0.363780 0.064567 0.088189 0.001575 0.001575 0.001575 0.001575 0.474016 
0.144828 0.006897 0.104598 0.351724 0.001149 0.012644 0.001149 0.196552 0.075862 0.104598 
0.018286 0.292571 0.006857 0.001143 0.001143 0.001143 0.515429 0.001143 0.024000 0.138286 
0.001887 0.001887 0.784906 0.105660 0.011321 0.058491 0.001887 0.001887 0.030189 0.001887 
0.008276 0.001379 0.063448 0.063448 0.001379 0.001379 0.001379 0.091034 0.718621 0.049655 
0.156897 0.010345 0.001724 0.277586 0.122414 0.001724 0.001724 0.070690 0.268966 0.087931 
0.063415 0.002439 0.612195 0.014634 0.002439 0.039024 0.246341 0.014634 0.002439 0.002439 
0.001905 0.001905 0.201905 0.011429 0.001905 0.001905 0.144762 0.230476 0.001905 0.401905 
0.034437 0.001325 0.001325 0.219868 0.001325 0.001325 0.014570 0.266225 0.445033 0.014570 
0.019469 0.001770 0.293805 0.001770 0.001770 0.001770 0.001770 0.001770 0.046018 0.630088 
0.411024 0.166929 0.166929 0.009449 0.206299 0.001575 0.025197 0.009449 0.001575 0.001575 
0.372840 0.002469 0.002469 0.434568 0.002469 0.027160 0.002469 0.002469 0.150617 0.002469 
0.001242 0.001242 0.131677 0.038509 0.094410 0.150311 0.001242 0.032298 0.547826 0.001242 
0.001183 0.013018 0.007101 0.001183 0.001183 0.007101 0.007101 0.202367 0.013018 0.746746 
0.022917 0.002083 0.002083 0.012500 0.002083 0.033333 0.033333 0.054167 0.002083 0.835417 
0.060784 0.001961 0.011765 0.168627 0.001961 0.070588 0.001961 0.001961 0.001961 0.678431 
0.187611 0.585841 0.001770 0.001770 0.001770 0.072566 0.001770 0.001770 0.134513 0.010619 
0.512977 0.123664 0.077863 0.001527 0.001527 0.108397 0.054962 0.009160 0.108397 0.001527 
0.021769 0.443537 0.035374 0.014966 0.021769 0.416327 0.008163 0.014966 0.008163 0.014966 
0.377600 0.601600 0.001600 0.001600 0.001600 0.001600 0.009600 0.001600 0.001600 0.001600 
0.002198 0.134066 0.145055 0.035165 0.024176 0.595604 0.057143 0.002198 0.002198 0.002198 
0.001786 0.528571 0.001786 0.046429 0.260714 0.108929 0.046429 0.001786 0.001786 0.001786 
0.010435 0.001739 0.001739 0.053913 0.019130 0.810435 0.001739 0.045217 0.045217 0.010435 
0.144828 0.225287 0.001149 0.001149 0.202299 0.098851 0.001149 0.024138 0.001149 0.300000 
0.001905 0.392381 0.011429 0.001905 0.001905 0.144762 0.001905 0.001905 0.440000 0.001905 
0.001351 0.886486 0.001351 0.001351 0.001351 0.055405 0.001351 0.001351 0.001351 0.048649 
0.001980 0.031683 0.001980 0.001980 0.011881 0.932673 0.001980 0.011881 0.001980 0.001980 
0.282000 0.602000 0.002000 0.002000 0.002000 0.082000 0.002000 0.002000 0.022000 0.002000 
0.455670 0.507216 0.022680 0.002062 0.002062 0.002062 0.002062 0.002062 0.002062 0.002062 
0.527273 0.284848 0.002020 0.022222 0.002020 0.153535 0.002020 0.002020 0.002020 0.002020 
0.478125 0.157812 0.001563 0.228125 0.001563 0.001563 0.048438 0.001563 0.001563 0.079687 
0.060741 0.920000 0.001481 0.008889 0.001481 0.001481 0.001481 0.001481 0.001481 0.001481 
0.009375 0.720313 0.235937 0.001563 0.017188 0.001563 0.009375 0.001563 0.001563 0.001563 
0.209524 0.745238 0.007143 0.007143 0.007143 0.007143 0.001190 0.013095 0.001190 0.001190 
0.010084 0.522689 0.001681 0.001681 0.001681 0.447059 0.001681 0.001681 0.010084 0.001681 
0.001527 0.253435 0.001527 0.001527 0.001527 0.726718 0.001527 0.009160 0.001527 0.001527 
0.141085 0.668217 0.148837 0.009302 0.001550 0.001550 0.001550 0.024806 0.001550 0.001550 
0.439063 0.243750 0.228125 0.009375 0.001563 0.040625 0.001563 0.001563 0.001563 0.032813 
0.735780 0.185321 0.020183 0.001835 0.029358 0.001835 0.020183 0.001835 0.001835 0.001835 
0.520779 0.423377 0.001299 0.001299 0.001299 0.001299 0.001299 0.033766 0.014286 0.001299 
0.254945 0.243956 0.035165 0.013187 0.013187 0.002198 0.419780 0.002198 0.013187 0.002198 
0.001770 0.152212 0.054867 0.001770 0.001770 0.762832 0.019469 0.001770 0.001770 0.001770 
0.014865 0.548649 0.224324 0.068919 0.035135 0.001351 0.102703 0.001351 0.001351 0.001351 
0.001835 0.396330 0.001835 0.001835 0.047706 0.011009 0.341284 0.011009 0.001835 0.185321 
0.001538 0.370769 0.001538 0.001538 0.316923 0.286154 0.001538 0.001538 0.001538 0.016923 
0.360305 0.444275 0.016794 0.001527 0.009160 0.001527 0.116031 0.024427 0.001527 0.024427 
0.001575 0.111811 0.001575 0.001575 0.001575 0.773228 0.001575 0.048819 0.001575 0.056693 
0.002299 0.519540 0.013793 0.002299 0.002299 0.025287 0.243678 0.082759 0.059770 0.048276 
0.391579 0.549474 0.023158 0.002105 0.002105 0.002105 0.002105 0.002105 0.002105 0.023158 
0.016794 0.421374 0.062595 0.009160 0.085496 0.352672 0.039695 0.009160 0.001527 0.001527 
0.165625 0.134375 0.001563 0.017188 0.485938 0.001563 0.001563 0.001563 0.001563 0.189062 
0.208264 0.431405 0.001653 0.001653 0.001653 0.001653 0.001653 0.001653 0.034711 0.315702 
0.322137 0.001527 0.001527 0.001527 0.024427 0.268702 0.161832 0.054962 0.001527 0.161832 
0.201538 0.001538 0.247692 0.001538 0.047692 0.009231 0.001538 0.001538 0.124615 0.363077 
0.048438 0.743750 0.025000 0.001563 0.009375 0.017188 0.150000 0.001563 0.001563 0.001563 
0.001227 0.265031 0.001227 0.001227 0.001227 0.700613 0.001227 0.001227 0.007362 0.019632 
0.001449 0.813043 0.102899 0.001449 0.001449 0.001449 0.052174 0.001449 0.023188 0.001449 
0.045000 0.882500 0.001250 0.001250 0.001250 0.001250 0.057500 0.001250 0.007500 0.001250 
0.001351 0.859459 0.089189 0.001351 0.001351 0.035135 0.001351 0.008108 0.001351 0.001351 
0.001653 0.547107 0.009917 0.051240 0.001653 0.109091 0.001653 0.001653 0.274380 0.001653 
0.001667 0.493333 0.485000 0.001667 0.001667 0.001667 0.001667 0.010000 0.001667 0.001667 
0.030189 0.200000 0.652830 0.020755 0.001887 0.001887 0.067925 0.020755 0.001887 0.001887 
0.002128 0.757447 0.140426 0.012766 0.002128 0.002128 0.012766 0.002128 0.065957 0.002128 
0.001563 0.829688 0.025000 0.001563 0.001563 0.025000 0.017188 0.001563 0.095312 0.001563 
0.001026 0.560000 0.026667 0.001026 0.211282 0.001026 0.195897 0.001026 0.001026 0.001026 
0.008824 0.045588 0.685294 0.001471 0.207353 0.001471 0.001471 0.001471 0.045588 0.001471 
0.001130 0.193220 0.385311 0.001130 0.402260 0.006780 0.001130 0.001130 0.001130 0.006780 
0.114667 0.468000 0.334667 0.001333 0.014667 0.008000 0.001333 0.008000 0.048000 0.001333 
0.052555 0.432117 0.089051 0.001460 0.001460 0.023358 0.395620 0.001460 0.001460 0.001460 
0.001183 0.800000 0.013018 0.001183 0.089941 0.007101 0.001183 0.001183 0.078107 0.007101 
0.001460 0.483212 0.490511 0.001460 0.001460 0.016058 0.001460 0.001460 0.001460 0.001460 
0.001481 0.534815 0.149630 0.001481 0.297778 0.001481 0.001481 0.001481 0.001481 0.008889 
0.226036 0.314793 0.001183 0.001183 0.231953 0.001183 0.001183 0.220118 0.001183 0.001183 
0.012644 0.041379 0.225287 0.190805 0.242529 0.001149 0.282759 0.001149 0.001149 0.001149 
0.393464 0.223529 0.001307 0.001307 0.001307 0.275817 0.066667 0.001307 0.007843 0.027451 
0.138931 0.032061 0.566412 0.177099 0.047328 0.001527 0.024427 0.001527 0.001527 0.009160 
0.009677 0.017742 0.146774 0.227419 0.300000 0.001613 0.122581 0.001613 0.170968 0.001613 
0.001325 0.484768 0.233113 0.001325 0.001325 0.021192 0.252980 0.001325 0.001325 0.001325 
0.001266 0.108861 0.830380 0.001266 0.039241 0.001266 0.013924 0.001266 0.001266 0.001266 
0.033548 0.362581 0.001290 0.014194 0.040000 0.001290 0.014194 0.085161 0.117419 0.330323 
0.001389 0.640278 0.001389 0.001389 0.001389 0.001389 0.202778 0.001389 0.147222 0.001389 
0.129078 0.739007 0.008511 0.001418 0.001418 0.107801 0.008511 0.001418 0.001418 0.001418 
0.001117 0.554190 0.302793 0.034637 0.001117 0.001117 0.096089 0.001117 0.006704 0.001117 
0.001852 0.205556 0.001852 0.353704 0.011111 0.001852 0.409259 0.001852 0.001852 0.011111 
0.025600 0.409600 0.001600 0.033600 0.377600 0.025600 0.001600 0.001600 0.121600 0.001600 
0.001205 0.573494 0.001205 0.001205 0.001205 0.001205 0.097590 0.308434 0.001205 0.013253 
0.001235 0.001235 0.279012 0.100000 0.081481 0.001235 0.025926 0.001235 0.501235 0.007407 
0.041584 0.209901 0.091089 0.001980 0.200000 0.001980 0.001980 0.001980 0.447525 0.001980 
0.198425 0.056693 0.001575 0.001575 0.442520 0.001575 0.135433 0.001575 0.159055 0.001575 
0.080000 0.224444 0.002222 0.002222 0.002222 0.224444 0.068889 0.002222 0.357778 0.035556 
0.151445 0.053179 0.145665 0.001156 0.099422 0.001156 0.012717 0.006936 0.527168 0.001156 
0.245926 0.001481 0.245926 0.001481 0.238519 0.008889 0.001481 0.001481 0.253333 0.001481 
0.044211 0.002105 0.286316 0.002105 0.002105 0.002105 0.244211 0.002105 0.412632 0.002105 
0.123741 0.210072 0.058993 0.001439 0.001439 0.001439 0.274820 0.001439 0.325180 0.001439 
0.340870 0.219130 0.001739 0.001739 0.019130 0.010435 0.001739 0.001739 0.332174 0.071304 
0.243312 0.377070 0.001274 0.014013 0.147771 0.001274 0.014013 0.001274 0.198726 0.001274 
0.001361 0.001361 0.130612 0.205442 0.001361 0.001361 0.001361 0.001361 0.470748 0.185034 
0.588889 0.104762 0.001587 0.033333 0.033333 0.001587 0.001587 0.001587 0.223810 0.009524 
0.088189 0.237795 0.001575 0.001575 0.166929 0.103937 0.001575 0.001575 0.395276 0.001575 
0.014966 0.001361 0.001361 0.001361 0.008163 0.157823 0.001361 0.096599 0.552381 0.164626 
0.085915 0.712676 0.001408 0.001408 0.022535 0.001408 0.001408 0.015493 0.156338 0.001408 
0.272131 0.042623 0.001639 0.001639 0.378689 0.001639 0.001639 0.001639 0.296721 0.001639 
0.229348 0.017391 0.001087 0.011957 0.001087 0.468478 0.071739 0.001087 0.196739 0.001087 
0.007843 0.066667 0.145098 0.007843 0.158170 0.602614 0.007843 0.001307 0.001307 0.001307 
0.001183 0.018935 0.084024 0.001183 0.001183 0.113609 0.604734 0.001183 0.172781 0.001183 
0.234483 0.174138 0.001724 0.010345 0.096552 0.191379 0.001724 0.001724 0.286207 0.001724 
0.329310 0.148276 0.001724 0.053448 0.001724 0.312069 0.010345 0.001724 0.139655 0.001724 
0.001361 0.028571 0.001361 0.001361 0.001361 0.919728 0.001361 0.008163 0.035374 0.001361 
0.142149 0.133884 0.001653 0.001653 0.100826 0.604959 0.001653 0.009917 0.001653 0.001653 
0.001613 0.219355 0.001613 0.001613 0.356452 0.001613 0.106452 0.001613 0.001613 0.308065 
0.069474 0.164211 0.132632 0.001053 0.001053 0.001053 0.169474 0.027368 0.406316 0.027368 
0.010256 0.266667 0.001709 0.001709 0.215385 0.292308 0.001709 0.001709 0.198291 0.010256 
0.214667 0.108000 0.008000 0.001333 0.008000 0.008000 0.348000 0.001333 0.301333 0.001333 
0.073600 0.001600 0.001600 0.001600 0.001600 0.209600 0.377600 0.001600 0.329600 0.001600 
0.002247 0.182022 0.002247 0.002247 0.159551 0.496629 0.002247 0.002247 0.148315 0.002247 
0.053947 0.448684 0.001316 0.001316 0.001316 0.080263 0.350000 0.001316 0.060526 0.001316 
0.178286 0.121143 0.001143 0.018286 0.001143 0.001143 0.418286 0.001143 0.252571 0.006857 
0.001905 0.001905 0.201905 0.001905 0.001905 0.001905 0.420952 0.001905 0.354286 0.011429 
0.089796 0.246259 0.001361 0.001361 0.001361 0.280272 0.348299 0.001361 0.028571 0.001361 
0.181295 0.023022 0.001439 0.044604 0.001439 0.375540 0.001439 0.087770 0.282014 0.001439 
0.166957 0.001739 0.106087 0.027826 0.010435 0.236522 0.001739 0.010435 0.436522 0.001739 
0.242593 0.233333 0.001852 0.020370 0.196296 0.020370 0.187037 0.001852 0.094444 0.001852 
0.002326 0.606977 0.048837 0.002326 0.002326 0.025581 0.002326 0.002326 0.304651 0.002326 
0.092308 0.085315 0.260140 0.001399 0.001399 0.001399 0.302098 0.001399 0.225175 0.029371 
0.042466 0.001370 0.001370 0.008219 0.001370 0.343836 0.001370 0.015068 0.446575 0.138356 
0.001370 0.206849 0.001370 0.001370 0.090411 0.686301 0.001370 0.008219 0.001370 0.001370 
0.001504 0.324812 0.001504 0.001504 0.001504 0.497744 0.001504 0.001504 0.144361 0.024060 
0.468000 0.308000 0.208000 0.001333 0.001333 0.008000 0.001333 0.001333 0.001333 0.001333 
0.012632 0.002105 0.002105 0.002105 0.002105 0.002105 0.002105 0.833684 0.002105 0.138947 
0.019298 0.001754 0.001754 0.422807 0.001754 0.001754 0.089474 0.457895 0.001754 0.001754 
0.099187 0.538211 0.123577 0.001626 0.001626 0.001626 0.131707 0.091057 0.009756 0.001626 
0.001550 0.443411 0.133333 0.009302 0.009302 0.001550 0.001550 0.396899 0.001550 0.001550 
0.084404 0.011009 0.121101 0.111927 0.038532 0.001835 0.166972 0.121101 0.212844 0.130275 
0.001307 0.001307 0.001307 0.001307 0.007843 0.007843 0.001307 0.962092 0.001307 0.014379 
0.066234 0.001299 0.001299 0.007792 0.001299 0.001299 0.001299 0.066234 0.007792 0.845455 
0.001449 0.001449 0.008696 0.073913 0.001449 0.023188 0.008696 0.617391 0.001449 0.262319 
0.231193 0.001835 0.020183 0.001835 0.001835 0.001835 0.377982 0.350459 0.001835 0.011009 
0.001942 0.001942 0.128155 0.050485 0.215534 0.001942 0.079612 0.196117 0.001942 0.322330 
0.015068 0.021918 0.063014 0.001370 0.001370 0.001370 0.001370 0.556164 0.001370 0.336986 
0.017600 0.361600 0.025600 0.001600 0.001600 0.009600 0.129600 0.449600 0.001600 0.001600 
0.001835 0.001835 0.011009 0.001835 0.001835 0.011009 0.001835 0.625688 0.001835 0.341284 
0.312593 0.001481 0.031111 0.001481 0.008889 0.001481 0.001481 0.275556 0.112593 0.253333 
0.007643 0.020382 0.007643 0.007643 0.001274 0.001274 0.084076 0.625478 0.141401 0.103185 
0.001439 0.001439 0.001439 0.008633 0.001439 0.001439 0.001439 0.447482 0.001439 0.533813 
0.031707 0.080488 0.001220 0.056098 0.019512 0.001220 0.001220 0.501220 0.306098 0.001220 
0.001626 0.009756 0.147967 0.001626 0.001626 0.017886 0.001626 0.798374 0.009756 0.009756 
0.055856 0.001802 0.245045 0.001802 0.055856 0.001802 0.001802 0.605405 0.019820 0.010811 
0.001802 0.001802 0.190991 0.001802 0.001802 0.055856 0.001802 0.461261 0.281081 0.001802 
0.001538 0.224615 0.186154 0.001538 0.001538 0.001538 0.109231 0.470769 0.001538 0.001538 
0.001653 0.142149 0.001653 0.076033 0.001653 0.001653 0.241322 0.505785 0.001653 0.026446 
0.001156 0.001156 0.001156 0.006936 0.001156 0.122543 0.006936 0.434682 0.018497 0.405780 
0.059355 0.001290 0.001290 0.033548 0.001290 0.001290 0.001290 0.549677 0.343226 0.007742 
0.009231 0.001538 0.078462 0.001538 0.055385 0.001538 0.009231 0.786154 0.001538 0.055385 
0.001235 0.001235 0.001235 0.001235 0.013580 0.001235 0.001235 0.933333 0.044444 0.001235 
0.041060 0.041060 0.279470 0.365563 0.246358 0.007947 0.001325 0.001325 0.001325 0.014570 
0.330323 0.001290 0.001290 0.040000 0.407742 0.098065 0.014194 0.014194 0.007742 0.085161 
0.074667 0.748000 0.028000 0.014667 0.041333 0.048000 0.001333 0.041333 0.001333 0.001333 
0.019130 0.549565 0.001739 0.010435 0.027826 0.375652 0.001739 0.001739 0.001739 0.010435 
0.077273 0.001515 0.009091 0.122727 0.077273 0.062121 0.069697 0.334848 0.243939 0.001515 
0.141401 0.001274 0.300637 0.052229 0.007643 0.001274 0.001274 0.001274 0.192357 0.300637 
0.657500 0.170000 0.063750 0.001250 0.076250 0.001250 0.026250 0.001250 0.001250 0.001250 
0.007843 0.857516 0.001307 0.001307 0.014379 0.007843 0.001307 0.001307 0.086275 0.020915 
0.507071 0.315152 0.062626 0.002020 0.103030 0.002020 0.002020 0.002020 0.002020 0.002020 
0.000966 0.421256 0.464734 0.000966 0.063768 0.010628 0.000966 0.000966 0.034783 0.000966 
0.448214 0.001786 0.055357 0.144643 0.091071 0.001786 0.001786 0.001786 0.091071 0.162500 
0.001190 0.697619 0.001190 0.001190 0.155952 0.114286 0.013095 0.001190 0.007143 0.007143 
0.001418 0.121986 0.022695 0.001418 0.036879 0.809929 0.001418 0.001418 0.001418 0.001418 
0.001449 0.385507 0.008696 0.001449 0.588406 0.008696 0.001449 0.001449 0.001449 0.001449 
0.119737 0.823684 0.001316 0.001316 0.040789 0.001316 0.001316 0.001316 0.007895 0.001316 
0.001550 0.637209 0.303876 0.001550 0.001550 0.001550 0.001550 0.001550 0.009302 0.040310 
0.592000 0.052000 0.052000 0.042000 0.002000 0.002000 0.002000 0.002000 0.022000 0.232000 
0.022378 0.127273 0.001399 0.092308 0.001399 0.309091 0.001399 0.211189 0.162238 0.071329 
0.014667 0.594667 0.001333 0.008000 0.321333 0.001333 0.001333 0.054667 0.001333 0.001333 
0.030435 0.776812 0.030435 0.001449 0.110145 0.023188 0.001449 0.001449 0.001449 0.023188 
0.001493 0.217910 0.001493 0.001493 0.426866 0.061194 0.113433 0.023881 0.150746 0.001493 
0.067105 0.468421 0.001316 0.001316 0.218421 0.001316 0.238158 0.001316 0.001316 0.001316 
0.165789 0.738158 0.001316 0.014474 0.053947 0.014474 0.001316 0.001316 0.001316 0.007895 
0.185276 0.142331 0.001227 0.007362 0.117791 0.007362 0.001227 0.001227 0.534969 0.001227 
0.001439 0.548201 0.001439 0.001439 0.375540 0.023022 0.044604 0.001439 0.001439 0.001439 
0.068919 0.001351 0.231081 0.001351 0.163514 0.001351 0.190541 0.291892 0.048649 0.001351 
0.368707 0.082993 0.008163 0.001361 0.457143 0.076190 0.001361 0.001361 0.001361 0.001361 
0.001316 0.830263 0.001316 0.001316 0.001316 0.001316 0.001316 0.060526 0.001316 0.100000 
0.704242 0.116364 0.013333 0.007273 0.146667 0.001212 0.001212 0.007273 0.001212 0.001212 
0.048837 0.176744 0.037209 0.002326 0.002326 0.665116 0.002326 0.002326 0.060465 0.002326 
0.217910 0.008955 0.247761 0.001493 0.389552 0.031343 0.001493 0.016418 0.001493 0.083582 
0.013924 0.437975 0.241772 0.083544 0.001266 0.001266 0.001266 0.045570 0.172152 0.001266 
0.310569 0.066667 0.001626 0.001626 0.001626 0.375610 0.050407 0.017886 0.001626 0.172358 
0.001449 0.001449 0.001449 0.291304 0.218841 0.001449 0.189855 0.204348 0.001449 0.088406 
0.264327 0.118129 0.001170 0.001170 0.428070 0.112281 0.001170 0.001170 0.071345 0.001170 
0.010000 0.651667 0.068333 0.001667 0.026667 0.001667 0.201667 0.001667 0.001667 0.035000 
0.001156 0.001156 0.110983 0.058960 0.001156 0.359538 0.001156 0.087861 0.001156 0.376879 
0.228571 0.043697 0.001681 0.001681 0.026891 0.018487 0.043697 0.186555 0.026891 0.421849 
0.009600 0.457600 0.001600 0.001600 0.001600 0.289600 0.089600 0.105600 0.017600 0.025600 
0.002041 0.002041 0.002041 0.032653 0.002041 0.593878 0.002041 0.083673 0.134694 0.144898 
0.001342 0.357047 0.001342 0.001342 0.390604 0.236242 0.001342 0.001342 0.008054 0.001342 
0.001471 0.405882 0.008824 0.001471 0.501471 0.001471 0.001471 0.008824 0.001471 0.067647 
0.001408 0.001408 0.015493 0.001408 0.367606 0.304225 0.001408 0.001408 0.191549 0.114085 
0.001515 0.001515 0.001515 0.001515 0.342424 0.160606 0.160606 0.221212 0.016667 0.092424 
0.001739 0.158261 0.001739 0.001739 0.001739 0.001739 0.045217 0.697391 0.088696 0.001739 
0.001020 0.001020 0.230612 0.001020 0.001020 0.001020 0.705102 0.016327 0.026531 0.016327 
0.001242 0.001242 0.268323 0.001242 0.144099 0.001242 0.032298 0.001242 0.429814 0.119255 
0.198726 0.300637 0.014013 0.001274 0.039490 0.001274 0.230573 0.007643 0.020382 0.185987 
0.228788 0.016667 0.607576 0.001515 0.054545 0.001515 0.001515 0.001515 0.001515 0.084848 
0.006667 0.328889 0.006667 0.101111 0.001111 0.412222 0.001111 0.001111 0.140000 0.001111 
0.001124 0.523596 0.197753 0.001124 0.259551 0.001124 0.001124 0.001124 0.001124 0.012360 
0.001370 0.549315 0.063014 0.035616 0.001370 0.200000 0.145205 0.001370 0.001370 0.001370 
