0.001626 0.440650 0.001626 0.001626 0.001626 0.546341 0.001626 0.001626 0.001626 0.001626 
0.080315 0.174803 0.001575 0.001575 0.001575 0.647244 0.080315 0.001575 0.009449 0.001575 
0.001626 0.391870 0.001626 0.017886 0.017886 0.513821 0.001626 0.017886 0.034146 0.001626 
0.001087 0.550000 0.028261 0.001087 0.283696 0.060870 0.071739 0.001087 0.001087 0.001087 
0.155385 0.340000 0.001538 0.001538 0.001538 0.293846 0.001538 0.009231 0.101538 0.093846 
0.922807 0.001754 0.045614 0.001754 0.001754 0.001754 0.019298 0.001754 0.001754 0.001754 
0.196460 0.072566 0.178761 0.010619 0.001770 0.338053 0.187611 0.001770 0.010619 0.001770 
0.669136 0.064198 0.014815 0.088889 0.002469 0.002469 0.002469 0.002469 0.088889 0.064198 
0.001481 0.260741 0.134815 0.001481 0.431111 0.001481 0.001481 0.001481 0.164444 0.001481 
0.556863 0.393464 0.033987 0.001307 0.007843 0.001307 0.001307 0.001307 0.001307 0.001307 
0.018182 0.588430 0.001653 0.001653 0.332231 0.009917 0.001653 0.001653 0.009917 0.034711 
0.334722 0.001389 0.112500 0.001389 0.522222 0.001389 0.001389 0.001389 0.001389 0.022222 
0.001550 0.017054 0.714729 0.001550 0.001550 0.009302 0.226357 0.001550 0.001550 0.024806 
0.008696 0.595652 0.023188 0.066667 0.284058 0.008696 0.008696 0.001449 0.001449 0.001449 
0.597516 0.063354 0.001242 0.001242 0.001242 0.057143 0.113043 0.026087 0.001242 0.137888 
0.710000 0.043333 0.110000 0.126667 0.001667 0.001667 0.001667 0.001667 0.001667 0.001667 
0.434043 0.100709 0.015603 0.001418 0.228369 0.001418 0.001418 0.072340 0.072340 0.072340 
0.016296 0.512593 0.008889 0.001481 0.060741 0.320000 0.023704 0.001481 0.053333 0.001481 
0.630645 0.001613 0.082258 0.001613 0.009677 0.001613 0.219355 0.050000 0.001613 0.001613 
0.142105 0.001754 0.036842 0.001754 0.001754 0.001754 0.001754 0.808772 0.001754 0.001754 
0.257600 0.001600 0.137600 0.105600 0.009600 0.001600 0.369600 0.113600 0.001600 0.001600 
0.210000 0.718333 0.001667 0.001667 0.001667 0.051667 0.001667 0.010000 0.001667 0.001667 
0.052101 0.052101 0.615126 0.068908 0.144538 0.018487 0.010084 0.001681 0.035294 0.001681 
0.010714 0.001786 0.617857 0.180357 0.001786 0.001786 0.001786 0.171429 0.001786 0.010714 
0.368333 0.001667 0.618333 0.001667 0.001667 0.001667 0.001667 0.001667 0.001667 0.001667 
0.013174 0.001198 0.001198 0.001198 0.001198 0.001198 0.013174 0.917365 0.001198 0.049102 
0.008054 0.390604 0.216107 0.068456 0.135570 0.008054 0.001342 0.169128 0.001342 0.001342 
0.001198 0.234731 0.102994 0.001198 0.037126 0.001198 0.486228 0.120958 0.007186 0.007186 
0.416162 0.113131 0.002020 0.002020 0.214141 0.133333 0.052525 0.062626 0.002020 0.002020 
0.253763 0.522581 0.001075 0.001075 0.001075 0.183871 0.001075 0.006452 0.027957 0.001075 
0.001681 0.010084 0.497479 0.077311 0.278992 0.010084 0.001681 0.085714 0.026891 0.010084 
0.759236 0.001274 0.007643 0.001274 0.001274 0.007643 0.141401 0.020382 0.014013 0.045860 
0.001342 0.169128 0.256376 0.001342 0.209396 0.008054 0.001342 0.343624 0.008054 0.001342 
0.014474 0.027632 0.119737 0.001316 0.001316 0.001316 0.001316 0.830263 0.001316 0.001316 
0.019298 0.089474 0.063158 0.010526 0.001754 0.001754 0.001754 0.808772 0.001754 0.001754 
0.397015 0.180597 0.008955 0.068657 0.128358 0.008955 0.016418 0.016418 0.001493 0.173134 
0.010526 0.221053 0.238596 0.001754 0.089474 0.001754 0.273684 0.159649 0.001754 0.001754 
0.005797 0.000966 0.232850 0.068599 0.112077 0.000966 0.073430 0.479227 0.025121 0.000966 
0.001429 0.244286 0.287143 0.044286 0.030000 0.001429 0.001429 0.351429 0.037143 0.001429 
0.084722 0.001389 0.202778 0.001389 0.001389 0.001389 0.688889 0.015278 0.001389 0.001389 
0.005263 0.000877 0.163158 0.000877 0.035965 0.000877 0.549123 0.158772 0.031579 0.053509 
0.015827 0.692086 0.051799 0.001439 0.008633 0.008633 0.001439 0.210072 0.008633 0.001439 
0.184946 0.217204 0.002151 0.002151 0.023656 0.002151 0.002151 0.561290 0.002151 0.002151 
0.030657 0.388321 0.089051 0.001460 0.001460 0.081752 0.191241 0.008759 0.001460 0.205839 
0.110924 0.001681 0.413445 0.379832 0.001681 0.001681 0.077311 0.010084 0.001681 0.001681 
0.753383 0.166917 0.016541 0.046617 0.009023 0.001504 0.001504 0.001504 0.001504 0.001504 
0.001235 0.309877 0.032099 0.001235 0.143210 0.001235 0.001235 0.383951 0.019753 0.106173 
0.023404 0.097872 0.353191 0.002128 0.172340 0.002128 0.097872 0.151064 0.034043 0.065957 
0.001389 0.001389 0.001389 0.001389 0.022222 0.043056 0.084722 0.612500 0.230556 0.001389 
0.000995 0.055721 0.652736 0.005970 0.015920 0.000995 0.214925 0.000995 0.050746 0.000995 
0.001370 0.364384 0.069863 0.015068 0.117808 0.008219 0.200000 0.220548 0.001370 0.001370 
0.001370 0.001370 0.426027 0.001370 0.008219 0.110959 0.001370 0.446575 0.001370 0.001370 
0.364835 0.002198 0.463736 0.002198 0.046154 0.002198 0.002198 0.002198 0.024176 0.090110 
0.001418 0.001418 0.660993 0.001418 0.051064 0.001418 0.249645 0.001418 0.001418 0.029787 
0.396639 0.001681 0.001681 0.144538 0.001681 0.077311 0.169748 0.085714 0.119328 0.001681 
0.227826 0.036522 0.010435 0.001739 0.088696 0.001739 0.036522 0.593043 0.001739 0.001739 
0.492216 0.300599 0.001198 0.001198 0.001198 0.067066 0.120958 0.007186 0.007186 0.001198 
0.026582 0.235443 0.172152 0.007595 0.045570 0.001266 0.203797 0.305063 0.001266 0.001266 
0.001299 0.605195 0.007792 0.001299 0.001299 0.001299 0.001299 0.377922 0.001299 0.001299 
0.016296 0.260741 0.001481 0.001481 0.045926 0.001481 0.075556 0.357037 0.171852 0.068148 
0.001504 0.001504 0.603008 0.001504 0.001504 0.054135 0.001504 0.332331 0.001504 0.001504 
0.001563 0.064062 0.040625 0.001563 0.001563 0.001563 0.001563 0.579688 0.290625 0.017188 
0.001481 0.008889 0.023704 0.001481 0.023704 0.031111 0.001481 0.542222 0.349630 0.016296 
0.019469 0.231858 0.258407 0.001770 0.063717 0.001770 0.028319 0.391150 0.001770 0.001770 
0.001600 0.585600 0.001600 0.001600 0.001600 0.001600 0.001600 0.401600 0.001600 0.001600 
0.060927 0.021192 0.259603 0.001325 0.464901 0.001325 0.067550 0.007947 0.001325 0.113907 
0.313475 0.504965 0.001418 0.121986 0.001418 0.043972 0.001418 0.001418 0.001418 0.008511 
0.001064 0.139362 0.203191 0.001064 0.123404 0.001064 0.453191 0.001064 0.001064 0.075532 
0.002353 0.143529 0.002353 0.002353 0.002353 0.025882 0.002353 0.402353 0.002353 0.414118 
0.196610 0.027119 0.001695 0.001695 0.052542 0.001695 0.230508 0.484746 0.001695 0.001695 
0.046753 0.475325 0.001299 0.319481 0.144156 0.001299 0.007792 0.001299 0.001299 0.001299 
0.086486 0.248649 0.005405 0.352252 0.014414 0.000901 0.181081 0.090991 0.000901 0.018919 
0.001005 0.684422 0.041206 0.056281 0.001005 0.011055 0.196985 0.006030 0.001005 0.001005 
0.001149 0.277011 0.052874 0.075862 0.001149 0.001149 0.501149 0.001149 0.001149 0.087356 
0.001198 0.019162 0.085030 0.456287 0.324551 0.001198 0.049102 0.001198 0.001198 0.061078 
0.001563 0.001563 0.900000 0.009375 0.001563 0.040625 0.001563 0.009375 0.032813 0.001563 
0.118621 0.304828 0.008276 0.008276 0.008276 0.042759 0.304828 0.001379 0.153103 0.049655 
0.099301 0.050350 0.001399 0.001399 0.183217 0.001399 0.001399 0.469930 0.001399 0.190210 
0.001550 0.001550 0.001550 0.001550 0.001550 0.032558 0.017054 0.001550 0.172093 0.768992 
0.001235 0.001235 0.001235 0.001235 0.007407 0.001235 0.007407 0.556790 0.254321 0.167901 
0.001550 0.148837 0.094574 0.001550 0.001550 0.009302 0.001550 0.234109 0.001550 0.505426 
0.007947 0.001325 0.405298 0.041060 0.133775 0.001325 0.014570 0.001325 0.014570 0.378808 
0.001087 0.088043 0.142391 0.001087 0.001087 0.022826 0.033696 0.185870 0.001087 0.522826 
0.001163 0.006977 0.402326 0.105814 0.001163 0.001163 0.001163 0.001163 0.123256 0.355814 
0.128169 0.001408 0.142254 0.614085 0.001408 0.001408 0.015493 0.001408 0.001408 0.092958 
0.016667 0.001042 0.001042 0.001042 0.001042 0.001042 0.073958 0.094792 0.344792 0.464583 
0.002041 0.002041 0.042857 0.002041 0.012245 0.124490 0.032653 0.002041 0.002041 0.777551 
0.091525 0.001130 0.006780 0.181921 0.006780 0.001130 0.001130 0.063277 0.362712 0.283616 
0.461871 0.001439 0.353957 0.001439 0.001439 0.001439 0.015827 0.008633 0.001439 0.152518 
0.520779 0.319481 0.001299 0.001299 0.014286 0.001299 0.020779 0.001299 0.001299 0.118182 
0.007792 0.325974 0.001299 0.248052 0.131169 0.098701 0.014286 0.001299 0.001299 0.170130 
0.286131 0.235036 0.001460 0.008759 0.001460 0.001460 0.125547 0.286131 0.045255 0.008759 
0.007692 0.007692 0.052564 0.007692 0.046154 0.001282 0.065385 0.616667 0.097436 0.097436 
0.001325 0.570861 0.060927 0.001325 0.094040 0.001325 0.007947 0.014570 0.001325 0.246358 
0.046970 0.796970 0.016667 0.001515 0.001515 0.107576 0.001515 0.001515 0.001515 0.024242 
0.104598 0.748276 0.001149 0.001149 0.001149 0.001149 0.012644 0.127586 0.001149 0.001149 
0.357068 0.540314 0.006283 0.001047 0.001047 0.011518 0.001047 0.001047 0.079581 0.001047 
0.007742 0.659355 0.052903 0.001290 0.001290 0.201290 0.007742 0.001290 0.001290 0.065806 
0.956818 0.002273 0.025000 0.002273 0.002273 0.002273 0.002273 0.002273 0.002273 0.002273 
0.001449 0.769565 0.139130 0.037681 0.023188 0.001449 0.023188 0.001449 0.001449 0.001449 
0.334503 0.299415 0.153216 0.001170 0.001170 0.001170 0.077193 0.012865 0.083041 0.036257 
0.001250 0.545000 0.395000 0.001250 0.001250 0.001250 0.001250 0.007500 0.045000 0.001250 
0.215152 0.472727 0.003030 0.003030 0.003030 0.003030 0.003030 0.003030 0.003030 0.290909 
0.000893 0.737500 0.027679 0.009821 0.000893 0.139286 0.000893 0.050000 0.032143 0.000893 
0.286275 0.462745 0.001961 0.001961 0.031373 0.001961 0.207843 0.001961 0.001961 0.001961 
0.540000 0.216923 0.001538 0.001538 0.040000 0.147692 0.001538 0.001538 0.001538 0.047692 
0.277165 0.048819 0.001575 0.017323 0.001575 0.387402 0.143307 0.119685 0.001575 0.001575 
0.001515 0.713636 0.251515 0.001515 0.024242 0.001515 0.001515 0.001515 0.001515 0.001515 
0.085263 0.627368 0.116842 0.001053 0.111579 0.011579 0.001053 0.006316 0.001053 0.037895 
0.468148 0.357037 0.001481 0.001481 0.060741 0.001481 0.001481 0.001481 0.001481 0.105185 
0.276812 0.523188 0.008696 0.001449 0.023188 0.001449 0.001449 0.160870 0.001449 0.001449 
0.537143 0.337143 0.015714 0.008571 0.008571 0.051429 0.037143 0.001429 0.001429 0.001429 
0.313115 0.673770 0.001639 0.001639 0.001639 0.001639 0.001639 0.001639 0.001639 0.001639 
0.781560 0.192908 0.008511 0.001418 0.008511 0.001418 0.001418 0.001418 0.001418 0.001418 
0.067470 0.314458 0.001205 0.001205 0.013253 0.001205 0.597590 0.001205 0.001205 0.001205 
0.039623 0.520755 0.001887 0.001887 0.426415 0.001887 0.001887 0.001887 0.001887 0.001887 
0.063014 0.795890 0.063014 0.001370 0.069863 0.001370 0.001370 0.001370 0.001370 0.001370 
0.001563 0.532813 0.001563 0.001563 0.009375 0.001563 0.275000 0.001563 0.056250 0.118750 
0.074545 0.665455 0.010909 0.020000 0.001818 0.174545 0.001818 0.020000 0.029091 0.001818 
0.615714 0.008571 0.001429 0.001429 0.008571 0.265714 0.094286 0.001429 0.001429 0.001429 
0.294309 0.578862 0.001626 0.001626 0.017886 0.001626 0.099187 0.001626 0.001626 0.001626 
0.232836 0.486567 0.232836 0.001493 0.001493 0.001493 0.031343 0.001493 0.008955 0.001493 
0.001653 0.348760 0.001653 0.034711 0.001653 0.414876 0.034711 0.001653 0.001653 0.158678 
0.001325 0.663576 0.014570 0.001325 0.067550 0.206623 0.007947 0.027815 0.001325 0.007947 
0.207821 0.369832 0.001117 0.001117 0.414525 0.001117 0.001117 0.001117 0.001117 0.001117 
0.392547 0.038509 0.038509 0.007453 0.001242 0.001242 0.001242 0.417391 0.069565 0.032298 
0.040000 0.373333 0.112222 0.001111 0.467778 0.001111 0.001111 0.001111 0.001111 0.001111 
0.435862 0.470345 0.001379 0.001379 0.001379 0.001379 0.001379 0.042759 0.001379 0.042759 
0.490647 0.447482 0.001439 0.001439 0.037410 0.001439 0.001439 0.015827 0.001439 0.001439 
0.001220 0.507317 0.318293 0.001220 0.165854 0.001220 0.001220 0.001220 0.001220 0.001220 
0.047706 0.588991 0.111927 0.001835 0.166972 0.038532 0.020183 0.020183 0.001835 0.001835 
0.357025 0.175207 0.001653 0.001653 0.001653 0.001653 0.001653 0.001653 0.125620 0.332231 
0.229921 0.017323 0.040945 0.001575 0.001575 0.190551 0.198425 0.040945 0.001575 0.277165 
0.001852 0.011111 0.001852 0.011111 0.011111 0.316667 0.001852 0.094444 0.177778 0.372222 
0.001786 0.001786 0.233929 0.466071 0.001786 0.001786 0.100000 0.019643 0.019643 0.153571 
0.121600 0.017600 0.281600 0.249600 0.001600 0.001600 0.001600 0.001600 0.001600 0.321600 
0.001613 0.501613 0.138710 0.009677 0.001613 0.001613 0.340323 0.001613 0.001613 0.001613 
0.001258 0.001258 0.447799 0.001258 0.108176 0.133333 0.303145 0.001258 0.001258 0.001258 
0.001163 0.454651 0.158140 0.001163 0.001163 0.001163 0.379070 0.001163 0.001163 0.001163 
0.128177 0.702762 0.001105 0.001105 0.001105 0.006630 0.155801 0.001105 0.001105 0.001105 
0.419858 0.540426 0.001418 0.001418 0.008511 0.001418 0.022695 0.001418 0.001418 0.001418 
0.332308 0.009231 0.578462 0.001538 0.024615 0.001538 0.040000 0.001538 0.009231 0.001538 
0.001587 0.485714 0.001587 0.001587 0.001587 0.311111 0.001587 0.120635 0.057143 0.017460 
0.267626 0.641727 0.015827 0.001439 0.015827 0.044604 0.001439 0.001439 0.001439 0.008633 
0.049206 0.938095 0.001587 0.001587 0.001587 0.001587 0.001587 0.001587 0.001587 0.001587 
0.469725 0.451376 0.066055 0.001835 0.001835 0.001835 0.001835 0.001835 0.001835 0.001835 
0.300000 0.476829 0.001220 0.001220 0.165854 0.001220 0.001220 0.025610 0.001220 0.025610 
0.564286 0.421429 0.001786 0.001786 0.001786 0.001786 0.001786 0.001786 0.001786 0.001786 
0.001429 0.865714 0.087143 0.001429 0.030000 0.001429 0.001429 0.001429 0.008571 0.001429 
0.002020 0.587879 0.214141 0.002020 0.143434 0.002020 0.002020 0.002020 0.002020 0.042424 
0.001227 0.498160 0.117791 0.013497 0.277301 0.001227 0.087117 0.001227 0.001227 0.001227 
0.001235 0.044444 0.433333 0.001235 0.167901 0.001235 0.328395 0.019753 0.001235 0.001235 
0.053947 0.146053 0.323684 0.001316 0.290789 0.178947 0.001316 0.001316 0.001316 0.001316 
0.002273 0.445455 0.320455 0.002273 0.047727 0.002273 0.002273 0.002273 0.002273 0.172727 
0.172093 0.660465 0.001550 0.001550 0.001550 0.001550 0.148837 0.009302 0.001550 0.001550 
0.018605 0.437209 0.001163 0.001163 0.001163 0.059302 0.477907 0.001163 0.001163 0.001163 
0.352632 0.063158 0.010526 0.177193 0.317544 0.001754 0.071930 0.001754 0.001754 0.001754 
0.708696 0.002174 0.002174 0.002174 0.056522 0.034783 0.089130 0.002174 0.002174 0.100000 
0.001170 0.001170 0.357895 0.001170 0.258480 0.001170 0.357895 0.018713 0.001170 0.001170 
0.001399 0.155245 0.092308 0.092308 0.029371 0.001399 0.001399 0.295105 0.330070 0.001399 
0.304516 0.317419 0.001290 0.001290 0.001290 0.001290 0.369032 0.001290 0.001290 0.001290 
0.008000 0.161333 0.634667 0.001333 0.174667 0.001333 0.001333 0.001333 0.001333 0.014667 
0.009756 0.139837 0.001626 0.237398 0.269919 0.001626 0.001626 0.001626 0.334959 0.001626 
0.480000 0.001429 0.230000 0.030000 0.008571 0.001429 0.244286 0.001429 0.001429 0.001429 
0.220438 0.008759 0.118248 0.344526 0.118248 0.001460 0.118248 0.001460 0.067153 0.001460 
0.008571 0.180000 0.001429 0.030000 0.144286 0.001429 0.558571 0.072857 0.001429 0.001429 
0.001299 0.027273 0.202597 0.001299 0.196104 0.001299 0.559740 0.001299 0.001299 0.007792 
0.226357 0.559690 0.032558 0.001550 0.001550 0.001550 0.164341 0.001550 0.001550 0.009302 
0.336709 0.001266 0.001266 0.368354 0.001266 0.001266 0.248101 0.039241 0.001266 0.001266 
0.327407 0.260741 0.008889 0.001481 0.008889 0.001481 0.023704 0.001481 0.364444 0.001481 
0.001156 0.134104 0.001156 0.405780 0.272832 0.001156 0.174566 0.001156 0.006936 0.001156 
0.002062 0.032990 0.002062 0.600000 0.270103 0.002062 0.012371 0.002062 0.074227 0.002062 
0.521260 0.174803 0.033071 0.048819 0.001575 0.001575 0.214173 0.001575 0.001575 0.001575 
0.019298 0.089474 0.001754 0.001754 0.010526 0.370175 0.405263 0.001754 0.001754 0.098246 
0.013223 0.021488 0.000826 0.500826 0.244628 0.009091 0.203306 0.000826 0.000826 0.004959 
0.016296 0.327407 0.112593 0.231111 0.001481 0.001481 0.297778 0.008889 0.001481 0.001481 
0.008392 0.029371 0.588811 0.015385 0.001399 0.001399 0.323077 0.001399 0.001399 0.029371 
0.252571 0.001143 0.086857 0.155429 0.052571 0.018286 0.138286 0.001143 0.006857 0.286857 
0.553947 0.007895 0.001316 0.001316 0.001316 0.001316 0.178947 0.007895 0.001316 0.244737 
0.021918 0.761644 0.001370 0.001370 0.001370 0.001370 0.206849 0.001370 0.001370 0.001370 
0.073600 0.001600 0.457600 0.113600 0.009600 0.001600 0.337600 0.001600 0.001600 0.001600 
0.001361 0.001361 0.382313 0.001361 0.021769 0.001361 0.552381 0.001361 0.001361 0.035374 
0.001527 0.039695 0.375573 0.062595 0.024427 0.001527 0.367939 0.001527 0.009160 0.116031 
0.001515 0.001515 0.789394 0.001515 0.001515 0.001515 0.153030 0.001515 0.016667 0.031818 
0.001449 0.834783 0.102899 0.001449 0.001449 0.052174 0.001449 0.001449 0.001449 0.001449 
0.001515 0.637879 0.153030 0.009091 0.001515 0.001515 0.153030 0.001515 0.001515 0.039394 
0.021359 0.089320 0.099029 0.001942 0.050485 0.001942 0.710680 0.001942 0.021359 0.001942 
0.041935 0.219355 0.445161 0.001613 0.001613 0.001613 0.275806 0.009677 0.001613 0.001613 
0.006383 0.314894 0.043617 0.001064 0.048936 0.001064 0.001064 0.580851 0.001064 0.001064 
0.001942 0.001942 0.681553 0.234951 0.001942 0.011650 0.001942 0.011650 0.021359 0.031068 
0.001198 0.019162 0.558084 0.240719 0.001198 0.138922 0.007186 0.001198 0.007186 0.025150 
0.064583 0.127083 0.502083 0.002083 0.002083 0.033333 0.262500 0.002083 0.002083 0.002083 
0.016667 0.092424 0.365152 0.024242 0.001515 0.001515 0.493939 0.001515 0.001515 0.001515 
0.357037 0.001481 0.016296 0.001481 0.001481 0.268148 0.001481 0.001481 0.001481 0.349630 
0.088000 0.001333 0.001333 0.008000 0.774667 0.001333 0.001333 0.008000 0.001333 0.114667 
0.001361 0.572789 0.239456 0.001361 0.171429 0.001361 0.001361 0.001361 0.008163 0.001361 
0.386335 0.566460 0.001242 0.001242 0.001242 0.026087 0.001242 0.001242 0.001242 0.013665 
0.581159 0.385507 0.001449 0.001449 0.023188 0.001449 0.001449 0.001449 0.001449 0.001449 
0.001408 0.402817 0.001408 0.001408 0.001408 0.001408 0.029577 0.001408 0.536620 0.022535 
0.000917 0.624771 0.363303 0.000917 0.000917 0.000917 0.000917 0.000917 0.000917 0.005505 
0.001449 0.523188 0.001449 0.044928 0.001449 0.407246 0.001449 0.015942 0.001449 0.001449 
0.002083 0.470833 0.335417 0.022917 0.147917 0.012500 0.002083 0.002083 0.002083 0.002083 
0.327132 0.110078 0.001550 0.001550 0.001550 0.443411 0.094574 0.017054 0.001550 0.001550 
0.108197 0.091803 0.009836 0.001639 0.206557 0.009836 0.124590 0.165574 0.272131 0.009836 
0.305600 0.001600 0.001600 0.001600 0.001600 0.001600 0.337600 0.001600 0.337600 0.009600 
0.214159 0.019469 0.001770 0.019469 0.001770 0.019469 0.267257 0.001770 0.453097 0.001770 
0.001307 0.739869 0.158170 0.001307 0.040523 0.001307 0.053595 0.001307 0.001307 0.001307 
0.516564 0.314110 0.007362 0.001227 0.130061 0.019632 0.001227 0.007362 0.001227 0.001227 
0.723871 0.220645 0.001290 0.001290 0.001290 0.001290 0.046452 0.001290 0.001290 0.001290 
0.016754 0.001047 0.388482 0.001047 0.001047 0.011518 0.032461 0.001047 0.545550 0.001047 
0.474725 0.002198 0.254945 0.243956 0.002198 0.002198 0.002198 0.002198 0.002198 0.013187 
0.061818 0.001212 0.019394 0.334545 0.116364 0.007273 0.013333 0.316364 0.001212 0.128485 
0.002128 0.002128 0.555319 0.204255 0.002128 0.002128 0.214894 0.002128 0.012766 0.002128 
0.020513 0.039744 0.552564 0.084615 0.007692 0.014103 0.033333 0.001282 0.001282 0.244872 
0.001460 0.059854 0.242336 0.308029 0.001460 0.001460 0.074453 0.001460 0.001460 0.308029 
0.001258 0.026415 0.183648 0.001258 0.001258 0.686792 0.001258 0.001258 0.001258 0.095597 
0.001852 0.001852 0.048148 0.001852 0.020370 0.011111 0.001852 0.001852 0.038889 0.872222 
0.001081 0.001081 0.190270 0.001081 0.001081 0.049730 0.438919 0.044324 0.001081 0.271351 
0.024561 0.001170 0.007018 0.235088 0.024561 0.001170 0.439766 0.007018 0.001170 0.258480 
0.225850 0.273469 0.082993 0.001361 0.355102 0.001361 0.001361 0.001361 0.001361 0.055782 
0.001905 0.020952 0.592381 0.163810 0.068571 0.001905 0.049524 0.001905 0.001905 0.097143 
0.506742 0.017978 0.214607 0.079775 0.001124 0.006742 0.006742 0.001124 0.001124 0.164045 
0.001923 0.011538 0.050000 0.059615 0.001923 0.223077 0.001923 0.011538 0.088462 0.550000 
0.001709 0.001709 0.018803 0.574359 0.164103 0.001709 0.001709 0.018803 0.001709 0.215385 
0.114970 0.001198 0.025150 0.091018 0.001198 0.594012 0.013174 0.001198 0.001198 0.156886 
0.006704 0.347486 0.001117 0.001117 0.001117 0.246927 0.045810 0.129609 0.090503 0.129609 
0.001739 0.001739 0.758261 0.001739 0.001739 0.001739 0.001739 0.001739 0.001739 0.227826 
0.023188 0.001449 0.284058 0.073913 0.052174 0.001449 0.153623 0.008696 0.001449 0.400000 
0.033600 0.001600 0.001600 0.417600 0.001600 0.001600 0.009600 0.017600 0.417600 0.097600 
0.001538 0.001538 0.001538 0.001538 0.001538 0.001538 0.001538 0.001538 0.001538 0.986154 
0.261789 0.164228 0.026016 0.147967 0.001626 0.001626 0.009756 0.383740 0.001626 0.001626 
0.117949 0.053846 0.002564 0.002564 0.002564 0.656410 0.002564 0.002564 0.002564 0.156410 
0.001370 0.001370 0.001370 0.001370 0.001370 0.001370 0.679452 0.001370 0.001370 0.309589 
0.001575 0.001575 0.355906 0.103937 0.111811 0.001575 0.001575 0.009449 0.001575 0.411024 
0.121839 0.041379 0.075862 0.345977 0.001149 0.029885 0.001149 0.173563 0.064368 0.144828 
0.064000 0.286857 0.001143 0.001143 0.001143 0.001143 0.521143 0.001143 0.001143 0.121143 
0.001887 0.001887 0.530189 0.181132 0.218868 0.001887 0.001887 0.001887 0.039623 0.020755 
0.001379 0.001379 0.035862 0.160000 0.001379 0.001379 0.001379 0.035862 0.677241 0.084138 
0.182759 0.001724 0.001724 0.346552 0.001724 0.001724 0.001724 0.208621 0.191379 0.062069 
0.002439 0.014634 0.709756 0.075610 0.002439 0.075610 0.075610 0.014634 0.002439 0.026829 
0.001905 0.001905 0.192381 0.001905 0.001905 0.068571 0.040000 0.268571 0.001905 0.420952 
0.027815 0.001325 0.001325 0.213245 0.001325 0.001325 0.021192 0.246358 0.478146 0.007947 
0.028319 0.001770 0.231858 0.001770 0.001770 0.028319 0.028319 0.001770 0.054867 0.621239 
0.529134 0.206299 0.111811 0.080315 0.064567 0.001575 0.001575 0.001575 0.001575 0.001575 
0.249383 0.002469 0.039506 0.483951 0.002469 0.002469 0.002469 0.002469 0.200000 0.014815 
0.038509 0.001242 0.100621 0.001242 0.075776 0.299379 0.001242 0.013665 0.454658 0.013665 
0.013018 0.001183 0.036686 0.001183 0.001183 0.007101 0.060355 0.208284 0.001183 0.669822 
0.033333 0.012500 0.002083 0.002083 0.002083 0.002083 0.022917 0.075000 0.002083 0.845833 
0.011765 0.001961 0.001961 0.188235 0.011765 0.001961 0.001961 0.060784 0.001961 0.717647 
0.355752 0.391150 0.010619 0.001770 0.010619 0.116814 0.001770 0.001770 0.099115 0.010619 
0.497710 0.100763 0.001527 0.001527 0.001527 0.200000 0.062595 0.001527 0.123664 0.009160 
0.185034 0.348299 0.001361 0.001361 0.028571 0.361905 0.001361 0.028571 0.001361 0.042177 
0.505600 0.473600 0.001600 0.001600 0.001600 0.001600 0.009600 0.001600 0.001600 0.001600 
0.013187 0.200000 0.101099 0.002198 0.079121 0.584615 0.002198 0.002198 0.013187 0.002198 
0.001786 0.716071 0.001786 0.001786 0.144643 0.091071 0.001786 0.037500 0.001786 0.001786 
0.019130 0.001739 0.001739 0.010435 0.001739 0.810435 0.019130 0.106087 0.027826 0.001739 
0.133333 0.311494 0.001149 0.006897 0.029885 0.001149 0.001149 0.012644 0.081609 0.420690 
0.001905 0.497143 0.001905 0.001905 0.011429 0.040000 0.001905 0.011429 0.430476 0.001905 
0.001351 0.920270 0.001351 0.008108 0.035135 0.001351 0.001351 0.001351 0.028378 0.001351 
0.011881 0.061386 0.001980 0.001980 0.091089 0.813861 0.011881 0.001980 0.001980 0.001980 
0.372000 0.512000 0.002000 0.012000 0.012000 0.072000 0.002000 0.002000 0.012000 0.002000 
0.393814 0.517526 0.032990 0.032990 0.002062 0.002062 0.012371 0.002062 0.002062 0.002062 
0.547475 0.244444 0.002020 0.002020 0.022222 0.173737 0.002020 0.002020 0.002020 0.002020 
0.446875 0.243750 0.001563 0.212500 0.064062 0.001563 0.009375 0.001563 0.001563 0.017188 
0.134815 0.838519 0.001481 0.001481 0.001481 0.001481 0.001481 0.001481 0.001481 0.016296 
0.032813 0.720313 0.204687 0.001563 0.001563 0.001563 0.032813 0.001563 0.001563 0.001563 
0.269048 0.709524 0.001190 0.013095 0.001190 0.001190 0.001190 0.001190 0.001190 0.001190 
0.001681 0.774790 0.001681 0.001681 0.001681 0.194958 0.018487 0.001681 0.001681 0.001681 
0.001527 0.299237 0.001527 0.001527 0.001527 0.665649 0.009160 0.001527 0.016794 0.001527 
0.203101 0.544186 0.133333 0.001550 0.086822 0.001550 0.001550 0.001550 0.009302 0.017054 
0.478125 0.243750 0.165625 0.001563 0.001563 0.032813 0.001563 0.056250 0.017188 0.001563 
0.772477 0.194495 0.001835 0.001835 0.001835 0.001835 0.020183 0.001835 0.001835 0.001835 
0.605195 0.377922 0.001299 0.001299 0.001299 0.001299 0.001299 0.001299 0.007792 0.001299 
0.419780 0.134066 0.002198 0.090110 0.002198 0.002198 0.342857 0.002198 0.002198 0.002198 
0.028319 0.143363 0.001770 0.010619 0.001770 0.683186 0.107965 0.010619 0.001770 0.010619 
0.014865 0.636486 0.177027 0.075676 0.001351 0.001351 0.089189 0.001351 0.001351 0.001351 
0.011009 0.396330 0.001835 0.001835 0.056881 0.001835 0.313761 0.001835 0.020183 0.194495 
0.001538 0.570769 0.009231 0.024615 0.186154 0.201538 0.001538 0.001538 0.001538 0.001538 
0.467176 0.444275 0.001527 0.001527 0.009160 0.001527 0.070229 0.001527 0.001527 0.001527 
0.127559 0.001575 0.001575 0.001575 0.056693 0.592126 0.040945 0.151181 0.009449 0.017323 
0.002299 0.485057 0.002299 0.002299 0.002299 0.002299 0.220690 0.209195 0.071264 0.002299 
0.538947 0.402105 0.033684 0.002105 0.002105 0.002105 0.002105 0.012632 0.002105 0.002105 
0.077863 0.360305 0.062595 0.001527 0.131298 0.337405 0.016794 0.001527 0.001527 0.009160 
0.196875 0.118750 0.009375 0.009375 0.431250 0.001563 0.001563 0.001563 0.001563 0.228125 
0.233058 0.348760 0.001653 0.001653 0.001653 0.001653 0.001653 0.018182 0.001653 0.390083 
0.375573 0.001527 0.001527 0.009160 0.016794 0.161832 0.200000 0.054962 0.001527 0.177099 
0.093846 0.001538 0.216923 0.001538 0.116923 0.009231 0.001538 0.001538 0.224615 0.332308 
0.032813 0.892188 0.017188 0.001563 0.009375 0.009375 0.032813 0.001563 0.001563 0.001563 
0.001227 0.289571 0.001227 0.001227 0.001227 0.620859 0.001227 0.019632 0.038037 0.025767 
0.001449 0.726087 0.095652 0.037681 0.001449 0.124638 0.001449 0.001449 0.008696 0.001449 
0.120000 0.770000 0.001250 0.001250 0.020000 0.001250 0.082500 0.001250 0.001250 0.001250 
0.001351 0.906757 0.075676 0.001351 0.008108 0.001351 0.001351 0.001351 0.001351 0.001351 
0.001653 0.588430 0.001653 0.026446 0.001653 0.001653 0.001653 0.059504 0.282645 0.034711 
0.001667 0.585000 0.351667 0.001667 0.001667 0.018333 0.035000 0.001667 0.001667 0.001667 
0.011321 0.181132 0.718868 0.001887 0.001887 0.001887 0.049057 0.020755 0.011321 0.001887 
0.012766 0.714894 0.161702 0.002128 0.002128 0.002128 0.002128 0.002128 0.097872 0.002128 
0.157812 0.720313 0.001563 0.001563 0.001563 0.001563 0.001563 0.001563 0.095312 0.017188 
0.001026 0.570256 0.001026 0.001026 0.201026 0.001026 0.216410 0.001026 0.006154 0.001026 
0.001471 0.008824 0.472059 0.023529 0.442647 0.001471 0.001471 0.001471 0.045588 0.001471 
0.001130 0.407910 0.244068 0.001130 0.340113 0.001130 0.001130 0.001130 0.001130 0.001130 
0.128000 0.388000 0.301333 0.001333 0.088000 0.008000 0.001333 0.008000 0.074667 0.001333 
0.001460 0.454015 0.001460 0.001460 0.045255 0.074453 0.388321 0.030657 0.001460 0.001460 
0.001183 0.788166 0.024852 0.001183 0.018935 0.001183 0.001183 0.013018 0.095858 0.054438 
0.001460 0.497810 0.432117 0.001460 0.008759 0.037956 0.001460 0.016058 0.001460 0.001460 
0.001481 0.564444 0.053333 0.001481 0.371852 0.001481 0.001481 0.001481 0.001481 0.001481 
0.285207 0.297041 0.001183 0.018935 0.119527 0.001183 0.001183 0.273373 0.001183 0.001183 
0.001149 0.024138 0.322989 0.185057 0.259770 0.001149 0.196552 0.001149 0.006897 0.001149 
0.465359 0.190850 0.001307 0.001307 0.007843 0.275817 0.007843 0.007843 0.040523 0.001307 
0.062595 0.009160 0.490076 0.207634 0.123664 0.001527 0.054962 0.047328 0.001527 0.001527 
0.001613 0.001613 0.275806 0.179032 0.195161 0.001613 0.187097 0.001613 0.154839 0.001613 
0.001325 0.531126 0.252980 0.001325 0.001325 0.001325 0.206623 0.001325 0.001325 0.001325 
0.001266 0.172152 0.646835 0.001266 0.172152 0.001266 0.001266 0.001266 0.001266 0.001266 
0.033548 0.304516 0.001290 0.001290 0.001290 0.001290 0.007742 0.143226 0.188387 0.317419 
0.001389 0.543056 0.015278 0.001389 0.001389 0.112500 0.168056 0.001389 0.154167 0.001389 
0.143262 0.660993 0.008511 0.001418 0.001418 0.171631 0.008511 0.001418 0.001418 0.001418 
0.001117 0.593296 0.258101 0.045810 0.001117 0.006704 0.090503 0.001117 0.001117 0.001117 
0.001852 0.261111 0.001852 0.242593 0.001852 0.020370 0.344444 0.029630 0.001852 0.094444 
0.001600 0.497600 0.001600 0.065600 0.265600 0.025600 0.001600 0.001600 0.137600 0.001600 
0.001205 0.422892 0.019277 0.001205 0.013253 0.001205 0.085542 0.446988 0.007229 0.001205 
0.001235 0.013580 0.285185 0.093827 0.093827 0.001235 0.001235 0.007407 0.495062 0.007407 
0.120792 0.368317 0.091089 0.001980 0.011881 0.001980 0.001980 0.001980 0.398020 0.001980 
0.355906 0.001575 0.001575 0.001575 0.166929 0.001575 0.340157 0.001575 0.127559 0.001575 
0.068889 0.246667 0.002222 0.002222 0.002222 0.202222 0.057778 0.024444 0.391111 0.002222 
0.134104 0.018497 0.110983 0.006936 0.110983 0.001156 0.041618 0.001156 0.567630 0.006936 
0.297778 0.001481 0.149630 0.001481 0.349630 0.001481 0.001481 0.001481 0.194074 0.001481 
0.012632 0.002105 0.381053 0.002105 0.002105 0.002105 0.128421 0.002105 0.465263 0.002105 
0.123741 0.166906 0.044604 0.037410 0.001439 0.001439 0.353957 0.001439 0.267626 0.001439 
0.306087 0.062609 0.036522 0.001739 0.080000 0.001739 0.001739 0.010435 0.497391 0.001739 
0.338854 0.307006 0.001274 0.001274 0.135032 0.001274 0.026752 0.014013 0.173248 0.001274 
0.001361 0.001361 0.178231 0.164626 0.008163 0.001361 0.001361 0.021769 0.504762 0.117007 
0.573016 0.073016 0.009524 0.001587 0.073016 0.001587 0.001587 0.001587 0.247619 0.017460 
0.387402 0.009449 0.001575 0.001575 0.103937 0.229921 0.033071 0.001575 0.229921 0.001575 
0.001361 0.001361 0.001361 0.001361 0.014966 0.198639 0.014966 0.042177 0.552381 0.171429 
0.177465 0.607042 0.001408 0.001408 0.001408 0.008451 0.001408 0.001408 0.198592 0.001408 
0.395082 0.059016 0.050820 0.001639 0.280328 0.001639 0.001639 0.001639 0.198361 0.009836 
0.305435 0.001087 0.001087 0.006522 0.011957 0.392391 0.060870 0.001087 0.218478 0.001087 
0.079739 0.125490 0.184314 0.001307 0.040523 0.563399 0.001307 0.001307 0.001307 0.001307 
0.013018 0.001183 0.220118 0.001183 0.001183 0.007101 0.527811 0.001183 0.226036 0.001183 
0.389655 0.243103 0.001724 0.001724 0.001724 0.001724 0.001724 0.001724 0.355172 0.001724 
0.337931 0.053448 0.001724 0.044828 0.001724 0.079310 0.122414 0.001724 0.329310 0.027586 
0.001361 0.035374 0.001361 0.001361 0.001361 0.926531 0.014966 0.001361 0.014966 0.001361 
0.109091 0.299174 0.001653 0.001653 0.051240 0.522314 0.001653 0.001653 0.001653 0.009917 
0.033871 0.324194 0.009677 0.001613 0.211290 0.001613 0.114516 0.001613 0.009677 0.291935 
0.058947 0.116842 0.253684 0.001053 0.001053 0.001053 0.316842 0.006316 0.243158 0.001053 
0.429060 0.172650 0.010256 0.001709 0.010256 0.070085 0.010256 0.001709 0.292308 0.001709 
0.394667 0.001333 0.001333 0.001333 0.001333 0.001333 0.368000 0.001333 0.228000 0.001333 
0.153600 0.073600 0.025600 0.001600 0.001600 0.033600 0.257600 0.025600 0.425600 0.001600 
0.226966 0.125843 0.002247 0.002247 0.002247 0.406742 0.002247 0.002247 0.226966 0.002247 
0.060526 0.488158 0.001316 0.001316 0.001316 0.106579 0.271053 0.001316 0.067105 0.001316 
0.201143 0.092571 0.001143 0.001143 0.006857 0.006857 0.412571 0.001143 0.275429 0.001143 
0.040000 0.001905 0.201905 0.001905 0.001905 0.001905 0.411429 0.001905 0.335238 0.001905 
0.225850 0.293878 0.001361 0.001361 0.001361 0.001361 0.300680 0.008163 0.164626 0.001361 
0.152518 0.023022 0.037410 0.015827 0.051799 0.418705 0.001439 0.087770 0.210072 0.001439 
0.488696 0.001739 0.053913 0.010435 0.010435 0.001739 0.001739 0.001739 0.419130 0.010435 
0.159259 0.251852 0.001852 0.001852 0.159259 0.001852 0.316667 0.001852 0.103704 0.001852 
0.002326 0.525581 0.002326 0.048837 0.002326 0.002326 0.002326 0.002326 0.409302 0.002326 
0.190210 0.022378 0.400000 0.001399 0.001399 0.022378 0.008392 0.008392 0.316084 0.029371 
0.042466 0.001370 0.008219 0.028767 0.001370 0.446575 0.001370 0.001370 0.453425 0.015068 
0.008219 0.295890 0.008219 0.001370 0.138356 0.521918 0.001370 0.001370 0.008219 0.015068 
0.001504 0.422556 0.009023 0.001504 0.001504 0.354887 0.001504 0.001504 0.204511 0.001504 
0.521333 0.328000 0.134667 0.001333 0.001333 0.001333 0.001333 0.008000 0.001333 0.001333 
0.054737 0.002105 0.002105 0.002105 0.002105 0.002105 0.002105 0.770526 0.033684 0.128421 
0.010526 0.001754 0.010526 0.414035 0.019298 0.036842 0.036842 0.466667 0.001754 0.001754 
0.188618 0.375610 0.164228 0.001626 0.001626 0.001626 0.164228 0.099187 0.001626 0.001626 
0.001550 0.482171 0.055814 0.001550 0.009302 0.001550 0.001550 0.427907 0.009302 0.009302 
0.001835 0.029358 0.121101 0.011009 0.001835 0.001835 0.423853 0.176147 0.130275 0.102752 
0.001307 0.001307 0.001307 0.001307 0.001307 0.001307 0.040523 0.929412 0.001307 0.020915 
0.053247 0.001299 0.001299 0.001299 0.001299 0.001299 0.001299 0.176623 0.001299 0.761039 
0.001449 0.001449 0.008696 0.052174 0.001449 0.001449 0.001449 0.653623 0.066667 0.211594 
0.212844 0.001835 0.011009 0.011009 0.020183 0.001835 0.359633 0.377982 0.001835 0.001835 
0.031068 0.001942 0.157282 0.001942 0.089320 0.001942 0.050485 0.225243 0.001942 0.438835 
0.001370 0.001370 0.049315 0.001370 0.110959 0.001370 0.001370 0.480822 0.001370 0.350685 
0.009600 0.337600 0.153600 0.001600 0.001600 0.001600 0.001600 0.489600 0.001600 0.001600 
0.001835 0.001835 0.020183 0.001835 0.011009 0.001835 0.001835 0.699083 0.001835 0.258716 
0.082963 0.001481 0.031111 0.008889 0.001481 0.001481 0.001481 0.408889 0.297778 0.164444 
0.014013 0.039490 0.001274 0.007643 0.020382 0.001274 0.058599 0.682803 0.128662 0.045860 
0.001439 0.001439 0.001439 0.044604 0.001439 0.001439 0.001439 0.282014 0.008633 0.656115 
0.025610 0.068293 0.001220 0.092683 0.007317 0.001220 0.001220 0.391463 0.312195 0.098780 
0.026016 0.009756 0.091057 0.001626 0.001626 0.001626 0.017886 0.847154 0.001626 0.001626 
0.028829 0.001802 0.100901 0.001802 0.200000 0.028829 0.001802 0.632432 0.001802 0.001802 
0.001802 0.001802 0.172973 0.001802 0.001802 0.082883 0.001802 0.470270 0.263063 0.001802 
0.001538 0.163077 0.186154 0.024615 0.001538 0.001538 0.093846 0.524615 0.001538 0.001538 
0.001653 0.208264 0.001653 0.076033 0.092562 0.001653 0.117355 0.472727 0.001653 0.026446 
0.001156 0.001156 0.012717 0.105202 0.030058 0.001156 0.001156 0.475145 0.030058 0.342197 
0.001290 0.001290 0.001290 0.007742 0.001290 0.001290 0.001290 0.452903 0.446452 0.085161 
0.009231 0.001538 0.124615 0.001538 0.009231 0.001538 0.001538 0.847692 0.001538 0.001538 
0.013580 0.001235 0.001235 0.001235 0.001235 0.032099 0.001235 0.865432 0.081481 0.001235 
0.001325 0.034437 0.305960 0.378808 0.233113 0.027815 0.001325 0.007947 0.007947 0.001325 
0.388387 0.059355 0.001290 0.059355 0.259355 0.072258 0.033548 0.001290 0.027097 0.098065 
0.101333 0.681333 0.008000 0.001333 0.008000 0.168000 0.001333 0.001333 0.001333 0.028000 
0.097391 0.401739 0.001739 0.001739 0.053913 0.410435 0.001739 0.001739 0.027826 0.001739 
0.084848 0.001515 0.001515 0.137879 0.137879 0.046970 0.046970 0.259091 0.274242 0.009091 
0.039490 0.007643 0.275159 0.103185 0.001274 0.007643 0.007643 0.020382 0.294268 0.243312 
0.376250 0.163750 0.045000 0.007500 0.313750 0.001250 0.001250 0.007500 0.082500 0.001250 
0.001307 0.785621 0.001307 0.001307 0.184314 0.001307 0.001307 0.001307 0.020915 0.001307 
0.446465 0.395960 0.022222 0.002020 0.103030 0.002020 0.002020 0.002020 0.002020 0.022222 
0.000966 0.575845 0.397101 0.000966 0.000966 0.000966 0.000966 0.000966 0.020290 0.000966 
0.180357 0.046429 0.010714 0.091071 0.260714 0.001786 0.001786 0.001786 0.046429 0.358929 
0.001190 0.620238 0.001190 0.001190 0.179762 0.167857 0.001190 0.001190 0.025000 0.001190 
0.008511 0.086525 0.001418 0.001418 0.029787 0.831206 0.008511 0.029787 0.001418 0.001418 
0.001449 0.472464 0.001449 0.001449 0.515942 0.001449 0.001449 0.001449 0.001449 0.001449 
0.152632 0.784211 0.001316 0.001316 0.007895 0.034211 0.001316 0.001316 0.007895 0.007895 
0.001550 0.776744 0.148837 0.001550 0.001550 0.009302 0.001550 0.009302 0.001550 0.048062 
0.332000 0.232000 0.002000 0.152000 0.002000 0.002000 0.002000 0.012000 0.132000 0.132000 
0.001399 0.134266 0.015385 0.162238 0.001399 0.406993 0.001399 0.162238 0.092308 0.022378 
0.021333 0.581333 0.001333 0.014667 0.214667 0.021333 0.068000 0.074667 0.001333 0.001333 
0.030435 0.494203 0.044928 0.001449 0.001449 0.421739 0.001449 0.001449 0.001449 0.001449 
0.001493 0.314925 0.001493 0.001493 0.404478 0.061194 0.038806 0.001493 0.173134 0.001493 
0.060526 0.494737 0.001316 0.001316 0.192105 0.001316 0.211842 0.001316 0.034211 0.001316 
0.106579 0.639474 0.001316 0.047368 0.185526 0.001316 0.001316 0.001316 0.007895 0.007895 
0.289571 0.056442 0.013497 0.001227 0.001227 0.013497 0.038037 0.019632 0.565644 0.001227 
0.001439 0.821583 0.037410 0.001439 0.116547 0.001439 0.008633 0.001439 0.001439 0.008633 
0.136486 0.041892 0.318919 0.001351 0.075676 0.048649 0.177027 0.197297 0.001351 0.001351 
0.334694 0.055782 0.001361 0.001361 0.504762 0.035374 0.001361 0.001361 0.001361 0.062585 
0.001316 0.803947 0.001316 0.021053 0.001316 0.001316 0.001316 0.113158 0.001316 0.053947 
0.583030 0.007273 0.055758 0.001212 0.340606 0.001212 0.001212 0.007273 0.001212 0.001212 
0.118605 0.106977 0.002326 0.002326 0.025581 0.630233 0.002326 0.013953 0.095349 0.002326 
0.061194 0.091045 0.225373 0.001493 0.456716 0.038806 0.001493 0.023881 0.001493 0.098507 
0.001266 0.317722 0.216456 0.108861 0.051899 0.001266 0.013924 0.001266 0.286076 0.001266 
0.343089 0.058537 0.001626 0.001626 0.009756 0.391870 0.091057 0.001626 0.001626 0.099187 
0.001449 0.015942 0.015942 0.276812 0.139130 0.001449 0.160870 0.276812 0.001449 0.110145 
0.299415 0.194152 0.001170 0.001170 0.252632 0.118129 0.018713 0.007018 0.100585 0.007018 
0.001667 0.585000 0.010000 0.001667 0.126667 0.001667 0.185000 0.001667 0.001667 0.085000 
0.030058 0.006936 0.238150 0.018497 0.001156 0.295954 0.006936 0.261272 0.018497 0.122543 
0.337815 0.010084 0.001681 0.001681 0.010084 0.001681 0.127731 0.136134 0.026891 0.346218 
0.025600 0.433600 0.001600 0.001600 0.001600 0.177600 0.089600 0.241600 0.001600 0.025600 
0.002041 0.002041 0.002041 0.022449 0.002041 0.634694 0.002041 0.083673 0.144898 0.104082 
0.014765 0.518121 0.001342 0.001342 0.236242 0.216107 0.001342 0.001342 0.001342 0.008054 
0.001471 0.435294 0.016176 0.008824 0.420588 0.001471 0.001471 0.001471 0.001471 0.111765 
0.008451 0.015493 0.001408 0.008451 0.332394 0.226761 0.001408 0.008451 0.311268 0.085915 
0.009091 0.031818 0.024242 0.009091 0.289394 0.137879 0.198485 0.122727 0.016667 0.160606 
0.001739 0.193043 0.001739 0.001739 0.001739 0.019130 0.036522 0.593043 0.140870 0.010435 
0.001020 0.001020 0.567347 0.001020 0.006122 0.006122 0.353061 0.001020 0.057143 0.006122 
0.001242 0.001242 0.286957 0.013665 0.131677 0.007453 0.019876 0.001242 0.485714 0.050932 
0.256051 0.332484 0.014013 0.001274 0.001274 0.001274 0.205096 0.001274 0.064968 0.122293 
0.160606 0.001515 0.660606 0.039394 0.001515 0.001515 0.001515 0.001515 0.001515 0.130303 
0.001111 0.295556 0.001111 0.167778 0.001111 0.356667 0.001111 0.001111 0.173333 0.001111 
0.001124 0.551685 0.029213 0.001124 0.377528 0.012360 0.001124 0.001124 0.023596 0.001124 
0.001370 0.549315 0.042466 0.015068 0.001370 0.234247 0.145205 0.001370 0.001370 0.008219 
