0.066667 0.001626 0.001626 0.001626 0.009756 0.026016 0.001626 0.009756 0.001626 0.879675 
0.001575 0.001575 0.009449 0.009449 0.009449 0.001575 0.103937 0.001575 0.001575 0.859843 
0.473171 0.034146 0.001626 0.058537 0.001626 0.001626 0.001626 0.009756 0.001626 0.416260 
0.011957 0.006522 0.006522 0.001087 0.001087 0.001087 0.001087 0.609783 0.001087 0.359783 
0.316923 0.001538 0.001538 0.001538 0.001538 0.001538 0.001538 0.001538 0.093846 0.578462 
0.001754 0.098246 0.001754 0.001754 0.001754 0.001754 0.028070 0.045614 0.001754 0.817544 
0.046018 0.408850 0.001770 0.001770 0.001770 0.001770 0.010619 0.001770 0.152212 0.373451 
0.002469 0.002469 0.002469 0.002469 0.125926 0.162963 0.002469 0.002469 0.002469 0.693827 
0.223704 0.038519 0.001481 0.075556 0.001481 0.001481 0.001481 0.653333 0.001481 0.001481 
0.001307 0.014379 0.001307 0.007843 0.001307 0.001307 0.086275 0.014379 0.001307 0.870588 
0.001653 0.001653 0.026446 0.001653 0.001653 0.001653 0.001653 0.034711 0.034711 0.894215 
0.036111 0.133333 0.001389 0.230556 0.015278 0.015278 0.043056 0.001389 0.001389 0.522222 
0.001550 0.877519 0.055814 0.001550 0.001550 0.001550 0.001550 0.032558 0.001550 0.024806 
0.001449 0.030435 0.066667 0.023188 0.001449 0.066667 0.008696 0.204348 0.008696 0.588406 
0.001242 0.007453 0.106832 0.013665 0.019876 0.001242 0.001242 0.001242 0.367702 0.479503 
0.001667 0.060000 0.210000 0.001667 0.001667 0.193333 0.001667 0.001667 0.051667 0.476667 
0.001408 0.022535 0.015493 0.100000 0.001408 0.001408 0.001408 0.247887 0.177465 0.430986 
0.334815 0.008889 0.001481 0.008889 0.001481 0.001481 0.001481 0.120000 0.001481 0.520000 
0.001613 0.122581 0.017742 0.001613 0.001613 0.017742 0.533871 0.009677 0.001613 0.291935 
0.001754 0.010526 0.010526 0.791228 0.001754 0.001754 0.001754 0.001754 0.001754 0.177193 
0.001600 0.249600 0.185600 0.025600 0.033600 0.001600 0.497600 0.001600 0.001600 0.001600 
0.001667 0.001667 0.001667 0.001667 0.001667 0.001667 0.001667 0.001667 0.026667 0.960000 
0.018487 0.598319 0.001681 0.010084 0.001681 0.026891 0.068908 0.270588 0.001681 0.001681 
0.001786 0.510714 0.001786 0.117857 0.001786 0.198214 0.064286 0.100000 0.001786 0.001786 
0.001667 0.001667 0.001667 0.001667 0.001667 0.226667 0.318333 0.376667 0.001667 0.068333 
0.001198 0.001198 0.025150 0.881437 0.001198 0.001198 0.001198 0.013174 0.067066 0.007186 
0.001342 0.001342 0.001342 0.175839 0.001342 0.068456 0.001342 0.739597 0.001342 0.008054 
0.001198 0.025150 0.055090 0.073054 0.001198 0.001198 0.007186 0.833533 0.001198 0.001198 
0.002020 0.002020 0.002020 0.133333 0.002020 0.002020 0.335354 0.032323 0.002020 0.486869 
0.076344 0.006452 0.001075 0.001075 0.001075 0.001075 0.017204 0.001075 0.001075 0.893548 
0.001681 0.228571 0.001681 0.010084 0.001681 0.068908 0.001681 0.665546 0.018487 0.001681 
0.007643 0.001274 0.307006 0.001274 0.026752 0.033121 0.236943 0.001274 0.001274 0.383439 
0.001342 0.175839 0.014765 0.330201 0.001342 0.008054 0.148993 0.310067 0.008054 0.001342 
0.001316 0.001316 0.001316 0.771053 0.132895 0.007895 0.001316 0.001316 0.034211 0.047368 
0.001754 0.001754 0.001754 0.817544 0.001754 0.001754 0.019298 0.150877 0.001754 0.001754 
0.008955 0.001493 0.001493 0.001493 0.001493 0.023881 0.262687 0.255224 0.091045 0.352239 
0.001754 0.177193 0.150877 0.142105 0.001754 0.001754 0.054386 0.396491 0.001754 0.071930 
0.000966 0.000966 0.000966 0.377778 0.000966 0.199034 0.058937 0.353623 0.005797 0.000966 
0.001429 0.008571 0.058571 0.272857 0.008571 0.001429 0.001429 0.622857 0.001429 0.022857 
0.001389 0.619444 0.001389 0.008333 0.001389 0.015278 0.272222 0.063889 0.015278 0.001389 
0.000877 0.417544 0.000877 0.062281 0.053509 0.000877 0.369298 0.022807 0.071053 0.000877 
0.001439 0.001439 0.001439 0.202878 0.001439 0.001439 0.015827 0.181295 0.001439 0.591367 
0.002151 0.023656 0.002151 0.432258 0.002151 0.023656 0.152688 0.002151 0.002151 0.356989 
0.001460 0.067153 0.052555 0.008759 0.140146 0.001460 0.052555 0.373723 0.147445 0.154745 
0.001681 0.329412 0.127731 0.001681 0.178151 0.236975 0.119328 0.001681 0.001681 0.001681 
0.001504 0.001504 0.114286 0.001504 0.001504 0.001504 0.249624 0.001504 0.001504 0.625564 
0.001235 0.044444 0.038272 0.322222 0.087654 0.025926 0.001235 0.137037 0.062963 0.279012 
0.002128 0.108511 0.193617 0.204255 0.002128 0.002128 0.012766 0.470213 0.002128 0.002128 
0.140278 0.015278 0.001389 0.577778 0.043056 0.001389 0.140278 0.050000 0.029167 0.001389 
0.025871 0.000995 0.165174 0.000995 0.075622 0.045771 0.005970 0.672637 0.005970 0.000995 
0.001370 0.138356 0.028767 0.193151 0.001370 0.015068 0.152055 0.254795 0.008219 0.206849 
0.001370 0.275342 0.008219 0.563014 0.001370 0.001370 0.001370 0.104110 0.001370 0.042466 
0.002198 0.507692 0.002198 0.013187 0.002198 0.101099 0.002198 0.002198 0.090110 0.276923 
0.001418 0.136170 0.299291 0.008511 0.051064 0.001418 0.001418 0.497872 0.001418 0.001418 
0.228571 0.001681 0.001681 0.119328 0.001681 0.018487 0.497479 0.001681 0.035294 0.094118 
0.001739 0.019130 0.001739 0.462609 0.001739 0.001739 0.245217 0.062609 0.001739 0.201739 
0.001198 0.001198 0.001198 0.043114 0.001198 0.001198 0.252695 0.001198 0.091018 0.605988 
0.007595 0.273418 0.001266 0.254430 0.001266 0.007595 0.121519 0.298734 0.032911 0.001266 
0.007792 0.007792 0.007792 0.261039 0.020779 0.001299 0.001299 0.196104 0.001299 0.494805 
0.149630 0.001481 0.008889 0.379259 0.001481 0.001481 0.001481 0.031111 0.060741 0.364444 
0.001504 0.347368 0.001504 0.309774 0.001504 0.001504 0.039098 0.294737 0.001504 0.001504 
0.267188 0.017188 0.001563 0.610938 0.001563 0.001563 0.048438 0.017188 0.032813 0.001563 
0.038519 0.001481 0.045926 0.527407 0.290370 0.023704 0.001481 0.008889 0.060741 0.001481 
0.001770 0.293805 0.001770 0.231858 0.001770 0.001770 0.001770 0.240708 0.161062 0.063717 
0.001600 0.001600 0.001600 0.401600 0.001600 0.001600 0.001600 0.161600 0.001600 0.425600 
0.001325 0.233113 0.001325 0.001325 0.206623 0.113907 0.398675 0.034437 0.001325 0.007947 
0.001418 0.001418 0.001418 0.001418 0.001418 0.029787 0.129078 0.001418 0.001418 0.831206 
0.001064 0.022340 0.064894 0.096809 0.001064 0.001064 0.006383 0.708511 0.059574 0.038298 
0.002326 0.002326 0.025581 0.269767 0.502326 0.002326 0.002326 0.002326 0.048837 0.141860 
0.001695 0.018644 0.128814 0.408475 0.001695 0.001695 0.323729 0.001695 0.035593 0.077966 
0.001299 0.066234 0.001299 0.001299 0.001299 0.306494 0.001299 0.423377 0.001299 0.196104 
0.000901 0.018919 0.000901 0.081982 0.023423 0.176577 0.464865 0.023423 0.000901 0.208108 
0.001005 0.176884 0.001005 0.006030 0.016080 0.191960 0.001005 0.001005 0.001005 0.604020 
0.001149 0.144828 0.001149 0.001149 0.001149 0.104598 0.282759 0.012644 0.127586 0.322989 
0.001198 0.108982 0.019162 0.007186 0.001198 0.528144 0.097006 0.228743 0.007186 0.001198 
0.001563 0.884375 0.009375 0.001563 0.001563 0.001563 0.056250 0.040625 0.001563 0.001563 
0.215172 0.339310 0.001379 0.001379 0.015172 0.001379 0.063448 0.008276 0.063448 0.291034 
0.008392 0.001399 0.113287 0.476923 0.225175 0.001399 0.001399 0.148252 0.022378 0.001399 
0.001550 0.001550 0.040310 0.048062 0.272868 0.001550 0.001550 0.017054 0.613953 0.001550 
0.007407 0.056790 0.001235 0.174074 0.161728 0.007407 0.001235 0.007407 0.581481 0.001235 
0.001550 0.071318 0.156589 0.427907 0.001550 0.001550 0.001550 0.009302 0.327132 0.001550 
0.001325 0.319205 0.001325 0.001325 0.339073 0.041060 0.041060 0.100662 0.153642 0.001325 
0.001087 0.218478 0.001087 0.066304 0.001087 0.028261 0.001087 0.001087 0.680435 0.001087 
0.001163 0.431395 0.024419 0.024419 0.012791 0.001163 0.001163 0.001163 0.501163 0.001163 
0.001408 0.149296 0.001408 0.001408 0.078873 0.649296 0.001408 0.001408 0.114085 0.001408 
0.230208 0.001042 0.001042 0.100000 0.001042 0.006250 0.053125 0.001042 0.605208 0.001042 
0.002041 0.002041 0.002041 0.002041 0.848980 0.002041 0.002041 0.002041 0.042857 0.093878 
0.131073 0.029379 0.001130 0.001130 0.102825 0.334463 0.001130 0.006780 0.385311 0.006780 
0.001439 0.418705 0.001439 0.001439 0.109353 0.174101 0.001439 0.001439 0.001439 0.289209 
0.001299 0.001299 0.040260 0.001299 0.001299 0.001299 0.319481 0.001299 0.131169 0.501299 
0.001299 0.001299 0.001299 0.001299 0.001299 0.300000 0.001299 0.007792 0.222078 0.462338 
0.001460 0.001460 0.388321 0.001460 0.001460 0.008759 0.030657 0.001460 0.198540 0.366423 
0.065385 0.071795 0.091026 0.616667 0.142308 0.001282 0.001282 0.001282 0.007692 0.001282 
0.001325 0.160265 0.001325 0.001325 0.021192 0.021192 0.001325 0.001325 0.246358 0.544371 
0.001515 0.009091 0.001515 0.001515 0.016667 0.001515 0.001515 0.069697 0.001515 0.895455 
0.001149 0.001149 0.001149 0.133333 0.029885 0.001149 0.001149 0.001149 0.001149 0.828736 
0.137173 0.001047 0.042932 0.011518 0.006283 0.001047 0.001047 0.011518 0.001047 0.786387 
0.001290 0.072258 0.001290 0.001290 0.098065 0.001290 0.001290 0.033548 0.046452 0.743226 
0.297727 0.002273 0.025000 0.002273 0.013636 0.002273 0.059091 0.002273 0.002273 0.593182 
0.001449 0.146377 0.030435 0.001449 0.001449 0.052174 0.001449 0.001449 0.001449 0.762319 
0.001170 0.129825 0.094737 0.001170 0.100585 0.001170 0.001170 0.036257 0.001170 0.632749 
0.088750 0.213750 0.113750 0.001250 0.001250 0.001250 0.007500 0.570000 0.001250 0.001250 
0.003030 0.003030 0.018182 0.003030 0.003030 0.018182 0.003030 0.154545 0.351515 0.442424 
0.018750 0.000893 0.000893 0.116964 0.009821 0.000893 0.005357 0.103571 0.000893 0.741964 
0.001961 0.109804 0.001961 0.001961 0.021569 0.001961 0.521569 0.001961 0.001961 0.335294 
0.193846 0.001538 0.001538 0.001538 0.001538 0.001538 0.055385 0.009231 0.032308 0.701538 
0.001575 0.001575 0.001575 0.584252 0.009449 0.001575 0.072441 0.001575 0.017323 0.308661 
0.009091 0.100000 0.001515 0.016667 0.009091 0.001515 0.001515 0.834848 0.001515 0.024242 
0.001053 0.053684 0.001053 0.001053 0.001053 0.001053 0.001053 0.843158 0.001053 0.095789 
0.008889 0.001481 0.008889 0.001481 0.001481 0.001481 0.001481 0.060741 0.090370 0.823704 
0.001449 0.001449 0.001449 0.131884 0.001449 0.001449 0.015942 0.189855 0.081159 0.573913 
0.001429 0.051429 0.001429 0.001429 0.001429 0.001429 0.130000 0.001429 0.001429 0.808571 
0.001639 0.001639 0.001639 0.001639 0.001639 0.009836 0.001639 0.009836 0.001639 0.968852 
0.015603 0.058156 0.001418 0.008511 0.001418 0.001418 0.136170 0.022695 0.001418 0.753191 
0.001212 0.104242 0.292121 0.019394 0.001212 0.001212 0.025455 0.001212 0.007273 0.546667 
0.001887 0.001887 0.001887 0.001887 0.001887 0.001887 0.237736 0.039623 0.001887 0.709434 
0.001370 0.028767 0.001370 0.015068 0.001370 0.001370 0.001370 0.193151 0.001370 0.754795 
0.001563 0.079687 0.056250 0.017188 0.009375 0.001563 0.048438 0.001563 0.212500 0.571875 
0.029091 0.001818 0.038182 0.001818 0.001818 0.020000 0.001818 0.247273 0.001818 0.656364 
0.022857 0.051429 0.001429 0.001429 0.001429 0.001429 0.344286 0.001429 0.051429 0.522857 
0.001626 0.034146 0.001626 0.001626 0.001626 0.001626 0.099187 0.017886 0.009756 0.830894 
0.001493 0.322388 0.113433 0.001493 0.001493 0.001493 0.001493 0.008955 0.001493 0.546269 
0.034711 0.100826 0.001653 0.001653 0.034711 0.009917 0.092562 0.001653 0.200000 0.522314 
0.001325 0.060927 0.001325 0.001325 0.001325 0.034437 0.001325 0.001325 0.001325 0.895364 
0.023464 0.023464 0.001117 0.001117 0.001117 0.001117 0.001117 0.693855 0.068156 0.185475 
0.001242 0.057143 0.075776 0.473292 0.137888 0.007453 0.001242 0.001242 0.050932 0.193789 
0.001111 0.001111 0.001111 0.006667 0.001111 0.001111 0.001111 0.306667 0.001111 0.678889 
0.001379 0.022069 0.222069 0.042759 0.001379 0.008276 0.001379 0.001379 0.049655 0.649655 
0.001439 0.001439 0.001439 0.001439 0.001439 0.001439 0.008633 0.023022 0.109353 0.850360 
0.001220 0.104878 0.001220 0.001220 0.013415 0.001220 0.007317 0.617073 0.001220 0.251220 
0.001835 0.075229 0.001835 0.001835 0.001835 0.001835 0.001835 0.387156 0.001835 0.524771 
0.241322 0.001653 0.001653 0.001653 0.001653 0.001653 0.001653 0.001653 0.340496 0.406612 
0.033071 0.166929 0.001575 0.127559 0.001575 0.001575 0.080315 0.001575 0.560630 0.025197 
0.372222 0.001852 0.001852 0.066667 0.001852 0.020370 0.001852 0.029630 0.501852 0.001852 
0.001786 0.269643 0.001786 0.001786 0.001786 0.323214 0.001786 0.001786 0.394643 0.001786 
0.001600 0.273600 0.001600 0.001600 0.209600 0.105600 0.025600 0.009600 0.305600 0.065600 
0.001613 0.316129 0.001613 0.001613 0.001613 0.001613 0.227419 0.001613 0.001613 0.445161 
0.026415 0.259119 0.001258 0.026415 0.007547 0.020126 0.403774 0.233962 0.001258 0.020126 
0.001163 0.181395 0.082558 0.001163 0.001163 0.001163 0.152326 0.001163 0.001163 0.576744 
0.001105 0.028729 0.001105 0.006630 0.001105 0.001105 0.045304 0.001105 0.001105 0.912707 
0.001418 0.001418 0.001418 0.022695 0.008511 0.001418 0.299291 0.001418 0.022695 0.639716 
0.001538 0.593846 0.001538 0.001538 0.001538 0.001538 0.386154 0.009231 0.001538 0.001538 
0.065079 0.001587 0.001587 0.017460 0.057143 0.025397 0.001587 0.192063 0.128571 0.509524 
0.073381 0.001439 0.023022 0.001439 0.001439 0.001439 0.001439 0.001439 0.008633 0.886331 
0.001587 0.009524 0.001587 0.009524 0.001587 0.001587 0.001587 0.160317 0.001587 0.811111 
0.001835 0.267890 0.001835 0.001835 0.001835 0.001835 0.001835 0.001835 0.001835 0.717431 
0.001220 0.043902 0.001220 0.062195 0.007317 0.007317 0.086585 0.123171 0.007317 0.659756 
0.055357 0.046429 0.010714 0.001786 0.001786 0.001786 0.019643 0.001786 0.046429 0.814286 
0.008571 0.072857 0.030000 0.001429 0.001429 0.001429 0.001429 0.008571 0.001429 0.872857 
0.002020 0.193939 0.002020 0.002020 0.002020 0.002020 0.012121 0.204040 0.002020 0.577778 
0.007362 0.001227 0.001227 0.001227 0.038037 0.001227 0.074847 0.565644 0.001227 0.307975 
0.001235 0.062963 0.556790 0.056790 0.001235 0.001235 0.001235 0.309877 0.007407 0.001235 
0.001316 0.080263 0.014474 0.100000 0.001316 0.001316 0.067105 0.547368 0.001316 0.185526 
0.013636 0.172727 0.002273 0.025000 0.002273 0.002273 0.002273 0.490909 0.229545 0.059091 
0.001550 0.001550 0.001550 0.110078 0.017054 0.001550 0.179845 0.001550 0.001550 0.683721 
0.001163 0.012791 0.088372 0.001163 0.001163 0.001163 0.198837 0.001163 0.001163 0.693023 
0.028070 0.185965 0.001754 0.036842 0.010526 0.124561 0.010526 0.036842 0.001754 0.563158 
0.002174 0.002174 0.002174 0.002174 0.002174 0.002174 0.067391 0.002174 0.078261 0.839130 
0.001170 0.539181 0.001170 0.007018 0.001170 0.001170 0.258480 0.188304 0.001170 0.001170 
0.239161 0.085315 0.001399 0.309091 0.008392 0.001399 0.001399 0.351049 0.001399 0.001399 
0.014194 0.059355 0.001290 0.001290 0.001290 0.001290 0.240000 0.001290 0.001290 0.678710 
0.014667 0.188000 0.014667 0.001333 0.021333 0.001333 0.001333 0.748000 0.008000 0.001333 
0.310569 0.001626 0.001626 0.001626 0.001626 0.278049 0.001626 0.237398 0.139837 0.026016 
0.001429 0.451429 0.001429 0.001429 0.008571 0.037143 0.172857 0.001429 0.001429 0.322857 
0.001471 0.273529 0.119118 0.016176 0.001471 0.302941 0.141176 0.001471 0.001471 0.141176 
0.001429 0.030000 0.022857 0.030000 0.001429 0.001429 0.658571 0.201429 0.001429 0.051429 
0.001299 0.261039 0.072727 0.001299 0.001299 0.014286 0.481818 0.163636 0.001299 0.001299 
0.001550 0.017054 0.001550 0.001550 0.001550 0.009302 0.141085 0.001550 0.001550 0.823256 
0.001266 0.032911 0.001266 0.032911 0.001266 0.001266 0.805063 0.001266 0.001266 0.121519 
0.290370 0.001481 0.008889 0.001481 0.120000 0.001481 0.053333 0.001481 0.001481 0.520000 
0.006936 0.030058 0.001156 0.001156 0.001156 0.405780 0.145665 0.238150 0.001156 0.168786 
0.002062 0.002062 0.002062 0.002062 0.022680 0.713402 0.002062 0.249485 0.002062 0.002062 
0.001575 0.174803 0.001575 0.001575 0.009449 0.056693 0.198425 0.001575 0.001575 0.552756 
0.001754 0.001754 0.098246 0.010526 0.001754 0.010526 0.194737 0.028070 0.475439 0.177193 
0.000826 0.000826 0.269421 0.000826 0.004959 0.587603 0.042149 0.000826 0.000826 0.091736 
0.001481 0.134815 0.075556 0.001481 0.031111 0.260741 0.194074 0.016296 0.001481 0.282963 
0.001399 0.595804 0.001399 0.001399 0.057343 0.001399 0.141259 0.162238 0.036364 0.001399 
0.001143 0.218286 0.001143 0.001143 0.001143 0.018286 0.292571 0.012571 0.384000 0.069714 
0.001316 0.100000 0.014474 0.001316 0.086842 0.001316 0.100000 0.001316 0.244737 0.448684 
0.001370 0.001370 0.008219 0.001370 0.001370 0.001370 0.145205 0.056164 0.001370 0.782192 
0.001600 0.777600 0.009600 0.001600 0.001600 0.081600 0.121600 0.001600 0.001600 0.001600 
0.001361 0.906122 0.001361 0.001361 0.001361 0.001361 0.001361 0.055782 0.028571 0.001361 
0.001527 0.436641 0.261069 0.009160 0.016794 0.016794 0.100763 0.032061 0.123664 0.001527 
0.001515 0.819697 0.001515 0.001515 0.001515 0.001515 0.130303 0.001515 0.039394 0.001515 
0.001449 0.015942 0.044928 0.001449 0.001449 0.001449 0.008696 0.805797 0.008696 0.110145 
0.001515 0.206061 0.009091 0.001515 0.001515 0.001515 0.062121 0.168182 0.001515 0.546970 
0.001942 0.438835 0.031068 0.001942 0.001942 0.011650 0.506796 0.001942 0.001942 0.001942 
0.001613 0.566129 0.114516 0.001613 0.001613 0.001613 0.122581 0.001613 0.017742 0.170968 
0.001064 0.027660 0.001064 0.479787 0.001064 0.006383 0.070213 0.341489 0.006383 0.064894 
0.040777 0.652427 0.001942 0.001942 0.021359 0.215534 0.001942 0.001942 0.001942 0.060194 
0.019162 0.294611 0.001198 0.001198 0.019162 0.318563 0.001198 0.162874 0.138922 0.043114 
0.002083 0.366667 0.022917 0.002083 0.002083 0.002083 0.335417 0.022917 0.002083 0.241667 
0.009091 0.395455 0.334848 0.001515 0.001515 0.031818 0.107576 0.001515 0.001515 0.115152 
0.364444 0.001481 0.008889 0.016296 0.008889 0.001481 0.001481 0.097778 0.238519 0.260741 
0.001333 0.028000 0.001333 0.001333 0.074667 0.174667 0.274667 0.441333 0.001333 0.001333 
0.001361 0.014966 0.001361 0.001361 0.014966 0.001361 0.001361 0.960544 0.001361 0.001361 
0.007453 0.001242 0.001242 0.001242 0.007453 0.001242 0.001242 0.019876 0.001242 0.957764 
0.001449 0.001449 0.001449 0.001449 0.001449 0.001449 0.001449 0.023188 0.008696 0.957971 
0.225175 0.001399 0.106294 0.001399 0.183217 0.001399 0.001399 0.008392 0.001399 0.469930 
0.000917 0.377064 0.000917 0.000917 0.033028 0.000917 0.000917 0.528440 0.000917 0.055963 
0.001449 0.001449 0.008696 0.117391 0.001449 0.015942 0.001449 0.001449 0.001449 0.849275 
0.002083 0.220833 0.002083 0.012500 0.002083 0.002083 0.002083 0.658333 0.012500 0.085417 
0.443411 0.048062 0.001550 0.001550 0.009302 0.001550 0.110078 0.001550 0.001550 0.381395 
0.354098 0.034426 0.001639 0.239344 0.001639 0.001639 0.083607 0.263934 0.001639 0.018033 
0.305600 0.025600 0.537600 0.001600 0.001600 0.001600 0.001600 0.001600 0.009600 0.113600 
0.320354 0.054867 0.329204 0.001770 0.001770 0.001770 0.001770 0.001770 0.001770 0.284956 
0.001307 0.079739 0.014379 0.001307 0.001307 0.001307 0.001307 0.275817 0.001307 0.622222 
0.001227 0.001227 0.087117 0.019632 0.013497 0.001227 0.111656 0.001227 0.001227 0.761963 
0.007742 0.033548 0.007742 0.007742 0.001290 0.001290 0.130323 0.046452 0.001290 0.762581 
0.416842 0.548421 0.006316 0.006316 0.001053 0.001053 0.001053 0.006316 0.011579 0.001053 
0.002198 0.408791 0.002198 0.002198 0.002198 0.134066 0.123077 0.002198 0.013187 0.309890 
0.080000 0.013333 0.013333 0.237576 0.001212 0.249697 0.001212 0.019394 0.383030 0.001212 
0.034043 0.491489 0.087234 0.002128 0.034043 0.214894 0.076596 0.055319 0.002128 0.002128 
0.001282 0.616667 0.001282 0.001282 0.174359 0.116667 0.014103 0.001282 0.071795 0.001282 
0.001460 0.125547 0.023358 0.001460 0.008759 0.169343 0.037956 0.001460 0.578102 0.052555 
0.001258 0.353459 0.001258 0.001258 0.001258 0.001258 0.001258 0.001258 0.240252 0.397484 
0.001852 0.001852 0.011111 0.011111 0.705556 0.001852 0.001852 0.001852 0.187037 0.075926 
0.001081 0.130811 0.190270 0.011892 0.011892 0.001081 0.190270 0.044324 0.411892 0.006486 
0.001170 0.083041 0.001170 0.001170 0.007018 0.170760 0.509942 0.001170 0.223392 0.001170 
0.001361 0.280272 0.021769 0.001361 0.069388 0.001361 0.001361 0.021769 0.048980 0.552381 
0.001905 0.735238 0.001905 0.001905 0.040000 0.135238 0.020952 0.001905 0.059048 0.001905 
0.001124 0.197753 0.001124 0.023596 0.006742 0.001124 0.040449 0.006742 0.501124 0.220225 
0.001923 0.001923 0.001923 0.021154 0.030769 0.050000 0.107692 0.001923 0.742308 0.040385 
0.001709 0.035897 0.001709 0.010256 0.010256 0.172650 0.283761 0.010256 0.471795 0.001709 
0.007186 0.019162 0.013174 0.001198 0.001198 0.007186 0.180838 0.001198 0.749701 0.019162 
0.001117 0.012291 0.163128 0.012291 0.023464 0.006704 0.001117 0.001117 0.481564 0.297207 
0.001739 0.766957 0.001739 0.010435 0.175652 0.001739 0.001739 0.019130 0.019130 0.001739 
0.001449 0.139130 0.081159 0.001449 0.001449 0.059420 0.095652 0.044928 0.573913 0.001449 
0.129600 0.001600 0.217600 0.009600 0.001600 0.337600 0.009600 0.001600 0.289600 0.001600 
0.001538 0.001538 0.001538 0.032308 0.955385 0.001538 0.001538 0.001538 0.001538 0.001538 
0.001626 0.001626 0.034146 0.156098 0.001626 0.123577 0.001626 0.009756 0.432520 0.237398 
0.374359 0.028205 0.002564 0.002564 0.002564 0.002564 0.002564 0.041026 0.541026 0.002564 
0.001370 0.364384 0.371233 0.042466 0.001370 0.001370 0.001370 0.001370 0.213699 0.001370 
0.009449 0.379528 0.001575 0.009449 0.198425 0.072441 0.001575 0.001575 0.277165 0.048819 
0.018391 0.081609 0.081609 0.202299 0.001149 0.167816 0.058621 0.058621 0.328736 0.001149 
0.001143 0.098286 0.212571 0.001143 0.001143 0.001143 0.155429 0.001143 0.149714 0.378286 
0.077358 0.416981 0.001887 0.001887 0.011321 0.218868 0.001887 0.266038 0.001887 0.001887 
0.291034 0.049655 0.001379 0.015172 0.339310 0.132414 0.008276 0.001379 0.160000 0.001379 
0.001724 0.001724 0.105172 0.001724 0.001724 0.337931 0.036207 0.001724 0.415517 0.096552 
0.002439 0.563415 0.270732 0.002439 0.014634 0.136585 0.002439 0.002439 0.002439 0.002439 
0.011429 0.211429 0.220952 0.259048 0.001905 0.011429 0.001905 0.001905 0.278095 0.001905 
0.372185 0.001325 0.001325 0.100662 0.001325 0.213245 0.060927 0.001325 0.246358 0.001325 
0.001770 0.143363 0.019469 0.001770 0.780531 0.001770 0.001770 0.001770 0.046018 0.001770 
0.001575 0.285039 0.001575 0.017323 0.001575 0.040945 0.056693 0.001575 0.017323 0.576378 
0.064198 0.002469 0.125926 0.064198 0.039506 0.607407 0.002469 0.002469 0.002469 0.088889 
0.231056 0.007453 0.106832 0.001242 0.013665 0.050932 0.007453 0.268323 0.274534 0.038509 
0.001183 0.001183 0.001183 0.261538 0.693491 0.001183 0.030769 0.001183 0.001183 0.007101 
0.002083 0.064583 0.002083 0.002083 0.668750 0.002083 0.012500 0.002083 0.210417 0.033333 
0.001961 0.011765 0.001961 0.090196 0.541176 0.129412 0.001961 0.060784 0.158824 0.001961 
0.311504 0.001770 0.001770 0.001770 0.046018 0.001770 0.001770 0.019469 0.001770 0.612389 
0.001527 0.001527 0.215267 0.001527 0.001527 0.001527 0.001527 0.001527 0.215267 0.558779 
0.001361 0.021769 0.014966 0.273469 0.001361 0.001361 0.001361 0.001361 0.076190 0.606803 
0.001600 0.001600 0.001600 0.001600 0.001600 0.025600 0.033600 0.009600 0.001600 0.921600 
0.167033 0.243956 0.002198 0.002198 0.013187 0.013187 0.002198 0.002198 0.035165 0.518681 
0.001786 0.010714 0.055357 0.001786 0.001786 0.019643 0.028571 0.001786 0.001786 0.876786 
0.019130 0.019130 0.019130 0.045217 0.001739 0.071304 0.001739 0.001739 0.071304 0.749565 
0.058621 0.024138 0.001149 0.093103 0.001149 0.001149 0.001149 0.139080 0.363218 0.317241 
0.154286 0.001905 0.001905 0.049524 0.344762 0.001905 0.001905 0.001905 0.001905 0.440000 
0.041892 0.001351 0.001351 0.001351 0.001351 0.001351 0.001351 0.751351 0.001351 0.197297 
0.051485 0.011881 0.001980 0.001980 0.001980 0.001980 0.001980 0.021782 0.001980 0.902970 
0.142000 0.002000 0.002000 0.032000 0.022000 0.002000 0.002000 0.002000 0.002000 0.792000 
0.002062 0.012371 0.012371 0.002062 0.022680 0.002062 0.094845 0.002062 0.002062 0.847423 
0.103030 0.002020 0.103030 0.012121 0.012121 0.002020 0.052525 0.002020 0.002020 0.709091 
0.001563 0.001563 0.228125 0.025000 0.001563 0.220312 0.001563 0.025000 0.025000 0.470313 
0.001481 0.001481 0.008889 0.001481 0.001481 0.001481 0.001481 0.060741 0.001481 0.920000 
0.001563 0.110937 0.001563 0.001563 0.032813 0.001563 0.001563 0.423438 0.009375 0.415625 
0.013095 0.042857 0.001190 0.001190 0.001190 0.001190 0.001190 0.001190 0.013095 0.923810 
0.035294 0.001681 0.001681 0.001681 0.001681 0.001681 0.001681 0.136134 0.060504 0.757983 
0.024427 0.009160 0.016794 0.016794 0.009160 0.009160 0.054962 0.001527 0.024427 0.833588 
0.009302 0.009302 0.001550 0.001550 0.001550 0.009302 0.024806 0.629457 0.017054 0.296124 
0.001563 0.220312 0.001563 0.001563 0.001563 0.001563 0.001563 0.001563 0.048438 0.720313 
0.020183 0.020183 0.111927 0.001835 0.001835 0.001835 0.020183 0.001835 0.001835 0.818349 
0.001299 0.001299 0.046753 0.020779 0.001299 0.001299 0.020779 0.001299 0.020779 0.884416 
0.002198 0.221978 0.002198 0.002198 0.013187 0.156044 0.046154 0.002198 0.013187 0.540659 
0.001770 0.001770 0.001770 0.001770 0.001770 0.001770 0.178761 0.019469 0.010619 0.780531 
0.001351 0.210811 0.008108 0.021622 0.001351 0.055405 0.001351 0.237838 0.001351 0.460811 
0.001835 0.029358 0.001835 0.020183 0.001835 0.001835 0.359633 0.038532 0.185321 0.359633 
0.001538 0.016923 0.001538 0.001538 0.001538 0.001538 0.209231 0.009231 0.009231 0.747692 
0.001527 0.039695 0.001527 0.009160 0.024427 0.001527 0.001527 0.062595 0.001527 0.856489 
0.001575 0.001575 0.001575 0.190551 0.064567 0.001575 0.001575 0.001575 0.009449 0.725984 
0.002299 0.002299 0.025287 0.151724 0.013793 0.013793 0.140230 0.002299 0.071264 0.577011 
0.002105 0.075789 0.002105 0.002105 0.002105 0.002105 0.002105 0.002105 0.002105 0.907368 
0.123664 0.062595 0.001527 0.001527 0.001527 0.016794 0.001527 0.100763 0.024427 0.665649 
0.001563 0.056250 0.001563 0.001563 0.040625 0.001563 0.032813 0.001563 0.321875 0.540625 
0.001653 0.009917 0.067769 0.001653 0.084298 0.018182 0.001653 0.001653 0.257851 0.555372 
0.001527 0.001527 0.054962 0.032061 0.062595 0.001527 0.138931 0.001527 0.383206 0.322137 
0.055385 0.270769 0.001538 0.001538 0.278462 0.009231 0.001538 0.001538 0.155385 0.224615 
0.001563 0.134375 0.071875 0.001563 0.001563 0.001563 0.001563 0.001563 0.001563 0.782813 
0.166871 0.001227 0.001227 0.001227 0.001227 0.001227 0.001227 0.001227 0.522699 0.301840 
0.001449 0.095652 0.233333 0.001449 0.001449 0.001449 0.001449 0.001449 0.001449 0.660870 
0.001250 0.063750 0.026250 0.001250 0.001250 0.001250 0.007500 0.001250 0.001250 0.895000 
0.001351 0.109459 0.008108 0.001351 0.001351 0.001351 0.001351 0.312162 0.001351 0.562162 
0.001653 0.001653 0.001653 0.042975 0.290909 0.001653 0.001653 0.001653 0.001653 0.654545 
0.001667 0.093333 0.060000 0.010000 0.001667 0.001667 0.001667 0.826667 0.001667 0.001667 
0.001887 0.275472 0.001887 0.001887 0.001887 0.464151 0.001887 0.247170 0.001887 0.001887 
0.097872 0.385106 0.002128 0.002128 0.002128 0.002128 0.002128 0.002128 0.002128 0.502128 
0.095312 0.017188 0.001563 0.001563 0.009375 0.001563 0.032813 0.001563 0.001563 0.837500 
0.001026 0.001026 0.293333 0.006154 0.001026 0.001026 0.006154 0.401026 0.006154 0.283077 
0.008824 0.295588 0.023529 0.001471 0.001471 0.001471 0.001471 0.663235 0.001471 0.001471 
0.006780 0.131073 0.001130 0.001130 0.001130 0.001130 0.001130 0.854237 0.001130 0.001130 
0.101333 0.401333 0.014667 0.028000 0.001333 0.008000 0.008000 0.001333 0.001333 0.434667 
0.001460 0.001460 0.519708 0.001460 0.001460 0.001460 0.001460 0.016058 0.001460 0.454015 
0.024852 0.137278 0.001183 0.001183 0.001183 0.001183 0.001183 0.001183 0.024852 0.805917 
0.001460 0.475912 0.008759 0.001460 0.001460 0.001460 0.001460 0.140146 0.001460 0.366423 
0.001481 0.016296 0.001481 0.001481 0.001481 0.001481 0.001481 0.794074 0.031111 0.149630 
0.001183 0.001183 0.001183 0.143195 0.001183 0.001183 0.001183 0.113609 0.226036 0.510059 
0.001149 0.282759 0.231034 0.012644 0.001149 0.150575 0.018391 0.277011 0.012644 0.012644 
0.341176 0.001307 0.020915 0.027451 0.001307 0.014379 0.001307 0.001307 0.001307 0.589542 
0.001527 0.581679 0.314504 0.001527 0.001527 0.093130 0.001527 0.001527 0.001527 0.001527 
0.058065 0.316129 0.106452 0.001613 0.001613 0.420968 0.001613 0.090323 0.001613 0.001613 
0.001325 0.266225 0.239735 0.001325 0.001325 0.001325 0.001325 0.047682 0.007947 0.431788 
0.001266 0.431646 0.001266 0.001266 0.001266 0.001266 0.001266 0.558228 0.001266 0.001266 
0.001290 0.001290 0.007742 0.027097 0.181935 0.001290 0.020645 0.001290 0.414194 0.343226 
0.001389 0.043056 0.175000 0.001389 0.001389 0.001389 0.084722 0.008333 0.077778 0.605556 
0.008511 0.001418 0.072340 0.001418 0.001418 0.008511 0.015603 0.001418 0.001418 0.887943 
0.001117 0.246927 0.001117 0.001117 0.023464 0.056983 0.056983 0.112849 0.001117 0.498324 
0.029630 0.001852 0.001852 0.001852 0.011111 0.307407 0.288889 0.011111 0.057407 0.288889 
0.281600 0.017600 0.001600 0.009600 0.009600 0.001600 0.009600 0.001600 0.009600 0.657600 
0.001205 0.109639 0.001205 0.440964 0.037349 0.001205 0.001205 0.001205 0.001205 0.404819 
0.279012 0.180247 0.019753 0.001235 0.297531 0.118519 0.001235 0.100000 0.001235 0.001235 
0.001980 0.031683 0.497030 0.001980 0.021782 0.001980 0.001980 0.289109 0.011881 0.140594 
0.001575 0.001575 0.316535 0.025197 0.001575 0.009449 0.340157 0.001575 0.001575 0.300787 
0.313333 0.091111 0.135556 0.046667 0.002222 0.002222 0.146667 0.013333 0.002222 0.246667 
0.157225 0.174566 0.394220 0.001156 0.024277 0.018497 0.001156 0.116763 0.001156 0.110983 
0.023704 0.282963 0.260741 0.001481 0.001481 0.001481 0.075556 0.164444 0.001481 0.186667 
0.023158 0.360000 0.591579 0.002105 0.012632 0.002105 0.002105 0.002105 0.002105 0.002105 
0.023022 0.094964 0.461871 0.001439 0.001439 0.001439 0.073381 0.001439 0.001439 0.339568 
0.027826 0.001739 0.427826 0.001739 0.201739 0.001739 0.001739 0.001739 0.010435 0.323478 
0.001274 0.001274 0.268790 0.026752 0.007643 0.007643 0.090446 0.045860 0.001274 0.549045 
0.321088 0.082993 0.062585 0.008163 0.178231 0.253061 0.001361 0.014966 0.076190 0.001361 
0.001587 0.001587 0.350794 0.001587 0.001587 0.009524 0.168254 0.001587 0.001587 0.461905 
0.080315 0.001575 0.474016 0.001575 0.001575 0.001575 0.017323 0.025197 0.001575 0.395276 
0.497959 0.001361 0.008163 0.001361 0.001361 0.001361 0.021769 0.008163 0.457143 0.001361 
0.001408 0.001408 0.283099 0.001408 0.001408 0.001408 0.001408 0.001408 0.001408 0.705634 
0.001639 0.001639 0.526230 0.009836 0.001639 0.001639 0.001639 0.214754 0.001639 0.239344 
0.588043 0.001087 0.071739 0.001087 0.098913 0.033696 0.158696 0.017391 0.028261 0.001087 
0.494737 0.251316 0.001316 0.001316 0.001316 0.001316 0.047368 0.021053 0.001316 0.178947 
0.255621 0.379882 0.048521 0.001183 0.001183 0.001183 0.308876 0.001183 0.001183 0.001183 
0.389655 0.001724 0.044828 0.010345 0.010345 0.001724 0.001724 0.001724 0.001724 0.536207 
0.303448 0.001724 0.105172 0.001724 0.001724 0.105172 0.001724 0.001724 0.001724 0.475862 
0.239456 0.001361 0.035374 0.001361 0.001361 0.008163 0.001361 0.001361 0.627211 0.082993 
0.604959 0.001653 0.001653 0.001653 0.001653 0.001653 0.026446 0.001653 0.001653 0.357025 
0.017742 0.001613 0.058065 0.009677 0.001613 0.001613 0.138710 0.154839 0.477419 0.138710 
0.090526 0.348421 0.301053 0.001053 0.001053 0.001053 0.048421 0.006316 0.064211 0.137895 
0.514530 0.001709 0.052991 0.001709 0.001709 0.001709 0.001709 0.001709 0.001709 0.420513 
0.141333 0.228000 0.061333 0.001333 0.008000 0.001333 0.234667 0.001333 0.001333 0.321333 
0.401600 0.169600 0.009600 0.001600 0.001600 0.001600 0.201600 0.001600 0.009600 0.201600 
0.552809 0.002247 0.024719 0.002247 0.013483 0.047191 0.047191 0.137079 0.002247 0.170787 
0.001316 0.001316 0.389474 0.034211 0.001316 0.001316 0.001316 0.001316 0.007895 0.560526 
0.241143 0.046857 0.006857 0.001143 0.001143 0.001143 0.475429 0.001143 0.001143 0.224000 
0.306667 0.268571 0.001905 0.001905 0.001905 0.001905 0.382857 0.020952 0.011429 0.001905 
0.259864 0.001361 0.001361 0.021769 0.014966 0.001361 0.300680 0.001361 0.001361 0.395918 
0.145324 0.001439 0.174101 0.001439 0.015827 0.008633 0.015827 0.145324 0.490647 0.001439 
0.584348 0.010435 0.001739 0.001739 0.001739 0.001739 0.123478 0.001739 0.001739 0.271304 
0.001852 0.001852 0.177778 0.001852 0.020370 0.001852 0.372222 0.372222 0.001852 0.048148 
0.141860 0.002326 0.002326 0.002326 0.037209 0.025581 0.002326 0.025581 0.165116 0.595349 
0.267133 0.490909 0.134266 0.001399 0.001399 0.001399 0.092308 0.001399 0.008392 0.001399 
0.686301 0.015068 0.001370 0.001370 0.008219 0.001370 0.035616 0.001370 0.247945 0.001370 
0.008219 0.001370 0.008219 0.056164 0.001370 0.001370 0.001370 0.001370 0.371233 0.549315 
0.595489 0.001504 0.001504 0.001504 0.001504 0.009023 0.001504 0.084211 0.001504 0.302256 
0.001333 0.254667 0.001333 0.001333 0.001333 0.001333 0.001333 0.001333 0.001333 0.734667 
0.023158 0.002105 0.002105 0.486316 0.002105 0.002105 0.023158 0.002105 0.444211 0.012632 
0.001754 0.001754 0.010526 0.475439 0.001754 0.300000 0.010526 0.010526 0.185965 0.001754 
0.001626 0.139837 0.001626 0.131707 0.001626 0.001626 0.164228 0.172358 0.009756 0.375610 
0.001550 0.017054 0.040310 0.443411 0.001550 0.001550 0.001550 0.489922 0.001550 0.001550 
0.001835 0.157798 0.020183 0.121101 0.185321 0.001835 0.377982 0.001835 0.093578 0.038532 
0.001307 0.001307 0.001307 0.883660 0.001307 0.007843 0.001307 0.001307 0.099346 0.001307 
0.001299 0.001299 0.001299 0.105195 0.222078 0.001299 0.007792 0.001299 0.644156 0.014286 
0.023188 0.015942 0.001449 0.581159 0.008696 0.066667 0.001449 0.001449 0.298551 0.001449 
0.001835 0.047706 0.056881 0.322936 0.001835 0.001835 0.543119 0.001835 0.020183 0.001835 
0.001942 0.118447 0.021359 0.069903 0.108738 0.050485 0.186408 0.099029 0.341748 0.001942 
0.001370 0.138356 0.001370 0.467123 0.001370 0.001370 0.001370 0.001370 0.378082 0.008219 
0.033871 0.130645 0.001613 0.404839 0.001613 0.001613 0.001613 0.227419 0.001613 0.195161 
0.001835 0.001835 0.001835 0.662385 0.102752 0.001835 0.001835 0.001835 0.212844 0.011009 
0.001481 0.060741 0.216296 0.201481 0.001481 0.001481 0.186667 0.001481 0.327407 0.001481 
0.001274 0.071338 0.007643 0.491720 0.224204 0.001274 0.166879 0.007643 0.014013 0.014013 
0.001439 0.001439 0.001439 0.361151 0.296403 0.030216 0.015827 0.001439 0.289209 0.001439 
0.086585 0.007317 0.001220 0.367073 0.202439 0.025610 0.025610 0.001220 0.178049 0.104878 
0.001626 0.099187 0.017886 0.847154 0.001626 0.001626 0.001626 0.001626 0.009756 0.017886 
0.001802 0.127928 0.001802 0.668468 0.001802 0.001802 0.001802 0.181982 0.001802 0.010811 
0.281081 0.010811 0.001802 0.542342 0.001802 0.001802 0.001802 0.064865 0.091892 0.001802 
0.009231 0.001538 0.001538 0.378462 0.001538 0.009231 0.063077 0.463077 0.070769 0.001538 
0.001653 0.001653 0.266116 0.472727 0.001653 0.133884 0.001653 0.042975 0.051240 0.026446 
0.041618 0.001156 0.058960 0.342197 0.186127 0.006936 0.006936 0.001156 0.347977 0.006936 
0.072258 0.001290 0.162581 0.388387 0.001290 0.014194 0.001290 0.001290 0.356129 0.001290 
0.001538 0.016923 0.001538 0.863077 0.001538 0.001538 0.009231 0.101538 0.001538 0.001538 
0.013580 0.001235 0.001235 0.735802 0.001235 0.001235 0.001235 0.001235 0.241975 0.001235 
0.094040 0.087417 0.001325 0.001325 0.007947 0.451656 0.001325 0.345695 0.001325 0.007947 
0.001290 0.001290 0.214194 0.065806 0.007742 0.072258 0.014194 0.162581 0.110968 0.349677 
0.214667 0.034667 0.008000 0.001333 0.001333 0.008000 0.001333 0.121333 0.014667 0.594667 
0.358261 0.001739 0.010435 0.001739 0.010435 0.001739 0.001739 0.010435 0.036522 0.566957 
0.213636 0.001515 0.001515 0.448485 0.024242 0.137879 0.168182 0.001515 0.001515 0.001515 
0.249682 0.211465 0.052229 0.001274 0.141401 0.026752 0.001274 0.001274 0.313376 0.001274 
0.207500 0.032500 0.338750 0.001250 0.001250 0.045000 0.001250 0.001250 0.001250 0.370000 
0.001307 0.001307 0.184314 0.001307 0.001307 0.001307 0.001307 0.197386 0.001307 0.609150 
0.214141 0.092929 0.002020 0.002020 0.022222 0.002020 0.002020 0.002020 0.002020 0.658586 
0.039806 0.345631 0.000971 0.000971 0.000971 0.005825 0.000971 0.544660 0.000971 0.059223 
0.046429 0.001786 0.100000 0.001786 0.180357 0.287500 0.001786 0.019643 0.001786 0.358929 
0.489286 0.001190 0.001190 0.001190 0.019048 0.001190 0.001190 0.233333 0.001190 0.251190 
0.703546 0.029787 0.001418 0.015603 0.001418 0.001418 0.001418 0.022695 0.001418 0.221277 
0.015942 0.001449 0.001449 0.008696 0.001449 0.001449 0.059420 0.907246 0.001449 0.001449 
0.001316 0.001316 0.021053 0.007895 0.001316 0.001316 0.001316 0.001316 0.001316 0.961842 
0.001550 0.210853 0.001550 0.001550 0.032558 0.001550 0.001550 0.451163 0.009302 0.288372 
0.092000 0.012000 0.002000 0.002000 0.182000 0.232000 0.002000 0.132000 0.002000 0.342000 
0.351049 0.001399 0.001399 0.071329 0.001399 0.127273 0.015385 0.029371 0.239161 0.162238 
0.041333 0.001333 0.001333 0.134667 0.001333 0.001333 0.108000 0.701333 0.001333 0.008000 
0.298551 0.001449 0.037681 0.001449 0.001449 0.008696 0.001449 0.226087 0.052174 0.371014 
0.520301 0.129323 0.001504 0.001504 0.001504 0.039098 0.009023 0.069173 0.001504 0.227068 
0.205263 0.014474 0.350000 0.001316 0.001316 0.001316 0.001316 0.126316 0.001316 0.297368 
0.007895 0.001316 0.001316 0.001316 0.001316 0.093421 0.001316 0.264474 0.001316 0.626316 
0.712883 0.001227 0.013497 0.044172 0.001227 0.007362 0.001227 0.123926 0.007362 0.087117 
0.001439 0.015827 0.008633 0.008633 0.001439 0.001439 0.001439 0.476259 0.001439 0.483453 
0.041892 0.271622 0.001351 0.291892 0.001351 0.008108 0.237838 0.001351 0.008108 0.136486 
0.042177 0.001361 0.001361 0.021769 0.001361 0.001361 0.123810 0.137415 0.171429 0.497959 
0.001316 0.007895 0.001316 0.080263 0.001316 0.001316 0.001316 0.751316 0.027632 0.126316 
0.025455 0.098182 0.001212 0.031515 0.007273 0.001212 0.001212 0.037576 0.001212 0.795152 
0.362791 0.002326 0.025581 0.002326 0.013953 0.002326 0.002326 0.025581 0.002326 0.560465 
0.247761 0.105970 0.001493 0.008955 0.038806 0.001493 0.016418 0.225373 0.143284 0.210448 
0.001266 0.134177 0.248101 0.001266 0.007595 0.159494 0.001266 0.254430 0.001266 0.191139 
0.164228 0.001626 0.001626 0.001626 0.009756 0.001626 0.058537 0.009756 0.481301 0.269919 
0.110145 0.001449 0.059420 0.211594 0.001449 0.146377 0.175362 0.015942 0.255072 0.023188 
0.100585 0.001170 0.112281 0.001170 0.001170 0.001170 0.416374 0.159064 0.001170 0.205848 
0.001667 0.001667 0.193333 0.010000 0.001667 0.001667 0.001667 0.401667 0.010000 0.376667 
0.006936 0.110983 0.041618 0.330636 0.001156 0.006936 0.180347 0.001156 0.319075 0.001156 
0.001681 0.001681 0.203361 0.144538 0.253782 0.001681 0.018487 0.010084 0.119328 0.245378 
0.001600 0.001600 0.001600 0.289600 0.001600 0.001600 0.089600 0.001600 0.001600 0.609600 
0.461224 0.002041 0.002041 0.002041 0.002041 0.002041 0.032653 0.002041 0.481633 0.012245 
0.001342 0.001342 0.001342 0.001342 0.001342 0.001342 0.001342 0.001342 0.256376 0.732886 
0.001471 0.023529 0.001471 0.023529 0.001471 0.001471 0.001471 0.788235 0.133824 0.023529 
0.733803 0.001408 0.015493 0.001408 0.001408 0.001408 0.001408 0.092958 0.107042 0.043662 
0.100000 0.175758 0.009091 0.243939 0.001515 0.001515 0.084848 0.001515 0.312121 0.069697 
0.236522 0.001739 0.001739 0.506087 0.001739 0.010435 0.071304 0.001739 0.001739 0.166957 
0.006122 0.730612 0.251020 0.001020 0.006122 0.001020 0.001020 0.001020 0.001020 0.001020 
0.001242 0.299379 0.001242 0.001242 0.522981 0.001242 0.001242 0.168944 0.001242 0.001242 
0.052229 0.103185 0.033121 0.001274 0.166879 0.084076 0.103185 0.033121 0.007643 0.415287 
0.001515 0.448485 0.001515 0.145455 0.016667 0.001515 0.001515 0.236364 0.069697 0.077273 
0.590000 0.012222 0.001111 0.001111 0.001111 0.051111 0.001111 0.001111 0.012222 0.328889 
0.001124 0.001124 0.068539 0.001124 0.001124 0.001124 0.001124 0.804494 0.001124 0.119101 
0.186301 0.206849 0.001370 0.001370 0.008219 0.008219 0.001370 0.110959 0.001370 0.473973 
