0.324390 0.001220 0.409756 0.001220 0.263415 
0.001460 0.001460 0.183942 0.811679 0.001460 
0.071765 0.577647 0.001176 0.348235 0.001176 
0.773529 0.045588 0.177941 0.001471 0.001471 
0.415714 0.001429 0.072857 0.008571 0.501429 
0.002000 0.002000 0.952000 0.042000 0.002000 
0.080000 0.001739 0.445217 0.471304 0.001739 
0.618440 0.072340 0.001418 0.008511 0.299291 
0.545578 0.021769 0.130612 0.001361 0.300680 
0.001695 0.493220 0.001695 0.501695 0.001695 
0.809581 0.001198 0.001198 0.186826 0.001198 
0.114773 0.575000 0.262500 0.006818 0.040909 
0.001449 0.240580 0.001449 0.001449 0.755072 
0.056944 0.001389 0.001389 0.938889 0.001389 
0.346479 0.163380 0.001408 0.001408 0.487324 
0.160317 0.660317 0.001587 0.001587 0.176190 
0.031515 0.001212 0.680000 0.286061 0.001212 
0.098065 0.001290 0.394839 0.001290 0.504516 
0.717431 0.001835 0.222018 0.001835 0.056881 
0.904478 0.001493 0.061194 0.031343 0.001493 
0.506195 0.001770 0.001770 0.001770 0.488496 
0.563077 0.416923 0.009231 0.001538 0.009231 
0.031902 0.001227 0.087117 0.001227 0.878528 
0.330636 0.041618 0.001156 0.001156 0.625434 
0.001802 0.073874 0.911712 0.010811 0.001802 
0.743226 0.001290 0.052903 0.201290 0.001290 
0.737838 0.001351 0.244595 0.001351 0.014865 
0.052525 0.002020 0.002020 0.911111 0.032323 
0.001852 0.325926 0.511111 0.140741 0.020370 
0.866667 0.001587 0.025397 0.104762 0.001587 
0.492025 0.001227 0.185276 0.166871 0.154601 
0.886486 0.001351 0.041892 0.048649 0.021622 
0.353922 0.216667 0.206863 0.000980 0.221569 
0.752601 0.001156 0.105202 0.047399 0.093642 
0.469841 0.049206 0.001587 0.453968 0.025397 
0.011650 0.021359 0.069903 0.856311 0.040777 
0.993750 0.001563 0.001563 0.001563 0.001563 
0.358730 0.311111 0.001587 0.017460 0.311111 
0.167033 0.002198 0.002198 0.452747 0.375824 
0.755385 0.001538 0.001538 0.240000 0.001538 
0.198131 0.646729 0.001869 0.001869 0.151402 
0.001361 0.736054 0.035374 0.137415 0.089796 
0.002247 0.406742 0.035955 0.137079 0.417978 
0.023704 0.045926 0.001481 0.927407 0.001481 
0.001266 0.001266 0.222785 0.001266 0.773418 
0.258986 0.411060 0.166820 0.023963 0.139171 
0.192727 0.047273 0.210909 0.547273 0.001818 
0.442051 0.554872 0.001026 0.001026 0.001026 
0.116364 0.001212 0.686061 0.001212 0.195152 
0.000971 0.000971 0.986408 0.000971 0.010680 
0.013836 0.296855 0.076730 0.611321 0.001258 
0.001709 0.420513 0.232479 0.061538 0.283761 
0.001504 0.693233 0.009023 0.001504 0.294737 
0.223009 0.010619 0.037168 0.630088 0.099115 
0.019469 0.001770 0.001770 0.001770 0.975221 
0.401667 0.010000 0.201667 0.001667 0.385000 
0.002041 0.063265 0.002041 0.736735 0.195918 
0.001053 0.011579 0.806316 0.027368 0.153684 
0.082883 0.001802 0.857658 0.001802 0.055856 
0.112346 0.470370 0.137037 0.001235 0.279012 
0.090411 0.001370 0.042466 0.535616 0.330137 
0.402260 0.018079 0.492655 0.001130 0.085876 
0.182383 0.229016 0.270466 0.001036 0.317098 
0.014474 0.001316 0.369737 0.001316 0.613158 
0.714706 0.023529 0.207353 0.001471 0.052941 
0.001439 0.706475 0.246043 0.001439 0.044604 
0.033071 0.001575 0.119685 0.844094 0.001575 
0.042623 0.493443 0.001639 0.009836 0.452459 
0.332203 0.001695 0.281356 0.383051 0.001695 
0.216766 0.216766 0.402395 0.120958 0.043114 
0.074453 0.074453 0.366423 0.001460 0.483212 
0.233600 0.001600 0.761600 0.001600 0.001600 
0.427826 0.227826 0.210435 0.106087 0.027826 
0.008392 0.309091 0.630769 0.001399 0.050350 
0.137888 0.001242 0.001242 0.013665 0.845963 
0.122148 0.108725 0.417450 0.330201 0.021477 
0.085714 0.169748 0.001681 0.346218 0.396639 
0.369925 0.009023 0.001504 0.001504 0.618045 
0.662385 0.011009 0.020183 0.001835 0.304587 
0.048148 0.001852 0.288889 0.446296 0.214815 
0.862963 0.001852 0.122222 0.001852 0.011111 
0.079433 0.200000 0.341844 0.377305 0.001418 
0.706977 0.086822 0.203101 0.001550 0.001550 
0.001087 0.011957 0.109783 0.501087 0.376087 
0.560000 0.194483 0.008276 0.022069 0.215172 
0.410063 0.347170 0.145912 0.001258 0.095597 
0.485000 0.026667 0.018333 0.468333 0.001667 
0.621687 0.001205 0.296386 0.007229 0.073494 
0.052000 0.002000 0.662000 0.282000 0.002000 
0.501333 0.481333 0.001333 0.008000 0.008000 
0.001429 0.115714 0.158571 0.708571 0.015714 
0.249645 0.285106 0.270922 0.114894 0.079433 
0.042268 0.001031 0.614433 0.001031 0.341237 
0.284848 0.002020 0.406061 0.305051 0.002020 
0.501695 0.205085 0.001695 0.289831 0.001695 
0.001290 0.588387 0.007742 0.323871 0.078710 
0.037143 0.001429 0.815714 0.001429 0.144286 
0.044172 0.939877 0.013497 0.001227 0.001227 
0.001770 0.019469 0.010619 0.001770 0.966372 
0.195429 0.326857 0.041143 0.401143 0.035429 
0.206486 0.011892 0.303784 0.001081 0.476757 
0.001418 0.001418 0.731915 0.001418 0.263830 
0.082993 0.001361 0.130612 0.783673 0.001361 
0.049412 0.014118 0.484706 0.002353 0.449412 
0.014379 0.426144 0.007843 0.158170 0.393464 
0.001370 0.008219 0.652055 0.076712 0.261644 
0.007843 0.007843 0.171242 0.805229 0.007843 
0.195000 0.001250 0.482500 0.001250 0.320000 
0.011111 0.001852 0.270370 0.001852 0.714815 
0.142105 0.098246 0.282456 0.475439 0.001754 
0.181982 0.272072 0.037838 0.461261 0.046847 
0.785621 0.001307 0.020915 0.001307 0.190850 
0.013483 0.137079 0.002247 0.844944 0.002247 
0.001575 0.623622 0.064567 0.300787 0.009449 
0.036842 0.019298 0.001754 0.940351 0.001754 
0.061386 0.001980 0.001980 0.823762 0.110891 
0.001439 0.461871 0.267626 0.008633 0.260432 
0.013415 0.269512 0.464634 0.135366 0.117073 
0.009091 0.046970 0.009091 0.933333 0.001515 
0.059893 0.070588 0.001070 0.001070 0.867380 
0.125547 0.213139 0.001460 0.505109 0.154745 
0.141085 0.110078 0.017054 0.001550 0.730233 
0.391870 0.164228 0.017886 0.351220 0.074797 
0.022222 0.800000 0.140278 0.029167 0.008333 
0.001770 0.001770 0.107965 0.886726 0.001770 
0.322857 0.051429 0.001429 0.622857 0.001429 
0.001299 0.618182 0.001299 0.001299 0.377922 
0.696875 0.040625 0.009375 0.251563 0.001563 
0.791304 0.023188 0.110145 0.001449 0.073913 
0.050000 0.001613 0.945161 0.001613 0.001613 
0.123577 0.001626 0.001626 0.001626 0.871545 
0.001770 0.338053 0.010619 0.001770 0.647788 
0.037143 0.572857 0.051429 0.322857 0.015714 
0.001299 0.423377 0.014286 0.007792 0.553247 
0.118182 0.118182 0.001299 0.014286 0.748052 
0.895575 0.001770 0.001770 0.028319 0.072566 
0.429932 0.001361 0.001361 0.055782 0.511565 
0.022222 0.002020 0.002020 0.941414 0.032323 
0.002597 0.002597 0.002597 0.742857 0.249351 
0.035028 0.001130 0.181921 0.057627 0.724294 
0.498113 0.007547 0.001258 0.001258 0.491824 
0.001515 0.001515 0.380303 0.001515 0.615152 
0.001471 0.332353 0.001471 0.663235 0.001471 
0.032099 0.106173 0.680247 0.180247 0.001235 
0.042276 0.001626 0.156098 0.595122 0.204878 
0.001429 0.001429 0.037143 0.015714 0.944286 
0.495181 0.007229 0.043373 0.013253 0.440964 
0.135484 0.581720 0.017204 0.001075 0.264516 
0.085000 0.001667 0.193333 0.718333 0.001667 
0.001527 0.253435 0.077863 0.398473 0.268702 
0.883333 0.015278 0.001389 0.001389 0.098611 
0.001307 0.177778 0.543791 0.269281 0.007843 
0.008889 0.031111 0.112593 0.001481 0.845926 
0.334815 0.001481 0.008889 0.001481 0.653333 
0.523567 0.058599 0.377070 0.039490 0.001274 
0.056250 0.001563 0.001563 0.806250 0.134375 
0.064336 0.169231 0.749650 0.015385 0.001399 
0.437584 0.068456 0.001342 0.491275 0.001342 
0.055405 0.204054 0.183784 0.548649 0.008108 
0.143284 0.800000 0.001493 0.053731 0.001493 
0.660317 0.001587 0.088889 0.247619 0.001587 
0.010811 0.091892 0.371171 0.524324 0.001802 
0.008219 0.583562 0.138356 0.001370 0.268493 
0.009302 0.009302 0.063566 0.916279 0.001550 
0.451908 0.001527 0.276336 0.001527 0.268702 
0.022535 0.747887 0.001408 0.001408 0.226761 
0.463077 0.001538 0.255385 0.209231 0.070769 
0.016901 0.002817 0.002817 0.932394 0.045070 
0.002041 0.042857 0.175510 0.757143 0.022449 
0.001325 0.074172 0.312583 0.001325 0.610596 
0.842938 0.063277 0.091525 0.001130 0.001130 
0.520370 0.474074 0.001852 0.001852 0.001852 
0.001290 0.498065 0.485161 0.014194 0.001290 
0.001980 0.051485 0.279208 0.140594 0.526733 
0.001081 0.001081 0.995676 0.001081 0.001081 
0.440000 0.001538 0.009231 0.047692 0.501538 
0.855474 0.052555 0.089051 0.001460 0.001460 
0.485161 0.001290 0.020645 0.491613 0.001290 
0.014966 0.600000 0.001361 0.307483 0.076190 
0.370492 0.395082 0.214754 0.001639 0.018033 
0.847154 0.001626 0.147967 0.001626 0.001626 
0.126786 0.010714 0.591071 0.144643 0.126786 
0.556303 0.001681 0.068908 0.371429 0.001681 
0.140870 0.366957 0.001739 0.019130 0.471304 
0.445714 0.002857 0.331429 0.002857 0.217143 
0.002174 0.002174 0.002174 0.991304 0.002174 
0.630939 0.155801 0.012155 0.200000 0.001105 
0.015385 0.001399 0.183217 0.777622 0.022378 
0.001163 0.001163 0.506977 0.001163 0.489535 
0.100000 0.170423 0.142254 0.578873 0.008451 
0.007843 0.132026 0.328105 0.530719 0.001307 
0.028829 0.091892 0.154955 0.362162 0.362162 
0.223704 0.001481 0.394074 0.379259 0.001481 
0.087143 0.644286 0.015714 0.015714 0.237143 
0.001266 0.001266 0.830380 0.134177 0.032911 
0.163006 0.313295 0.163006 0.001156 0.359538 
0.008759 0.592701 0.154745 0.176642 0.067153 
0.008696 0.110145 0.682609 0.001449 0.197101 
0.452113 0.001408 0.240845 0.304225 0.001408 
0.560000 0.018333 0.001667 0.168333 0.251667 
0.001905 0.068571 0.040000 0.887619 0.001905 
0.492593 0.020370 0.011111 0.159259 0.316667 
0.002500 0.002500 0.027500 0.140000 0.827500 
0.001942 0.001942 0.545631 0.040777 0.409709 
0.001575 0.001575 0.237795 0.009449 0.749606 
0.027097 0.446452 0.433548 0.033548 0.059355 
0.062595 0.001527 0.917557 0.009160 0.009160 
0.046591 0.080682 0.785227 0.018182 0.069318 
0.149020 0.001961 0.001961 0.835294 0.011765 
0.001299 0.027273 0.410390 0.014286 0.546753 
0.190566 0.266038 0.030189 0.001887 0.511321 
0.091026 0.020513 0.116667 0.001282 0.770513 
0.206299 0.096063 0.001575 0.686614 0.009449 
0.015493 0.395775 0.107042 0.304225 0.177465 
0.133735 0.001205 0.862651 0.001205 0.001205 
0.020126 0.001258 0.976101 0.001258 0.001258 
0.037143 0.180000 0.122857 0.001429 0.658571 
0.001613 0.017742 0.582258 0.001613 0.396774 
0.001942 0.001942 0.778641 0.157282 0.060194 
0.002062 0.125773 0.270103 0.600000 0.002062 
0.012429 0.328814 0.583051 0.068927 0.006780 
0.312121 0.016667 0.001515 0.001515 0.668182 
0.833566 0.001399 0.162238 0.001399 0.001399 
0.786154 0.001538 0.016923 0.001538 0.193846 
0.043972 0.249645 0.008511 0.575887 0.121986 
0.020183 0.111927 0.359633 0.488073 0.020183 
0.011650 0.031068 0.526214 0.011650 0.419417 
0.468639 0.226036 0.131361 0.013018 0.160947 
0.001527 0.131298 0.001527 0.864122 0.001527 
0.713559 0.196610 0.001695 0.001695 0.086441 
0.573793 0.332414 0.001379 0.077241 0.015172 
0.238919 0.028108 0.730811 0.001081 0.001081 
0.132710 0.011215 0.029907 0.609346 0.216822 
0.001342 0.001342 0.142282 0.001342 0.853691 
0.268000 0.001333 0.074667 0.001333 0.654667 
0.002020 0.002020 0.729293 0.002020 0.264646 
0.001587 0.430159 0.009524 0.557143 0.001587 
0.009302 0.280620 0.404651 0.001550 0.303876 
0.352047 0.638596 0.001170 0.001170 0.007018 
0.380723 0.459036 0.007229 0.001205 0.151807 
0.511888 0.330070 0.155245 0.001399 0.001399 
0.073469 0.002041 0.348980 0.512245 0.063265 
0.006593 0.116484 0.874725 0.001099 0.001099 
0.818919 0.001351 0.055405 0.001351 0.122973 
0.141520 0.679532 0.012865 0.001170 0.164912 
0.165517 0.079310 0.217241 0.415517 0.122414 
0.405479 0.001370 0.117808 0.473973 0.001370 
0.588000 0.001333 0.174667 0.234667 0.001333 
0.297802 0.001099 0.072527 0.001099 0.627473 
0.208621 0.165517 0.001724 0.001724 0.622414 
0.663235 0.001471 0.133824 0.001471 0.200000 
0.203509 0.107018 0.115789 0.203509 0.370175 
0.420359 0.001198 0.007186 0.013174 0.558084 
0.211579 0.001053 0.011579 0.774737 0.001053 
0.020382 0.695541 0.281529 0.001274 0.001274 
0.709524 0.013095 0.001190 0.001190 0.275000 
0.015172 0.422069 0.560000 0.001379 0.001379 
0.001439 0.001439 0.929496 0.044604 0.023022 
0.001227 0.001227 0.995092 0.001227 0.001227 
0.314110 0.001227 0.001227 0.001227 0.682209 
0.059615 0.011538 0.896154 0.021154 0.011538 
0.634483 0.002299 0.025287 0.335632 0.002299 
0.060294 0.222059 0.001471 0.479412 0.236765 
0.117829 0.001550 0.133333 0.001550 0.745736 
0.001429 0.001429 0.408571 0.537143 0.051429 
0.781560 0.093617 0.001418 0.001418 0.121986 
0.002083 0.054167 0.002083 0.939583 0.002083 
0.459813 0.441121 0.001869 0.001869 0.095327 
0.487143 0.315714 0.008571 0.180000 0.008571 
0.031325 0.820482 0.139759 0.007229 0.001205 
0.032632 0.169474 0.001053 0.795789 0.001053 
0.001266 0.070886 0.083544 0.153165 0.691139 
0.367480 0.180488 0.099187 0.343089 0.009756 
0.048322 0.115436 0.175839 0.659060 0.001342 
0.668182 0.130303 0.198485 0.001515 0.001515 
0.190991 0.145946 0.001802 0.001802 0.659459 
0.176087 0.002174 0.002174 0.817391 0.002174 
0.168786 0.232370 0.024277 0.486705 0.087861 
0.284058 0.001449 0.001449 0.639130 0.073913 
0.001613 0.477419 0.001613 0.138710 0.380645 
0.014379 0.001307 0.759477 0.014379 0.210458 
0.001626 0.042276 0.001626 0.383740 0.570732 
0.120792 0.576238 0.031683 0.001980 0.269307 
0.939823 0.010619 0.010619 0.037168 0.001770 
0.001429 0.365714 0.608571 0.022857 0.001429 
0.477241 0.001379 0.518621 0.001379 0.001379 
0.001739 0.366957 0.001739 0.158261 0.471304 
0.001754 0.001754 0.650877 0.010526 0.335088 
0.246541 0.749686 0.001258 0.001258 0.001258 
0.001299 0.832468 0.066234 0.066234 0.033766 
0.206838 0.241026 0.027350 0.035897 0.488889 
0.001563 0.001563 0.001563 0.368750 0.626563 
0.009524 0.811111 0.144444 0.033333 0.001587 
0.002041 0.002041 0.002041 0.991837 0.002041 
0.845989 0.091979 0.001070 0.011765 0.049198 
0.001961 0.501961 0.070588 0.001961 0.423529 
0.001613 0.009677 0.501613 0.477419 0.009677 
0.002857 0.002857 0.002857 0.017143 0.974286 
0.001235 0.062963 0.001235 0.933333 0.001235 
0.037956 0.001460 0.870073 0.001460 0.089051 
0.001389 0.445833 0.438889 0.001389 0.112500 
0.358940 0.365563 0.021192 0.027815 0.226490 
0.001399 0.001399 0.022378 0.973427 0.001399 
0.328736 0.001149 0.202299 0.466667 0.001149 
0.069697 0.031818 0.107576 0.130303 0.660606 
0.001408 0.001408 0.198592 0.698592 0.100000 
0.002062 0.002062 0.002062 0.991753 0.002062 
0.677477 0.001802 0.317117 0.001802 0.001802 
0.070769 0.124615 0.016923 0.778462 0.009231 
0.001575 0.442520 0.474016 0.033071 0.048819 
0.059893 0.006417 0.011765 0.920856 0.001070 
0.001005 0.006030 0.990955 0.001005 0.001005 
0.060927 0.001325 0.054305 0.882119 0.001325 
0.001942 0.001942 0.157282 0.836893 0.001942 
0.055422 0.621687 0.236145 0.085542 0.001205 
0.079433 0.164539 0.001418 0.405674 0.348936 
0.043333 0.010000 0.943333 0.001667 0.001667 
0.000952 0.005714 0.372381 0.477143 0.143810 
0.001538 0.001538 0.493846 0.170769 0.332308 
0.220168 0.001681 0.329412 0.447059 0.001681 
0.439216 0.001307 0.086275 0.001307 0.471895 
0.094444 0.001852 0.001852 0.900000 0.001852 
0.001130 0.074576 0.001130 0.029379 0.893785 
0.187179 0.232051 0.212821 0.251282 0.116667 
0.001695 0.001695 0.637288 0.086441 0.272881 
0.001802 0.497297 0.218018 0.001802 0.281081 
0.204494 0.002247 0.328090 0.440449 0.024719 
0.006522 0.680435 0.001087 0.028261 0.283696 
0.001538 0.032308 0.109231 0.855385 0.001538 
0.008696 0.001449 0.204348 0.407246 0.378261 
0.562590 0.332374 0.001439 0.094964 0.008633 
0.600000 0.001070 0.102674 0.295187 0.001070 
0.001481 0.001481 0.957037 0.038519 0.001481 
0.102703 0.014865 0.001351 0.109459 0.771622 
0.557500 0.001250 0.001250 0.007500 0.432500 
0.001220 0.007317 0.891463 0.001220 0.098780 
0.191379 0.001724 0.432759 0.001724 0.372414 
0.006780 0.639548 0.345763 0.006780 0.001130 
0.116814 0.001770 0.568142 0.311504 0.001770 
0.396491 0.001754 0.142105 0.449123 0.010526 
0.188000 0.114667 0.001333 0.054667 0.641333 
0.305185 0.320000 0.001481 0.001481 0.371852 
0.040223 0.107263 0.062570 0.006704 0.783240 
0.251667 0.101667 0.093333 0.001667 0.551667 
0.363025 0.085714 0.228571 0.001681 0.321008 
0.001316 0.001316 0.152632 0.001316 0.843421 
0.601646 0.000823 0.132510 0.264198 0.000823 
0.001504 0.001504 0.272180 0.497744 0.227068 
0.112621 0.884466 0.000971 0.000971 0.000971 
0.200000 0.079433 0.462411 0.093617 0.164539 
0.462722 0.001183 0.072189 0.001183 0.462722 
0.084404 0.001835 0.011009 0.873394 0.029358 
0.964706 0.023529 0.001471 0.008824 0.001471 
0.362581 0.001290 0.033548 0.001290 0.601290 
0.074576 0.012429 0.001130 0.905085 0.006780 
0.749533 0.104673 0.132710 0.001869 0.011215 
0.392188 0.079687 0.501563 0.025000 0.001563 
0.001333 0.001333 0.434667 0.001333 0.561333 
0.531126 0.067550 0.021192 0.378808 0.001325 
0.001538 0.063077 0.001538 0.878462 0.055385 
0.008108 0.008108 0.974324 0.001351 0.008108 
0.210811 0.001351 0.778378 0.008108 0.001351 
0.001639 0.026230 0.001639 0.772131 0.198361 
0.195973 0.263087 0.001342 0.471141 0.068456 
0.019876 0.330435 0.541615 0.001242 0.106832 
0.001250 0.476250 0.001250 0.007500 0.513750 
0.012121 0.002020 0.143434 0.709091 0.133333 
0.308235 0.484706 0.002353 0.002353 0.202353 
0.452439 0.031707 0.281707 0.080488 0.153659 
0.293750 0.002083 0.700000 0.002083 0.002083 
0.070769 0.016923 0.140000 0.770769 0.001538 
0.000948 0.062559 0.716588 0.095735 0.124171 
0.044681 0.012766 0.523404 0.002128 0.417021 
0.001471 0.075000 0.001471 0.920588 0.001471 
0.001163 0.001163 0.152326 0.844186 0.001163 
0.008889 0.001481 0.445926 0.045926 0.497778 
0.002532 0.002532 0.015190 0.420253 0.559494 
0.172072 0.235135 0.014414 0.577477 0.000901 
0.001242 0.081988 0.001242 0.914286 0.001242 
0.020253 0.058228 0.254430 0.317722 0.349367 
0.082558 0.774419 0.140698 0.001163 0.001163 
0.610976 0.129268 0.214634 0.043902 0.001220 
0.097143 0.001905 0.040000 0.001905 0.859048 
0.231858 0.001770 0.700885 0.063717 0.001770 
0.550993 0.001325 0.001325 0.001325 0.445033 
0.058947 0.322105 0.001053 0.006316 0.611579 
0.807742 0.007742 0.033548 0.001290 0.149677 
0.001695 0.374576 0.001695 0.001695 0.620339 
0.658065 0.034409 0.002151 0.002151 0.303226 
0.103650 0.001460 0.402920 0.490511 0.001460 
0.010169 0.001695 0.001695 0.984746 0.001695 
0.078846 0.021154 0.386538 0.001923 0.511538 
0.361404 0.229825 0.001754 0.378947 0.028070 
0.351825 0.001460 0.001460 0.169343 0.475912 
0.135211 0.001408 0.846479 0.015493 0.001408 
0.349744 0.093333 0.098462 0.457436 0.001026 
0.679339 0.034711 0.001653 0.001653 0.282645 
0.931646 0.064557 0.001266 0.001266 0.001266 
0.278462 0.563077 0.009231 0.032308 0.116923 
0.203922 0.001307 0.027451 0.393464 0.373856 
0.024060 0.001504 0.001504 0.971429 0.001504 
0.001653 0.001653 0.001653 0.051240 0.943802 
0.527273 0.007792 0.222078 0.241558 0.001299 
0.054135 0.475188 0.422556 0.046617 0.001504 
0.575701 0.229907 0.000935 0.005607 0.187850 
0.217241 0.001724 0.182759 0.596552 0.001724 
0.093827 0.334568 0.013580 0.001235 0.556790 
0.001626 0.001626 0.066667 0.042276 0.887805 
0.001190 0.060714 0.227381 0.001190 0.709524 
0.001754 0.019298 0.150877 0.001754 0.826316 
0.578082 0.002740 0.002740 0.413699 0.002740 
0.022222 0.281481 0.239153 0.440212 0.016931 
0.733803 0.085915 0.177465 0.001408 0.001408 
0.019298 0.633333 0.001754 0.001754 0.343860 
0.001143 0.412571 0.481143 0.001143 0.104000 
0.833803 0.002817 0.016901 0.002817 0.143662 
0.032813 0.360938 0.001563 0.603125 0.001563 
0.212571 0.018286 0.001143 0.001143 0.766857 
0.269014 0.050704 0.261972 0.381690 0.036620 
0.010256 0.147009 0.001709 0.839316 0.001709 
0.216107 0.692617 0.081879 0.001342 0.008054 
0.001389 0.105556 0.001389 0.001389 0.890278 
0.349153 0.010169 0.374576 0.247458 0.018644 
0.017054 0.009302 0.009302 0.753488 0.210853 
0.033333 0.001282 0.148718 0.001282 0.815385 
0.001613 0.316129 0.066129 0.050000 0.566129 
0.096825 0.001587 0.152381 0.001587 0.747619 
0.001942 0.380583 0.001942 0.011650 0.603883 
0.107500 0.032500 0.007500 0.045000 0.807500 
0.008333 0.015278 0.272222 0.001389 0.702778 
0.002128 0.002128 0.151064 0.002128 0.842553 
0.173006 0.001227 0.271166 0.025767 0.528834 
0.120280 0.148252 0.001399 0.714685 0.015385 
0.259406 0.021782 0.714851 0.001980 0.001980 
0.735260 0.001156 0.168786 0.001156 0.093642 
0.001818 0.101818 0.120000 0.774545 0.001818 
0.355906 0.474016 0.025197 0.135433 0.009449 
0.097143 0.001905 0.068571 0.830476 0.001905 
0.001852 0.001852 0.807407 0.001852 0.187037 
0.001064 0.001064 0.389362 0.001064 0.607447 
0.002105 0.002105 0.012632 0.433684 0.549474 
0.001504 0.121805 0.091729 0.783459 0.001504 
0.789831 0.001695 0.061017 0.001695 0.145763 
0.001460 0.001460 0.001460 0.344526 0.651095 
0.001333 0.088000 0.001333 0.001333 0.908000 
0.924138 0.070690 0.001724 0.001724 0.001724 
0.001081 0.011892 0.001081 0.006486 0.979459 
0.351429 0.008571 0.001429 0.001429 0.637143 
0.001942 0.001942 0.370874 0.535922 0.089320 
0.001724 0.001724 0.372414 0.622414 0.001724 
0.011009 0.295413 0.066055 0.625688 0.001835 
0.205839 0.008759 0.001460 0.782482 0.001460 
0.001709 0.420513 0.018803 0.001709 0.557265 
0.139216 0.001961 0.001961 0.639216 0.217647 
0.056044 0.682418 0.017582 0.001099 0.242857 
0.037681 0.218841 0.001449 0.342029 0.400000 
0.001429 0.001429 0.008571 0.001429 0.987143 
0.814354 0.111005 0.005742 0.039234 0.029665 
0.001587 0.382540 0.382540 0.231746 0.001587 
0.010811 0.001802 0.623423 0.001802 0.362162 
0.042975 0.001653 0.166942 0.018182 0.770248 
0.023022 0.001439 0.058993 0.001439 0.915108 
0.013095 0.816667 0.161905 0.007143 0.001190 
0.001575 0.348031 0.088189 0.001575 0.560630 
0.008824 0.023529 0.104412 0.442647 0.420588 
0.295122 0.002439 0.234146 0.002439 0.465854 
0.264103 0.571795 0.135897 0.001282 0.026923 
0.063566 0.024806 0.900775 0.001550 0.009302 
0.446032 0.001587 0.057143 0.001587 0.493651 
0.358571 0.001429 0.008571 0.001429 0.630000 
0.035955 0.665169 0.002247 0.002247 0.294382 
0.001316 0.514474 0.001316 0.001316 0.481579 
0.001290 0.046452 0.007742 0.014194 0.930323 
0.001563 0.001563 0.087500 0.001563 0.907813 
0.001818 0.583636 0.001818 0.210909 0.201818 
0.001613 0.033871 0.122581 0.098387 0.743548 
0.221918 0.030137 0.002740 0.742466 0.002740 
0.001515 0.001515 0.986364 0.009091 0.001515 
0.051977 0.532203 0.006780 0.001130 0.407910 
0.619178 0.057534 0.317808 0.002740 0.002740 
0.982166 0.001274 0.007643 0.001274 0.007643 
0.875630 0.001681 0.001681 0.001681 0.119328 
0.161905 0.019048 0.030952 0.786905 0.001190 
0.527586 0.251724 0.001724 0.001724 0.217241 
0.068148 0.186667 0.468148 0.001481 0.275556 
0.008511 0.653901 0.001418 0.001418 0.334752 
0.001587 0.001587 0.001587 0.001587 0.993651 
0.054386 0.115789 0.001754 0.001754 0.826316 
0.249587 0.001653 0.051240 0.109091 0.588430 
0.138562 0.007843 0.047059 0.491503 0.315033 
0.135238 0.020952 0.125714 0.363810 0.354286 
0.032061 0.200000 0.535878 0.215267 0.016794 
0.001653 0.026446 0.059504 0.910744 0.001653 
0.001449 0.037681 0.001449 0.501449 0.457971 
0.738547 0.001117 0.202235 0.012291 0.045810 
0.370909 0.116364 0.001212 0.122424 0.389091 
0.046269 0.001493 0.926866 0.008955 0.016418 
0.001093 0.137705 0.001093 0.001093 0.859016 
0.001361 0.001361 0.395918 0.001361 0.600000 
0.028972 0.005607 0.099065 0.005607 0.860748 
0.010000 0.360000 0.026667 0.001667 0.601667 
0.001316 0.455263 0.001316 0.001316 0.540789 
0.001005 0.001005 0.242211 0.397990 0.357789 
0.001227 0.001227 0.025767 0.577914 0.393865 
0.355752 0.001770 0.001770 0.019469 0.621239 
0.001266 0.621519 0.229114 0.026582 0.121519 
0.121101 0.084404 0.258716 0.533945 0.001835 
0.197468 0.001266 0.425316 0.374684 0.001266 
0.132967 0.001099 0.006593 0.001099 0.858242 
0.028319 0.001770 0.400000 0.435398 0.134513 
0.001471 0.001471 0.685294 0.266176 0.045588 
0.059420 0.001449 0.168116 0.001449 0.769565 
0.624706 0.112941 0.001176 0.018824 0.242353 
0.550704 0.001408 0.381690 0.043662 0.022535 
0.001242 0.479503 0.442236 0.007453 0.069565 
0.002151 0.012903 0.002151 0.797849 0.184946 
0.310569 0.001626 0.001626 0.684553 0.001626 
0.001724 0.001724 0.010345 0.010345 0.975862 
0.001205 0.007229 0.001205 0.001205 0.989157 
0.113158 0.001316 0.178947 0.060526 0.646053 
0.681915 0.006383 0.309574 0.001064 0.001064 
0.001449 0.668116 0.117391 0.001449 0.211594 
0.001471 0.597059 0.067647 0.001471 0.332353 
0.108000 0.001333 0.081333 0.001333 0.808000 
0.001515 0.001515 0.001515 0.372727 0.622727 
0.641667 0.042708 0.084375 0.001042 0.230208 
0.934597 0.000948 0.062559 0.000948 0.000948 
0.029213 0.422472 0.017978 0.001124 0.529213 
0.582432 0.001351 0.413514 0.001351 0.001351 
0.006897 0.690805 0.271264 0.001149 0.029885 
0.247541 0.436066 0.026230 0.288525 0.001639 
0.002198 0.013187 0.057143 0.452747 0.474725 
0.362295 0.001639 0.198361 0.386885 0.050820 
0.010345 0.148276 0.001724 0.018966 0.820690 
0.150249 0.125373 0.055721 0.667662 0.000995 
0.167568 0.023423 0.271171 0.000901 0.536937 
0.049412 0.084706 0.025882 0.837647 0.002353 
0.019162 0.001198 0.001198 0.450299 0.528144 
0.034211 0.711842 0.001316 0.178947 0.073684 
0.008219 0.001370 0.028767 0.001370 0.960274 
0.338053 0.001770 0.223009 0.037168 0.400000 
0.001408 0.001408 0.001408 0.008451 0.987324 
0.434965 0.001399 0.001399 0.008392 0.553846 
0.002105 0.002105 0.002105 0.002105 0.991579 
0.882963 0.001481 0.001481 0.001481 0.112593 
0.001942 0.283495 0.031068 0.166990 0.516505 
0.149020 0.011765 0.835294 0.001961 0.001961 
0.001667 0.035000 0.126667 0.835000 0.001667 
0.032000 0.062000 0.002000 0.142000 0.762000 
0.001198 0.001198 0.228743 0.767665 0.001198 
0.438393 0.005357 0.005357 0.000893 0.550000 
0.772549 0.014379 0.001307 0.027451 0.184314 
0.001504 0.001504 0.572932 0.009023 0.415038 
0.372028 0.008392 0.001399 0.001399 0.616783 
0.002041 0.002041 0.308163 0.318367 0.369388 
0.001205 0.356627 0.013253 0.001205 0.627711 
0.000976 0.181463 0.313171 0.000976 0.503415 
0.151181 0.001575 0.001575 0.001575 0.844094 
0.388235 0.052101 0.363025 0.194958 0.001681 
0.032704 0.215094 0.246541 0.454088 0.051572 
0.906918 0.076730 0.001258 0.007547 0.007547 
0.410738 0.001342 0.504698 0.081879 0.001342 
0.001923 0.117308 0.155769 0.001923 0.723077 
0.011702 0.708511 0.096809 0.181915 0.001064 
0.001081 0.001081 0.092973 0.828108 0.076757 
0.001325 0.027815 0.001325 0.001325 0.968212 
0.015385 0.002564 0.143590 0.002564 0.835897 
0.001282 0.039744 0.334615 0.001282 0.623077 
0.009524 0.096825 0.041270 0.580952 0.271429 
0.011215 0.001869 0.441121 0.067290 0.478505 
0.182143 0.075000 0.003571 0.021429 0.717857 
0.001961 0.207843 0.001961 0.001961 0.786275 
0.001515 0.001515 0.986364 0.001515 0.009091 
0.001170 0.001170 0.603509 0.001170 0.392982 
0.305185 0.001481 0.001481 0.690370 0.001481 
0.017460 0.176190 0.295238 0.001587 0.509524 
0.008219 0.268493 0.001370 0.001370 0.720548 
0.001653 0.001653 0.001653 0.547107 0.447934 
0.001183 0.001183 0.042604 0.036686 0.918343 
0.001587 0.723810 0.088889 0.088889 0.096825 
0.001389 0.765278 0.001389 0.230556 0.001389 
0.152381 0.080952 0.112698 0.017460 0.636508 
0.001724 0.001724 0.544828 0.001724 0.450000 
0.001575 0.442520 0.033071 0.521260 0.001575 
0.001290 0.001290 0.007742 0.194839 0.794839 
0.010256 0.001709 0.035897 0.001709 0.950427 
0.244595 0.095946 0.001351 0.001351 0.656757 
0.001227 0.400000 0.074847 0.019632 0.504294 
0.001105 0.001105 0.244199 0.255249 0.498343 
0.698592 0.001408 0.283099 0.001408 0.015493 
0.001370 0.378082 0.001370 0.001370 0.617808 
0.001036 0.001036 0.001036 0.990674 0.006218 
0.667879 0.019394 0.310303 0.001212 0.001212 
0.151429 0.001429 0.001429 0.080000 0.765714 
0.001709 0.001709 0.104274 0.309402 0.582906 
0.263934 0.001639 0.362295 0.001639 0.370492 
0.693233 0.001504 0.001504 0.001504 0.302256 
0.001105 0.144751 0.012155 0.001105 0.840884 
0.001290 0.091613 0.046452 0.846452 0.014194 
0.128662 0.001274 0.198726 0.638217 0.033121 
0.658065 0.174194 0.012903 0.002151 0.152688 
0.002532 0.002532 0.977215 0.002532 0.015190 
0.001481 0.771852 0.001481 0.001481 0.223704 
0.868874 0.100662 0.001325 0.001325 0.027815 
0.674766 0.123364 0.170093 0.029907 0.001869 
0.008054 0.001342 0.397315 0.263087 0.330201 
0.359350 0.026016 0.570732 0.042276 0.001626 
0.001408 0.240845 0.297183 0.304225 0.156338 
0.993043 0.001739 0.001739 0.001739 0.001739 
0.571765 0.007059 0.089412 0.254118 0.077647 
0.034426 0.419672 0.001639 0.075410 0.468852 
0.001600 0.121600 0.081600 0.009600 0.785600 
0.114516 0.025806 0.009677 0.743548 0.106452 
0.235065 0.085714 0.001299 0.001299 0.676623 
0.001471 0.670588 0.023529 0.008824 0.295588 
0.653571 0.019643 0.135714 0.189286 0.001786 
0.888660 0.074227 0.012371 0.022680 0.002062 
0.103185 0.644586 0.001274 0.249682 0.001274 
0.847423 0.002062 0.002062 0.002062 0.146392 
0.669519 0.134759 0.001070 0.059893 0.134759 
0.082927 0.383740 0.001626 0.009756 0.521951 
0.001053 0.632632 0.143158 0.222105 0.001053 
0.001770 0.364602 0.621239 0.001770 0.010619 
0.021192 0.564238 0.405298 0.007947 0.001325 
0.120635 0.168254 0.263492 0.446032 0.001587 
0.023704 0.001481 0.105185 0.764444 0.105185 
0.001408 0.550704 0.128169 0.001408 0.318310 
0.686857 0.001143 0.001143 0.309714 0.001143 
0.204040 0.012121 0.375758 0.002020 0.406061 
0.008219 0.097260 0.001370 0.884932 0.008219 
0.260577 0.015385 0.000962 0.722115 0.000962 
0.007453 0.013665 0.019876 0.920497 0.038509 
0.520000 0.001481 0.090370 0.023704 0.364444 
0.305063 0.001266 0.007595 0.013924 0.672152 
0.980220 0.002198 0.013187 0.002198 0.002198 
0.977778 0.001170 0.001170 0.007018 0.012865 
0.001075 0.124731 0.017204 0.850538 0.006452 
0.862609 0.001739 0.001739 0.001739 0.132174 
0.074453 0.001460 0.008759 0.906569 0.008759 
0.313761 0.001835 0.001835 0.680734 0.001835 
0.001205 0.019277 0.001205 0.109639 0.868675 
0.098913 0.006522 0.033696 0.001087 0.859783 
0.249635 0.001460 0.738686 0.008759 0.001460 
0.008276 0.001379 0.001379 0.022069 0.966897 
0.242308 0.030769 0.011538 0.040385 0.675000 
0.013953 0.002326 0.002326 0.932558 0.048837 
0.022222 0.522222 0.119444 0.216667 0.119444 
0.067066 0.384431 0.001198 0.150898 0.396407 
0.001342 0.249664 0.491275 0.142282 0.115436 
0.712048 0.001205 0.001205 0.001205 0.284337 
0.002222 0.002222 0.102222 0.368889 0.524444 
0.001333 0.348000 0.181333 0.001333 0.468000 
0.699083 0.001835 0.001835 0.001835 0.295413 
0.162212 0.166820 0.245161 0.157604 0.268203 
0.510714 0.010714 0.001786 0.385714 0.091071 
0.001058 0.053968 0.593651 0.001058 0.350265 
0.072258 0.330323 0.233548 0.349677 0.014194 
0.531624 0.001709 0.232479 0.232479 0.001709 
0.001942 0.001942 0.021359 0.225243 0.749515 
0.001105 0.426519 0.023204 0.017680 0.531492 
0.006818 0.398864 0.200000 0.228409 0.165909 
0.016923 0.001538 0.524615 0.001538 0.455385 
0.010619 0.612389 0.019469 0.001770 0.355752 
0.001493 0.180597 0.076119 0.740299 0.001493 
0.008571 0.030000 0.058571 0.001429 0.901429 
0.000980 0.221569 0.020588 0.000980 0.755882 
0.278889 0.006667 0.128889 0.001111 0.584444 
0.000901 0.000901 0.000901 0.000901 0.996396 
0.002020 0.032323 0.012121 0.951515 0.002020 
0.866165 0.001504 0.009023 0.114286 0.009023 
0.292715 0.001325 0.094040 0.610596 0.001325 
0.169231 0.043357 0.379021 0.386014 0.022378 
0.001754 0.089474 0.010526 0.019298 0.878947 
0.543119 0.020183 0.332110 0.102752 0.001835 
0.121600 0.001600 0.609600 0.033600 0.233600 
0.001198 0.001198 0.240719 0.013174 0.743713 
0.001575 0.001575 0.001575 0.096063 0.899213 
0.023656 0.055914 0.464516 0.002151 0.453763 
0.168254 0.001587 0.009524 0.001587 0.819048 
0.172368 0.448684 0.060526 0.001316 0.317105 
0.176224 0.001399 0.001399 0.071329 0.749650 
0.087861 0.082081 0.001156 0.001156 0.827746 
0.291935 0.308065 0.122581 0.114516 0.162903 
0.020915 0.007843 0.360784 0.301961 0.308497 
0.001282 0.001282 0.276923 0.155128 0.565385 
0.001351 0.562162 0.075676 0.339189 0.021622 
0.044828 0.053448 0.820690 0.053448 0.027586 
0.002899 0.002899 0.278261 0.655072 0.060870 
0.001550 0.001550 0.652713 0.226357 0.117829 
0.001504 0.001504 0.460150 0.535338 0.001504 
0.001026 0.554872 0.077949 0.113846 0.252308 
0.266667 0.001709 0.001709 0.035897 0.694017 
0.304828 0.001379 0.028966 0.663448 0.001379 
0.033987 0.001307 0.033987 0.001307 0.929412 
0.096063 0.088189 0.001575 0.001575 0.812598 
0.240000 0.001290 0.278710 0.001290 0.478710 
0.249711 0.660116 0.001156 0.001156 0.087861 
0.001770 0.001770 0.338053 0.594690 0.063717 
0.001439 0.001439 0.008633 0.001439 0.987050 
0.075000 0.002083 0.022917 0.554167 0.345833 
0.013636 0.013636 0.854545 0.002273 0.115909 
0.189714 0.001143 0.006857 0.001143 0.801143 
0.001739 0.001739 0.001739 0.662609 0.332174 
0.330964 0.001015 0.011168 0.001015 0.655838 
0.001439 0.044604 0.001439 0.001439 0.951079 
0.006977 0.030233 0.274419 0.001163 0.687209 
0.012903 0.002151 0.002151 0.787097 0.195699 
0.001042 0.001042 0.006250 0.157292 0.834375 
0.001515 0.001515 0.190909 0.001515 0.804545 
0.993162 0.001709 0.001709 0.001709 0.001709 
0.206061 0.001515 0.183333 0.100000 0.509091 
0.228221 0.001227 0.001227 0.001227 0.768098 
0.001681 0.447059 0.211765 0.287395 0.052101 
0.335185 0.001852 0.001852 0.557407 0.103704 
0.001156 0.342197 0.001156 0.001156 0.654335 
0.002326 0.537209 0.153488 0.002326 0.304651 
0.045217 0.062609 0.697391 0.166957 0.027826 
0.389552 0.105970 0.001493 0.202985 0.300000 
0.001563 0.001563 0.954688 0.032813 0.009375 
0.001439 0.015827 0.051799 0.001439 0.929496 
0.089412 0.454118 0.377647 0.001176 0.077647 
0.671277 0.320213 0.006383 0.001064 0.001064 
0.001418 0.015603 0.001418 0.015603 0.965957 
0.193600 0.001600 0.305600 0.249600 0.249600 
0.057143 0.001020 0.006122 0.194898 0.740816 
0.013415 0.001220 0.110976 0.117073 0.757317 
0.127044 0.001258 0.001258 0.831447 0.038994 
0.009231 0.701538 0.001538 0.001538 0.286154 
0.001370 0.391781 0.275342 0.247945 0.083562 
0.387586 0.008276 0.601379 0.001379 0.001379 
0.327551 0.001020 0.194898 0.317347 0.159184 
0.005634 0.414085 0.390610 0.005634 0.184038 
0.454688 0.009375 0.001563 0.509375 0.025000 
0.886154 0.001538 0.109231 0.001538 0.001538 
0.410101 0.001010 0.006061 0.006061 0.576768 
0.158904 0.001370 0.001370 0.008219 0.830137 
0.235937 0.110937 0.040625 0.282813 0.329688 
0.182609 0.001449 0.131884 0.660870 0.023188 
0.262185 0.043697 0.018487 0.673950 0.001681 
0.077241 0.001379 0.711724 0.001379 0.208276 
0.005854 0.396098 0.176585 0.000976 0.420488 
0.986861 0.008759 0.001460 0.001460 0.001460 
0.002381 0.026190 0.669048 0.276190 0.026190 
0.909278 0.002062 0.002062 0.084536 0.002062 
0.001739 0.001739 0.880000 0.036522 0.080000 
0.050000 0.086585 0.001220 0.001220 0.860976 
0.010000 0.001667 0.218333 0.035000 0.735000 
0.001333 0.041333 0.028000 0.921333 0.008000 
0.020192 0.375962 0.601923 0.000962 0.000962 
0.000803 0.000803 0.000803 0.081124 0.916466 
0.001370 0.172603 0.213699 0.563014 0.049315 
0.001754 0.449123 0.063158 0.001754 0.484211 
0.001439 0.001439 0.145324 0.008633 0.843165 
0.278095 0.011429 0.001905 0.040000 0.668571 
0.001527 0.001527 0.299237 0.009160 0.688550 
0.001493 0.001493 0.001493 0.001493 0.994030 
0.002041 0.165306 0.348980 0.022449 0.461224 
0.001124 0.006742 0.141573 0.293258 0.557303 
0.016176 0.927941 0.008824 0.001471 0.045588 
0.002899 0.002899 0.002899 0.988406 0.002899 
0.294949 0.022222 0.658586 0.002020 0.022222 
0.000851 0.000851 0.256170 0.192340 0.549787 
0.759236 0.020382 0.001274 0.001274 0.217834 
0.006742 0.613483 0.377528 0.001124 0.001124 
0.000870 0.070435 0.213913 0.061739 0.653043 
0.984211 0.001754 0.010526 0.001754 0.001754 
0.001709 0.001709 0.010256 0.326496 0.659829 
0.001258 0.007547 0.038994 0.950943 0.001258 
0.030882 0.707353 0.163235 0.008824 0.089706 
0.009677 0.243548 0.001613 0.001613 0.743548 
0.992233 0.001942 0.001942 0.001942 0.001942 
0.077419 0.002151 0.432258 0.002151 0.486022 
0.001887 0.001887 0.379245 0.001887 0.615094 
0.501429 0.001429 0.144286 0.351429 0.001429 
0.001290 0.265806 0.349677 0.001290 0.381935 
0.092958 0.001408 0.078873 0.001408 0.825352 
0.597849 0.183871 0.006452 0.001075 0.210753 
0.009836 0.001639 0.255738 0.001639 0.731148 
0.044068 0.425424 0.527119 0.001695 0.001695 
0.001370 0.131507 0.556164 0.001370 0.309589 
0.338554 0.501205 0.001205 0.001205 0.157831 
0.000922 0.157604 0.005530 0.000922 0.835023 
0.262112 0.038509 0.019876 0.001242 0.678261 
0.001667 0.001667 0.051667 0.943333 0.001667 
0.046617 0.415038 0.166917 0.159398 0.212030 
0.100000 0.001961 0.001961 0.001961 0.894118 
0.783099 0.001408 0.001408 0.212676 0.001408 
0.001563 0.509375 0.306250 0.001563 0.181250 
0.137600 0.017600 0.001600 0.729600 0.113600 
0.001852 0.001852 0.390741 0.001852 0.603704 
0.596203 0.001266 0.134177 0.165823 0.102532 
0.131073 0.001130 0.012429 0.848588 0.006780 
0.001087 0.588043 0.256522 0.098913 0.055435 
0.007843 0.498039 0.001307 0.073203 0.419608 
0.101176 0.001176 0.130588 0.118824 0.648235 
0.016418 0.270149 0.688060 0.016418 0.008955 
0.359596 0.001010 0.248485 0.081818 0.309091 
0.675248 0.051485 0.001980 0.269307 0.001980 
0.628966 0.008276 0.042759 0.001379 0.318621 
0.002299 0.002299 0.381609 0.048276 0.565517 
0.103401 0.001361 0.001361 0.892517 0.001361 
0.320354 0.081416 0.594690 0.001770 0.001770 
0.556000 0.011000 0.001000 0.006000 0.426000 
0.069173 0.001504 0.001504 0.009023 0.918797 
0.230556 0.001389 0.001389 0.001389 0.765278 
0.992857 0.001786 0.001786 0.001786 0.001786 
0.001105 0.503867 0.012155 0.481768 0.001105 
0.001754 0.229825 0.642105 0.001754 0.124561 
0.001639 0.001639 0.181967 0.108197 0.706557 
0.001905 0.001905 0.049524 0.459048 0.487619 
0.001709 0.172650 0.001709 0.001709 0.822222 
0.029213 0.006742 0.158427 0.001124 0.804494 
0.001389 0.001389 0.216667 0.015278 0.765278 
0.007547 0.001258 0.020126 0.957233 0.013836 
0.042857 0.001190 0.554762 0.298810 0.102381 
0.009302 0.024806 0.001550 0.660465 0.303876 
0.050617 0.427160 0.328395 0.192593 0.001235 
0.046847 0.470270 0.001802 0.470270 0.010811 
0.001724 0.001724 0.053448 0.001724 0.941379 
0.139130 0.255072 0.001449 0.001449 0.602899 
0.063889 0.001389 0.001389 0.931944 0.001389 
0.001739 0.132174 0.001739 0.071304 0.793043 
0.001515 0.546970 0.243939 0.001515 0.206061 
0.015172 0.435862 0.525517 0.008276 0.015172 
0.036207 0.001724 0.587931 0.001724 0.372414 
0.188235 0.090196 0.050980 0.001961 0.668627 
0.002353 0.378824 0.002353 0.472941 0.143529 
0.004255 0.408511 0.046809 0.472340 0.068085 
0.001681 0.001681 0.354622 0.640336 0.001681 
0.010084 0.379832 0.186555 0.421849 0.001681 
0.216667 0.418056 0.077778 0.001389 0.286111 
0.095312 0.001563 0.212500 0.329688 0.360938 
0.069663 0.035955 0.002247 0.889888 0.002247 
0.001639 0.132787 0.001639 0.009836 0.854098 
0.033071 0.592126 0.371654 0.001575 0.001575 
0.524183 0.001307 0.086275 0.001307 0.386928 
0.242953 0.001342 0.008054 0.061745 0.685906 
0.445161 0.009677 0.501613 0.041935 0.001613 
0.001266 0.349367 0.374684 0.260759 0.013924 
0.753383 0.001504 0.151880 0.001504 0.091729 
0.018182 0.001653 0.431405 0.001653 0.547107 
0.098507 0.247761 0.016418 0.016418 0.620896 
0.002326 0.246512 0.641860 0.106977 0.002326 
0.181250 0.001563 0.017188 0.001563 0.798438 
0.001274 0.236943 0.408917 0.014013 0.338854 
0.282243 0.366355 0.001869 0.207477 0.142056 
0.019162 0.318563 0.001198 0.001198 0.659880 
0.002000 0.072000 0.012000 0.012000 0.902000 
0.001111 0.517778 0.006667 0.295556 0.178889 
0.001869 0.001869 0.001869 0.955140 0.039252 
0.043836 0.002740 0.126027 0.030137 0.797260 
0.002299 0.002299 0.002299 0.002299 0.990805 
0.001493 0.740299 0.001493 0.001493 0.255224 
0.126316 0.080263 0.244737 0.007895 0.540789 
0.031068 0.001942 0.302913 0.001942 0.662136 
0.000995 0.045771 0.438806 0.140299 0.374129 
0.213333 0.324444 0.168889 0.291111 0.002222 
0.010000 0.010000 0.268333 0.010000 0.701667 
0.001070 0.354011 0.006417 0.001070 0.637433 
0.001538 0.024615 0.563077 0.332308 0.078462 
0.543902 0.001220 0.001220 0.001220 0.452439 
0.001639 0.206557 0.550820 0.231148 0.009836 
0.001527 0.001527 0.558779 0.200000 0.238168 
0.002439 0.002439 0.368293 0.624390 0.002439 
0.020192 0.222115 0.000962 0.750962 0.005769 
0.887425 0.001198 0.102994 0.007186 0.001198 
0.084722 0.001389 0.112500 0.800000 0.001389 
0.262687 0.001493 0.732836 0.001493 0.001493 
0.001961 0.580392 0.001961 0.021569 0.394118 
