0.208537 0.001220 0.745122 0.043902 0.001220 
0.001460 0.001460 0.176642 0.818978 0.001460 
0.001176 0.865882 0.083529 0.042353 0.007059 
0.780882 0.104412 0.111765 0.001471 0.001471 
0.444286 0.008571 0.301429 0.001429 0.244286 
0.162000 0.002000 0.542000 0.292000 0.002000 
0.175652 0.001739 0.488696 0.332174 0.001739 
0.384397 0.157447 0.150355 0.008511 0.299291 
0.239456 0.028571 0.525170 0.001361 0.205442 
0.001695 0.603390 0.001695 0.391525 0.001695 
0.366467 0.001198 0.001198 0.162874 0.468263 
0.075000 0.802273 0.120455 0.001136 0.001136 
0.008696 0.182609 0.001449 0.001449 0.805797 
0.043056 0.001389 0.001389 0.938889 0.015278 
0.346479 0.149296 0.001408 0.001408 0.501408 
0.001587 0.628571 0.033333 0.017460 0.319048 
0.552727 0.376970 0.061818 0.001212 0.007273 
0.020645 0.001290 0.594839 0.001290 0.381935 
0.387156 0.011009 0.561468 0.001835 0.038532 
0.956716 0.023881 0.001493 0.016418 0.001493 
0.453097 0.001770 0.001770 0.001770 0.541593 
0.278462 0.293846 0.001538 0.009231 0.416923 
0.001227 0.001227 0.111656 0.001227 0.884663 
0.347977 0.001156 0.012717 0.001156 0.636994 
0.001802 0.001802 0.992793 0.001802 0.001802 
0.852903 0.014194 0.001290 0.130323 0.001290 
0.845946 0.001351 0.075676 0.008108 0.068919 
0.002020 0.002020 0.012121 0.951515 0.032323 
0.001852 0.529630 0.307407 0.159259 0.001852 
0.747619 0.001587 0.065079 0.041270 0.144444 
0.602454 0.019632 0.185276 0.093252 0.099387 
0.751351 0.001351 0.001351 0.001351 0.244595 
0.084314 0.398039 0.000980 0.000980 0.515686 
0.561850 0.001156 0.428902 0.001156 0.006936 
0.517460 0.057143 0.009524 0.406349 0.009524 
0.001942 0.001942 0.001942 0.895146 0.099029 
0.993750 0.001563 0.001563 0.001563 0.001563 
0.025397 0.311111 0.088889 0.001587 0.573016 
0.002198 0.002198 0.002198 0.485714 0.507692 
0.801538 0.001538 0.001538 0.186154 0.009231 
0.001869 0.039252 0.001869 0.011215 0.945794 
0.001361 0.674830 0.008163 0.178231 0.137415 
0.024719 0.002247 0.002247 0.215730 0.755056 
0.179259 0.075556 0.001481 0.742222 0.001481 
0.001266 0.007595 0.203797 0.039241 0.748101 
0.176037 0.503226 0.083871 0.000922 0.235945 
0.238182 0.129091 0.001818 0.629091 0.001818 
0.262564 0.524103 0.001026 0.001026 0.211282 
0.195152 0.001212 0.528485 0.001212 0.273939 
0.083495 0.000971 0.782524 0.127184 0.005825 
0.001258 0.240252 0.001258 0.655346 0.101887 
0.001709 0.634188 0.027350 0.223932 0.112821 
0.001504 0.362406 0.001504 0.309774 0.324812 
0.444248 0.001770 0.001770 0.461947 0.090265 
0.037168 0.010619 0.001770 0.001770 0.948673 
0.001667 0.035000 0.768333 0.001667 0.193333 
0.063265 0.032653 0.022449 0.706122 0.175510 
0.006316 0.090526 0.869474 0.032632 0.001053 
0.245045 0.001802 0.731532 0.001802 0.019820 
0.001235 0.507407 0.272840 0.001235 0.217284 
0.138356 0.001370 0.090411 0.419178 0.350685 
0.554802 0.340113 0.001130 0.001130 0.102825 
0.280829 0.374093 0.011399 0.001036 0.332642 
0.001316 0.086842 0.225000 0.001316 0.685526 
0.722059 0.192647 0.023529 0.038235 0.023529 
0.044604 0.728058 0.001439 0.080576 0.145324 
0.119685 0.001575 0.072441 0.804724 0.001575 
0.001639 0.591803 0.370492 0.001639 0.034426 
0.611864 0.001695 0.018644 0.366102 0.001695 
0.114970 0.623952 0.013174 0.097006 0.150898 
0.001460 0.132847 0.527007 0.001460 0.337226 
0.489600 0.001600 0.497600 0.009600 0.001600 
0.419130 0.001739 0.019130 0.010435 0.549565 
0.001399 0.420979 0.455944 0.001399 0.120280 
0.001242 0.001242 0.255901 0.007453 0.734161 
0.189262 0.048322 0.296644 0.397315 0.068456 
0.186555 0.161345 0.001681 0.287395 0.363025 
0.490226 0.001504 0.016541 0.001504 0.490226 
0.396330 0.001835 0.469725 0.001835 0.130275 
0.029630 0.001852 0.233333 0.696296 0.038889 
0.807407 0.011111 0.177778 0.001852 0.001852 
0.263830 0.519149 0.001418 0.214184 0.001418 
0.668217 0.226357 0.102326 0.001550 0.001550 
0.001087 0.001087 0.196739 0.577174 0.223913 
0.242759 0.001379 0.022069 0.091034 0.642759 
0.391195 0.353459 0.158491 0.001258 0.095597 
0.635000 0.043333 0.001667 0.318333 0.001667 
0.754217 0.001205 0.085542 0.001205 0.157831 
0.362000 0.462000 0.032000 0.122000 0.022000 
0.394667 0.361333 0.001333 0.001333 0.241333 
0.001429 0.208571 0.222857 0.565714 0.001429 
0.334752 0.412766 0.015603 0.079433 0.157447 
0.001031 0.253608 0.619588 0.001031 0.124742 
0.729293 0.052525 0.012121 0.204040 0.002020 
0.493220 0.238983 0.001695 0.264407 0.001695 
0.001290 0.336774 0.052903 0.498065 0.110968 
0.001429 0.001429 0.972857 0.022857 0.001429 
0.001227 0.995092 0.001227 0.001227 0.001227 
0.001770 0.001770 0.028319 0.010619 0.957522 
0.121143 0.258286 0.029714 0.435429 0.155429 
0.422703 0.087568 0.022703 0.001081 0.465946 
0.001418 0.015603 0.533333 0.001418 0.448227 
0.001361 0.021769 0.205442 0.770068 0.001361 
0.002353 0.120000 0.072941 0.014118 0.790588 
0.001307 0.328105 0.099346 0.243137 0.328105 
0.083562 0.686301 0.001370 0.063014 0.165753 
0.079739 0.014379 0.184314 0.720261 0.001307 
0.182500 0.001250 0.607500 0.007500 0.201250 
0.020370 0.455556 0.020370 0.001852 0.501852 
0.378947 0.107018 0.001754 0.510526 0.001754 
0.082883 0.127928 0.362162 0.425225 0.001802 
0.622222 0.001307 0.118954 0.007843 0.249673 
0.148315 0.047191 0.002247 0.800000 0.002247 
0.001575 0.773228 0.017323 0.206299 0.001575 
0.098246 0.001754 0.019298 0.870175 0.010526 
0.100990 0.001980 0.001980 0.833663 0.061386 
0.001439 0.490647 0.145324 0.001439 0.361151 
0.171951 0.171951 0.232927 0.074390 0.348780 
0.001515 0.213636 0.001515 0.774242 0.009091 
0.038503 0.022460 0.011765 0.001070 0.926203 
0.030657 0.001460 0.118248 0.548905 0.300730 
0.001550 0.063566 0.520930 0.001550 0.412403 
0.400000 0.107317 0.001626 0.408130 0.082927 
0.091667 0.841667 0.008333 0.001389 0.056944 
0.001770 0.001770 0.019469 0.975221 0.001770 
0.437143 0.051429 0.001429 0.465714 0.044286 
0.027273 0.390909 0.014286 0.001299 0.566234 
0.610938 0.001563 0.009375 0.267188 0.110937 
0.791304 0.052174 0.001449 0.001449 0.153623 
0.154839 0.001613 0.840323 0.001613 0.001613 
0.026016 0.042276 0.164228 0.009756 0.757724 
0.001770 0.373451 0.453097 0.001770 0.169912 
0.094286 0.615714 0.080000 0.201429 0.008571 
0.001299 0.553247 0.248052 0.001299 0.196104 
0.072727 0.079221 0.001299 0.007792 0.838961 
0.780531 0.001770 0.028319 0.019469 0.169912 
0.314286 0.001361 0.001361 0.001361 0.681633 
0.002020 0.062626 0.002020 0.921212 0.012121 
0.002597 0.002597 0.002597 0.729870 0.262338 
0.018079 0.001130 0.616949 0.001130 0.362712 
0.428931 0.001258 0.120755 0.001258 0.447799 
0.001515 0.221212 0.130303 0.001515 0.645455 
0.008824 0.501471 0.001471 0.486765 0.001471 
0.383951 0.161728 0.297531 0.143210 0.013580 
0.001626 0.001626 0.213008 0.481301 0.302439 
0.030000 0.065714 0.001429 0.072857 0.830000 
0.392771 0.001205 0.121687 0.001205 0.483133 
0.081720 0.409677 0.038710 0.001075 0.468817 
0.051667 0.001667 0.243333 0.701667 0.001667 
0.009160 0.490076 0.001527 0.238168 0.261069 
0.751389 0.001389 0.223611 0.001389 0.022222 
0.014379 0.792157 0.001307 0.190850 0.001307 
0.001481 0.127407 0.001481 0.001481 0.868148 
0.001481 0.001481 0.949630 0.008889 0.038519 
0.504459 0.084076 0.396178 0.014013 0.001274 
0.032813 0.001563 0.001563 0.759375 0.204687 
0.330070 0.204196 0.434965 0.029371 0.001399 
0.424161 0.028188 0.001342 0.524832 0.021477 
0.237838 0.048649 0.197297 0.508108 0.008108 
0.068657 0.702985 0.202985 0.016418 0.008955 
0.604762 0.001587 0.001587 0.366667 0.025397 
0.371171 0.172973 0.001802 0.452252 0.001802 
0.015068 0.391781 0.254795 0.001370 0.336986 
0.141085 0.001550 0.001550 0.854264 0.001550 
0.581679 0.001527 0.169466 0.001527 0.245802 
0.001408 0.585915 0.001408 0.001408 0.409859 
0.355385 0.009231 0.416923 0.209231 0.009231 
0.002817 0.002817 0.002817 0.974648 0.016901 
0.002041 0.002041 0.185714 0.797959 0.012245 
0.007947 0.001325 0.438411 0.027815 0.524503 
0.780791 0.080226 0.131073 0.001130 0.006780 
0.520370 0.474074 0.001852 0.001852 0.001852 
0.162581 0.833548 0.001290 0.001290 0.001290 
0.130693 0.120792 0.100990 0.130693 0.516832 
0.001081 0.071351 0.925405 0.001081 0.001081 
0.440000 0.001538 0.009231 0.086154 0.463077 
0.884672 0.110949 0.001460 0.001460 0.001460 
0.491613 0.001290 0.001290 0.498065 0.007742 
0.008163 0.715646 0.001361 0.219048 0.055782 
0.050820 0.272131 0.460656 0.001639 0.214754 
0.944715 0.001626 0.001626 0.050407 0.001626 
0.189286 0.537500 0.019643 0.216071 0.037500 
0.556303 0.186555 0.010084 0.211765 0.035294 
0.019130 0.184348 0.010435 0.027826 0.758261 
0.588571 0.002857 0.045714 0.002857 0.360000 
0.132609 0.002174 0.002174 0.850000 0.013043 
0.763536 0.211050 0.001105 0.023204 0.001105 
0.029371 0.001399 0.008392 0.868531 0.092308 
0.001163 0.006977 0.803488 0.001163 0.187209 
0.008451 0.184507 0.318310 0.487324 0.001408 
0.001307 0.158170 0.079739 0.759477 0.001307 
0.308108 0.001802 0.001802 0.272072 0.416216 
0.179259 0.090370 0.208889 0.520000 0.001481 
0.037143 0.572857 0.001429 0.044286 0.344286 
0.102532 0.336709 0.248101 0.222785 0.089873 
0.157225 0.411561 0.001156 0.001156 0.428902 
0.016058 0.424818 0.169343 0.191241 0.198540 
0.001449 0.697101 0.160870 0.059420 0.081159 
0.649296 0.001408 0.085915 0.240845 0.022535 
0.435000 0.010000 0.001667 0.201667 0.351667 
0.001905 0.011429 0.078095 0.906667 0.001905 
0.409259 0.020370 0.159259 0.011111 0.400000 
0.002500 0.052500 0.002500 0.202500 0.740000 
0.293204 0.264078 0.001942 0.001942 0.438835 
0.001575 0.009449 0.387402 0.009449 0.592126 
0.046452 0.788387 0.046452 0.001290 0.117419 
0.314504 0.001527 0.612214 0.070229 0.001527 
0.046591 0.410227 0.455682 0.080682 0.006818 
0.139216 0.031373 0.001961 0.825490 0.001961 
0.020779 0.007792 0.377922 0.163636 0.429870 
0.096226 0.105660 0.162264 0.011321 0.624528 
0.001282 0.103846 0.552564 0.001282 0.341026 
0.285039 0.277165 0.001575 0.434646 0.001575 
0.008451 0.480282 0.247887 0.254930 0.008451 
0.212048 0.097590 0.621687 0.067470 0.001205 
0.001258 0.001258 0.982390 0.013836 0.001258 
0.065714 0.201429 0.401429 0.001429 0.330000 
0.162903 0.033871 0.783871 0.001613 0.017742 
0.001942 0.001942 0.730097 0.205825 0.060194 
0.002062 0.321649 0.053608 0.620619 0.002062 
0.153672 0.797740 0.001130 0.029379 0.018079 
0.024242 0.039394 0.115152 0.001515 0.819697 
0.665734 0.001399 0.316084 0.001399 0.015385 
0.447692 0.001538 0.524615 0.024615 0.001538 
0.107801 0.058156 0.001418 0.653901 0.178723 
0.295413 0.194495 0.001835 0.506422 0.001835 
0.021359 0.361165 0.234951 0.050485 0.332039 
0.249704 0.178698 0.415385 0.042604 0.113609 
0.001527 0.001527 0.001527 0.825954 0.169466 
0.586441 0.035593 0.069492 0.018644 0.289831 
0.525517 0.360000 0.001379 0.111724 0.001379 
0.492973 0.390270 0.109189 0.006486 0.001081 
0.338318 0.020561 0.001869 0.450467 0.188785 
0.001342 0.001342 0.464430 0.001342 0.531544 
0.301333 0.008000 0.401333 0.008000 0.281333 
0.032323 0.163636 0.466667 0.002020 0.335354 
0.001587 0.438095 0.001587 0.549206 0.009524 
0.001550 0.234109 0.683721 0.001550 0.079070 
0.398830 0.597661 0.001170 0.001170 0.001170 
0.061446 0.440964 0.079518 0.001205 0.416867 
0.574825 0.323077 0.099301 0.001399 0.001399 
0.308163 0.002041 0.002041 0.614286 0.073469 
0.034066 0.621978 0.330769 0.012088 0.001099 
0.548649 0.014865 0.291892 0.001351 0.143243 
0.147368 0.650292 0.001170 0.001170 0.200000 
0.243103 0.070690 0.156897 0.432759 0.096552 
0.480822 0.008219 0.021918 0.487671 0.001370 
0.654667 0.001333 0.154667 0.188000 0.001333 
0.182418 0.001099 0.127473 0.001099 0.687912 
0.139655 0.148276 0.053448 0.001724 0.656897 
0.273529 0.001471 0.427941 0.001471 0.295588 
0.203509 0.326316 0.010526 0.115789 0.343860 
0.168862 0.001198 0.486228 0.001198 0.342515 
0.306316 0.001053 0.001053 0.680000 0.011579 
0.020382 0.848408 0.122293 0.001274 0.007643 
0.376190 0.001190 0.007143 0.001190 0.614286 
0.008276 0.573793 0.380690 0.028966 0.008276 
0.023022 0.001439 0.821583 0.058993 0.094964 
0.001227 0.001227 0.988957 0.007362 0.001227 
0.154601 0.001227 0.553374 0.001227 0.289571 
0.300000 0.040385 0.655769 0.001923 0.001923 
0.933333 0.002299 0.002299 0.059770 0.002299 
0.008824 0.008824 0.008824 0.619118 0.354412 
0.001550 0.017054 0.536434 0.001550 0.443411 
0.001429 0.001429 0.201429 0.787143 0.008571 
0.703546 0.001418 0.008511 0.001418 0.285106 
0.002083 0.095833 0.012500 0.887500 0.002083 
0.357009 0.160748 0.001869 0.048598 0.431776 
0.422857 0.408571 0.008571 0.158571 0.001429 
0.007229 0.904819 0.073494 0.001205 0.013253 
0.043158 0.074737 0.006316 0.853684 0.022105 
0.051899 0.039241 0.102532 0.083544 0.722785 
0.286179 0.269919 0.009756 0.432520 0.001626 
0.001342 0.061745 0.182550 0.726174 0.028188 
0.751515 0.243939 0.001515 0.001515 0.001515 
0.010811 0.136937 0.416216 0.001802 0.434234 
0.110870 0.002174 0.034783 0.839130 0.013043 
0.099422 0.290173 0.151445 0.411561 0.047399 
0.834783 0.001449 0.001449 0.073913 0.088406 
0.001613 0.308065 0.009677 0.154839 0.525806 
0.132026 0.001307 0.864052 0.001307 0.001307 
0.001626 0.017886 0.001626 0.375610 0.603252 
0.001980 0.506931 0.011881 0.130693 0.348515 
0.745133 0.001770 0.001770 0.107965 0.143363 
0.001429 0.672857 0.315714 0.001429 0.008571 
0.939310 0.056552 0.001379 0.001379 0.001379 
0.001739 0.010435 0.001739 0.419130 0.566957 
0.001754 0.238596 0.466667 0.001754 0.291228 
0.083019 0.498113 0.007547 0.410063 0.001258 
0.001299 0.942857 0.001299 0.053247 0.001299 
0.078632 0.027350 0.001709 0.164103 0.728205 
0.001563 0.009375 0.001563 0.353125 0.634375 
0.001587 0.914286 0.009524 0.049206 0.025397 
0.002041 0.002041 0.012245 0.981633 0.002041 
0.407487 0.022460 0.001070 0.001070 0.567914 
0.001961 0.482353 0.090196 0.001961 0.423529 
0.001613 0.017742 0.517742 0.453226 0.009677 
0.031429 0.017143 0.002857 0.002857 0.945714 
0.001235 0.130864 0.001235 0.865432 0.001235 
0.089051 0.300730 0.607299 0.001460 0.001460 
0.008333 0.418056 0.508333 0.001389 0.063889 
0.484768 0.100662 0.001325 0.001325 0.411921 
0.001399 0.057343 0.001399 0.931469 0.008392 
0.495402 0.133333 0.070115 0.300000 0.001149 
0.031818 0.175758 0.001515 0.145455 0.645455 
0.001408 0.001408 0.177465 0.818310 0.001408 
0.002062 0.012371 0.002062 0.981443 0.002062 
0.578378 0.001802 0.317117 0.055856 0.046847 
0.163077 0.155385 0.009231 0.670769 0.001538 
0.017323 0.765354 0.159055 0.056693 0.001575 
0.049198 0.006417 0.011765 0.931551 0.001070 
0.001005 0.397990 0.598995 0.001005 0.001005 
0.060927 0.034437 0.001325 0.901987 0.001325 
0.001942 0.079612 0.001942 0.914563 0.001942 
0.001205 0.561446 0.236145 0.200000 0.001205 
0.015603 0.058156 0.043972 0.497872 0.384397 
0.093333 0.001667 0.835000 0.010000 0.060000 
0.043810 0.058095 0.243810 0.529524 0.124762 
0.016923 0.016923 0.832308 0.132308 0.001538 
0.589916 0.001681 0.001681 0.405042 0.001681 
0.112418 0.001307 0.282353 0.001307 0.602614 
0.131481 0.038889 0.001852 0.825926 0.001852 
0.051977 0.001130 0.001130 0.012429 0.933333 
0.007692 0.328205 0.039744 0.270513 0.353846 
0.222034 0.238983 0.052542 0.001695 0.484746 
0.010811 0.668468 0.001802 0.046847 0.272072 
0.642697 0.013483 0.002247 0.339326 0.002247 
0.001087 0.544565 0.060870 0.001087 0.392391 
0.001538 0.109231 0.040000 0.832308 0.016923 
0.131884 0.001449 0.153623 0.414493 0.298551 
0.656115 0.317986 0.001439 0.023022 0.001439 
0.674866 0.006417 0.038503 0.279144 0.001070 
0.031111 0.001481 0.801481 0.164444 0.001481 
0.001351 0.014865 0.224324 0.001351 0.758108 
0.413750 0.001250 0.026250 0.001250 0.557500 
0.001220 0.019512 0.928049 0.013415 0.037805 
0.303448 0.234483 0.105172 0.001724 0.355172 
0.001130 0.797740 0.193220 0.001130 0.006780 
0.081416 0.125664 0.364602 0.373451 0.054867 
0.747368 0.001754 0.010526 0.238596 0.001754 
0.021333 0.068000 0.394667 0.181333 0.334667 
0.186667 0.342222 0.001481 0.001481 0.468148 
0.001117 0.006704 0.235754 0.006704 0.749721 
0.068333 0.001667 0.518333 0.018333 0.393333 
0.094118 0.001681 0.665546 0.001681 0.236975 
0.040789 0.007895 0.132895 0.001316 0.817105 
0.720988 0.009053 0.000823 0.264198 0.004938 
0.001504 0.257143 0.061654 0.332331 0.347368 
0.000971 0.831068 0.000971 0.005825 0.161165 
0.107801 0.526241 0.164539 0.072340 0.129078 
0.379882 0.001183 0.149112 0.007101 0.462722 
0.011009 0.001835 0.102752 0.855046 0.029358 
0.935294 0.001471 0.001471 0.001471 0.060294 
0.298065 0.007742 0.001290 0.001290 0.691613 
0.051977 0.125424 0.006780 0.814689 0.001130 
0.786916 0.198131 0.011215 0.001869 0.001869 
0.853125 0.142187 0.001563 0.001563 0.001563 
0.001333 0.034667 0.521333 0.001333 0.441333 
0.577483 0.047682 0.001325 0.372185 0.001325 
0.032308 0.032308 0.001538 0.847692 0.086154 
0.339189 0.400000 0.258108 0.001351 0.001351 
0.690541 0.001351 0.305405 0.001351 0.001351 
0.059016 0.001639 0.009836 0.796721 0.132787 
0.001342 0.598658 0.122148 0.108725 0.169128 
0.001242 0.616149 0.380124 0.001242 0.001242 
0.001250 0.213750 0.001250 0.032500 0.751250 
0.002020 0.002020 0.214141 0.769697 0.012121 
0.355294 0.355294 0.272941 0.014118 0.002353 
0.574390 0.056098 0.129268 0.062195 0.178049 
0.293750 0.002083 0.700000 0.002083 0.002083 
0.001538 0.247692 0.032308 0.716923 0.001538 
0.124171 0.702370 0.062559 0.043602 0.067299 
0.012766 0.012766 0.714894 0.076596 0.182979 
0.001471 0.075000 0.001471 0.920588 0.001471 
0.036047 0.030233 0.065116 0.861628 0.006977 
0.001481 0.105185 0.305185 0.120000 0.468148 
0.002532 0.002532 0.040506 0.268354 0.686076 
0.154054 0.433333 0.000901 0.410811 0.000901 
0.001242 0.001242 0.106832 0.889441 0.001242 
0.026582 0.096203 0.140506 0.406329 0.330380 
0.146512 0.844186 0.001163 0.006977 0.001163 
0.860976 0.123171 0.001220 0.007317 0.007317 
0.097143 0.020952 0.001905 0.001905 0.878095 
0.656637 0.063717 0.276106 0.001770 0.001770 
0.332450 0.001325 0.206623 0.001325 0.458278 
0.001053 0.237895 0.074737 0.001053 0.685263 
0.446452 0.001290 0.485161 0.001290 0.065806 
0.010169 0.315254 0.001695 0.018644 0.654237 
0.539785 0.034409 0.281720 0.002151 0.141935 
0.570803 0.008759 0.001460 0.329927 0.089051 
0.001695 0.001695 0.001695 0.993220 0.001695 
0.040385 0.415385 0.001923 0.001923 0.540385 
0.405263 0.212281 0.001754 0.335088 0.045614 
0.001460 0.016058 0.745985 0.235036 0.001460 
0.149296 0.205634 0.445070 0.001408 0.198592 
0.411282 0.483077 0.021538 0.001026 0.083077 
0.588430 0.026446 0.183471 0.001653 0.200000 
0.937975 0.045570 0.001266 0.001266 0.013924 
0.401538 0.493846 0.047692 0.055385 0.001538 
0.177778 0.001307 0.001307 0.458824 0.360784 
0.001504 0.001504 0.039098 0.956391 0.001504 
0.001653 0.001653 0.009917 0.034711 0.952066 
0.774026 0.001299 0.001299 0.222078 0.001299 
0.091729 0.460150 0.242105 0.204511 0.001504 
0.538318 0.085047 0.000935 0.000935 0.374766 
0.406897 0.018966 0.018966 0.553448 0.001724 
0.001235 0.124691 0.106173 0.001235 0.766667 
0.001626 0.017886 0.538211 0.001626 0.440650 
0.007143 0.144048 0.066667 0.001190 0.780952 
0.010526 0.010526 0.300000 0.001754 0.677193 
0.769863 0.002740 0.002740 0.221918 0.002740 
0.043386 0.609524 0.001058 0.318519 0.027513 
0.649296 0.022535 0.325352 0.001408 0.001408 
0.001754 0.642105 0.001754 0.001754 0.352632 
0.006857 0.486857 0.504000 0.001143 0.001143 
0.763380 0.002817 0.228169 0.002817 0.002817 
0.001563 0.251563 0.032813 0.681250 0.032813 
0.126857 0.001143 0.058286 0.001143 0.812571 
0.085915 0.043662 0.438028 0.367606 0.064789 
0.010256 0.164103 0.001709 0.822222 0.001709 
0.209396 0.766443 0.001342 0.008054 0.014765 
0.001389 0.022222 0.091667 0.001389 0.883333 
0.391525 0.027119 0.467797 0.111864 0.001695 
0.024806 0.001550 0.001550 0.629457 0.342636 
0.167949 0.007692 0.001282 0.001282 0.821795 
0.001613 0.162903 0.001613 0.114516 0.719355 
0.001587 0.001587 0.485714 0.001587 0.509524 
0.001942 0.380583 0.011650 0.011650 0.594175 
0.045000 0.001250 0.088750 0.032500 0.832500 
0.015278 0.001389 0.244444 0.015278 0.723611 
0.002128 0.002128 0.268085 0.002128 0.725532 
0.369325 0.001227 0.001227 0.001227 0.626994 
0.204196 0.106294 0.001399 0.686713 0.001399 
0.001980 0.031683 0.952475 0.001980 0.011881 
0.775723 0.134104 0.001156 0.001156 0.087861 
0.001818 0.347273 0.001818 0.647273 0.001818 
0.332283 0.497638 0.001575 0.009449 0.159055 
0.240000 0.001905 0.001905 0.725714 0.030476 
0.029630 0.001852 0.937037 0.001852 0.029630 
0.001064 0.001064 0.596809 0.001064 0.400000 
0.012632 0.002105 0.002105 0.370526 0.612632 
0.001504 0.467669 0.001504 0.527820 0.001504 
0.815254 0.001695 0.120339 0.001695 0.061017 
0.001460 0.001460 0.037956 0.300730 0.658394 
0.021333 0.001333 0.034667 0.001333 0.941333 
0.320690 0.053448 0.570690 0.044828 0.010345 
0.011892 0.001081 0.125405 0.001081 0.860541 
0.172857 0.001429 0.001429 0.001429 0.822857 
0.060194 0.001942 0.244660 0.535922 0.157282 
0.001724 0.294828 0.001724 0.700000 0.001724 
0.001835 0.377982 0.001835 0.616514 0.001835 
0.249635 0.001460 0.008759 0.738686 0.001460 
0.027350 0.377778 0.001709 0.010256 0.582906 
0.364706 0.011765 0.001961 0.511765 0.109804 
0.001099 0.550549 0.121978 0.001099 0.325275 
0.015942 0.037681 0.001449 0.305797 0.639130 
0.008571 0.001429 0.001429 0.001429 0.987143 
0.484211 0.000957 0.010526 0.010526 0.493780 
0.073016 0.422222 0.080952 0.422222 0.001587 
0.001802 0.001802 0.992793 0.001802 0.001802 
0.009917 0.208264 0.034711 0.001653 0.745455 
0.051799 0.001439 0.490647 0.001439 0.454676 
0.025000 0.703571 0.013095 0.114286 0.144048 
0.001575 0.403150 0.009449 0.001575 0.584252 
0.023529 0.001471 0.236765 0.464706 0.273529 
0.490244 0.002439 0.124390 0.014634 0.368293 
0.033333 0.238462 0.001282 0.341026 0.385897 
0.079070 0.040310 0.877519 0.001550 0.001550 
0.509524 0.001587 0.009524 0.001587 0.477778 
0.251429 0.008571 0.065714 0.001429 0.672857 
0.002247 0.451685 0.002247 0.002247 0.541573 
0.027632 0.369737 0.001316 0.007895 0.593421 
0.001290 0.007742 0.001290 0.046452 0.943226 
0.001563 0.001563 0.142187 0.009375 0.845313 
0.183636 0.020000 0.001818 0.083636 0.710909 
0.009677 0.098387 0.275806 0.009677 0.606452 
0.043836 0.002740 0.043836 0.824658 0.084932 
0.001515 0.001515 0.940909 0.046970 0.009091 
0.001130 0.413559 0.001130 0.001130 0.583051 
0.961644 0.002740 0.002740 0.030137 0.002740 
0.988535 0.007643 0.001274 0.001274 0.001274 
0.816807 0.001681 0.001681 0.018487 0.161345 
0.078571 0.019048 0.001190 0.900000 0.001190 
0.251724 0.122414 0.415517 0.079310 0.131034 
0.001481 0.253333 0.668148 0.008889 0.068148 
0.001418 0.497872 0.001418 0.001418 0.497872 
0.001587 0.009524 0.001587 0.017460 0.969841 
0.028070 0.124561 0.001754 0.001754 0.843860 
0.299174 0.001653 0.001653 0.001653 0.695868 
0.197386 0.001307 0.288889 0.373856 0.138562 
0.001905 0.001905 0.325714 0.401905 0.268571 
0.001527 0.512977 0.482443 0.001527 0.001527 
0.001653 0.001653 0.125620 0.869421 0.001653 
0.001449 0.044928 0.001449 0.436232 0.515942 
0.772067 0.029050 0.001117 0.001117 0.196648 
0.280000 0.067879 0.001212 0.164848 0.486061 
0.016418 0.001493 0.979104 0.001493 0.001493 
0.001093 0.214208 0.006557 0.001093 0.777049 
0.001361 0.021769 0.457143 0.008163 0.511565 
0.000935 0.169159 0.000935 0.000935 0.828037 
0.001667 0.001667 0.026667 0.001667 0.968333 
0.001316 0.303947 0.001316 0.001316 0.692105 
0.036181 0.001005 0.287437 0.387940 0.287437 
0.001227 0.007362 0.203681 0.553374 0.234356 
0.258407 0.001770 0.001770 0.028319 0.709735 
0.001266 0.729114 0.267089 0.001266 0.001266 
0.277064 0.102752 0.029358 0.579817 0.011009 
0.602532 0.349367 0.045570 0.001266 0.001266 
0.116484 0.001099 0.006593 0.001099 0.874725 
0.169912 0.010619 0.178761 0.532743 0.107965 
0.001471 0.280882 0.464706 0.229412 0.023529 
0.001449 0.001449 0.153623 0.001449 0.842029 
0.377647 0.130588 0.389412 0.001176 0.101176 
0.754930 0.114085 0.107042 0.022535 0.001408 
0.001242 0.566460 0.386335 0.026087 0.019876 
0.077419 0.002151 0.002151 0.625806 0.292473 
0.310569 0.042276 0.001626 0.643902 0.001626 
0.001724 0.027586 0.096552 0.001724 0.872414 
0.001205 0.013253 0.007229 0.001205 0.977108 
0.172368 0.086842 0.001316 0.001316 0.738158 
0.628723 0.001064 0.362766 0.006383 0.001064 
0.001449 0.639130 0.189855 0.001449 0.168116 
0.001471 0.648529 0.001471 0.001471 0.347059 
0.101333 0.001333 0.048000 0.001333 0.848000 
0.016667 0.001515 0.062121 0.365152 0.554545 
0.501042 0.001042 0.251042 0.001042 0.245833 
0.811374 0.000948 0.090995 0.000948 0.095735 
0.001124 0.298876 0.102247 0.051685 0.546067 
0.568919 0.001351 0.420270 0.001351 0.008108 
0.001149 0.702299 0.231034 0.001149 0.064368 
0.140984 0.165574 0.149180 0.542623 0.001639 
0.276923 0.057143 0.035165 0.134066 0.496703 
0.403279 0.239344 0.091803 0.181967 0.083607 
0.044828 0.131034 0.277586 0.001724 0.544828 
0.314428 0.314428 0.000995 0.369154 0.000995 
0.289189 0.045946 0.167568 0.005405 0.491892 
0.178824 0.002353 0.002353 0.802353 0.014118 
0.001198 0.001198 0.007186 0.432335 0.558084 
0.014474 0.573684 0.007895 0.178947 0.225000 
0.008219 0.001370 0.015068 0.042466 0.932877 
0.329204 0.028319 0.214159 0.028319 0.400000 
0.001408 0.001408 0.036620 0.008451 0.952113 
0.232168 0.001399 0.588811 0.001399 0.176224 
0.023158 0.002105 0.002105 0.002105 0.970526 
0.690370 0.001481 0.016296 0.001481 0.290370 
0.001942 0.215534 0.001942 0.099029 0.681553 
0.168627 0.001961 0.776471 0.050980 0.001961 
0.001667 0.285000 0.035000 0.676667 0.001667 
0.012000 0.062000 0.002000 0.052000 0.872000 
0.150898 0.001198 0.031138 0.815569 0.001198 
0.317857 0.000893 0.148214 0.000893 0.532143 
0.524183 0.001307 0.020915 0.033987 0.419608 
0.001504 0.091729 0.640602 0.001504 0.264662 
0.309091 0.001399 0.085315 0.001399 0.602797 
0.042857 0.002041 0.032653 0.328571 0.593878 
0.001205 0.212048 0.007229 0.001205 0.778313 
0.000976 0.064390 0.625366 0.000976 0.308293 
0.072441 0.017323 0.001575 0.001575 0.907087 
0.707563 0.278992 0.001681 0.010084 0.001681 
0.020126 0.265409 0.315723 0.397484 0.001258 
0.906918 0.013836 0.001258 0.020126 0.057862 
0.699329 0.001342 0.169128 0.128859 0.001342 
0.001923 0.107692 0.146154 0.001923 0.742308 
0.022340 0.681915 0.001064 0.181915 0.112766 
0.087568 0.001081 0.044324 0.817297 0.049730 
0.001325 0.014570 0.041060 0.001325 0.941722 
0.002564 0.002564 0.041026 0.182051 0.771795 
0.001282 0.014103 0.578205 0.001282 0.405128 
0.001587 0.009524 0.001587 0.652381 0.334921 
0.011215 0.001869 0.749533 0.076636 0.160748 
0.164286 0.003571 0.003571 0.003571 0.825000 
0.041176 0.080392 0.041176 0.011765 0.825490 
0.031818 0.001515 0.963636 0.001515 0.001515 
0.001170 0.410526 0.059649 0.001170 0.527485 
0.305185 0.001481 0.001481 0.690370 0.001481 
0.001587 0.279365 0.271429 0.001587 0.446032 
0.001370 0.220548 0.001370 0.008219 0.768493 
0.001653 0.001653 0.051240 0.456198 0.489256 
0.013018 0.030769 0.001183 0.001183 0.953846 
0.001587 0.509524 0.017460 0.231746 0.239683 
0.147222 0.654167 0.070833 0.056944 0.070833 
0.096825 0.001587 0.207937 0.049206 0.644444 
0.001724 0.001724 0.544828 0.001724 0.450000 
0.017323 0.269291 0.048819 0.529134 0.135433 
0.091613 0.007742 0.001290 0.072258 0.827097 
0.001709 0.001709 0.027350 0.010256 0.958974 
0.177027 0.001351 0.278378 0.001351 0.541892 
0.001227 0.357055 0.001227 0.001227 0.639264 
0.017680 0.111602 0.039779 0.332597 0.498343 
0.733803 0.177465 0.085915 0.001408 0.001408 
0.001370 0.001370 0.001370 0.008219 0.987671 
0.006218 0.001036 0.001036 0.990674 0.001036 
0.692121 0.049697 0.225455 0.001212 0.031515 
0.151429 0.008571 0.115714 0.008571 0.715714 
0.010256 0.147009 0.010256 0.377778 0.454701 
0.190164 0.067213 0.739344 0.001639 0.001639 
0.633083 0.001504 0.001504 0.054135 0.309774 
0.001105 0.155801 0.012155 0.028729 0.802210 
0.001290 0.046452 0.020645 0.930323 0.001290 
0.109554 0.007643 0.077707 0.803822 0.001274 
0.744086 0.206452 0.002151 0.012903 0.034409 
0.129114 0.002532 0.825316 0.015190 0.027848 
0.001481 0.682963 0.001481 0.001481 0.312593 
0.656954 0.007947 0.027815 0.014570 0.292715 
0.777570 0.123364 0.029907 0.011215 0.057944 
0.001342 0.008054 0.289933 0.383893 0.316779 
0.904065 0.082927 0.001626 0.009756 0.001626 
0.022535 0.430986 0.402817 0.142254 0.001408 
0.853913 0.001739 0.123478 0.019130 0.001739 
0.607059 0.024706 0.065882 0.171765 0.130588 
0.001639 0.477049 0.001639 0.001639 0.518033 
0.009600 0.249600 0.257600 0.001600 0.481600 
0.235484 0.017742 0.017742 0.695161 0.033871 
0.157143 0.072727 0.274026 0.001299 0.494805 
0.001471 0.604412 0.008824 0.001471 0.383824 
0.689286 0.001786 0.162500 0.144643 0.001786 
0.919588 0.002062 0.074227 0.002062 0.002062 
0.115924 0.689172 0.001274 0.185987 0.007643 
0.259794 0.002062 0.641237 0.002062 0.094845 
0.434225 0.001070 0.001070 0.027807 0.535829 
0.009756 0.058537 0.074797 0.001626 0.855285 
0.001053 0.785263 0.001053 0.211579 0.001053 
0.028319 0.435398 0.470796 0.001770 0.063717 
0.001325 0.332450 0.319205 0.067550 0.279470 
0.239683 0.311111 0.049206 0.398413 0.001587 
0.001481 0.008889 0.031111 0.816296 0.142222 
0.001408 0.571831 0.107042 0.001408 0.318310 
0.749714 0.001143 0.029714 0.178286 0.041143 
0.032323 0.002020 0.779798 0.002020 0.183838 
0.035616 0.035616 0.015068 0.898630 0.015068 
0.351923 0.010577 0.000962 0.635577 0.000962 
0.001242 0.013665 0.001242 0.970186 0.013665 
0.379259 0.045926 0.016296 0.001481 0.557037 
0.007595 0.007595 0.469620 0.001266 0.513924 
0.408791 0.002198 0.562637 0.002198 0.024176 
0.919298 0.001170 0.001170 0.007018 0.071345 
0.001075 0.070968 0.001075 0.872043 0.054839 
0.758261 0.001739 0.001739 0.001739 0.236522 
0.103650 0.001460 0.001460 0.891971 0.001460 
0.396330 0.001835 0.011009 0.552294 0.038532 
0.374699 0.001205 0.031325 0.001205 0.591566 
0.082609 0.104348 0.001087 0.001087 0.810870 
0.008759 0.001460 0.833577 0.154745 0.001460 
0.001379 0.008276 0.001379 0.077241 0.911724 
0.232692 0.021154 0.011538 0.001923 0.732692 
0.234884 0.002326 0.002326 0.746512 0.013953 
0.008333 0.529167 0.091667 0.286111 0.084722 
0.025150 0.102994 0.001198 0.228743 0.641916 
0.001342 0.303356 0.645638 0.048322 0.001342 
0.597590 0.001205 0.007229 0.001205 0.392771 
0.002222 0.002222 0.002222 0.535556 0.457778 
0.021333 0.421333 0.001333 0.001333 0.554667 
0.662385 0.001835 0.029358 0.001835 0.304587 
0.332719 0.249770 0.010138 0.116129 0.291244 
0.269643 0.001786 0.001786 0.412500 0.314286 
0.001058 0.170370 0.397884 0.011640 0.419048 
0.117419 0.549677 0.001290 0.298065 0.033548 
0.659829 0.001709 0.095726 0.241026 0.001709 
0.001942 0.021359 0.050485 0.166990 0.759223 
0.001105 0.365746 0.028729 0.001105 0.603315 
0.006818 0.626136 0.160227 0.001136 0.205682 
0.001538 0.001538 0.532308 0.001538 0.463077 
0.001770 0.373451 0.187611 0.001770 0.435398 
0.038806 0.023881 0.001493 0.762687 0.173134 
0.008571 0.051429 0.194286 0.015714 0.730000 
0.010784 0.304902 0.015686 0.000980 0.667647 
0.278889 0.001111 0.190000 0.001111 0.528889 
0.023423 0.000901 0.000901 0.000901 0.973874 
0.002020 0.042424 0.002020 0.951515 0.002020 
0.745865 0.001504 0.129323 0.121805 0.001504 
0.100662 0.034437 0.186755 0.676821 0.001325 
0.092308 0.001399 0.483916 0.420979 0.001399 
0.010526 0.001754 0.273684 0.001754 0.712281 
0.588991 0.029358 0.277064 0.102752 0.001835 
0.033600 0.193600 0.441600 0.001600 0.329600 
0.001198 0.001198 0.468263 0.001198 0.528144 
0.001575 0.001575 0.017323 0.080315 0.899213 
0.002151 0.088172 0.873118 0.034409 0.002151 
0.128571 0.001587 0.001587 0.017460 0.850794 
0.001316 0.560526 0.014474 0.001316 0.422368 
0.120280 0.001399 0.169231 0.022378 0.686713 
0.001156 0.001156 0.272832 0.006936 0.717919 
0.211290 0.477419 0.001613 0.162903 0.146774 
0.047059 0.001307 0.321569 0.400000 0.230065 
0.001282 0.001282 0.424359 0.161538 0.411538 
0.055405 0.568919 0.014865 0.359459 0.001351 
0.001724 0.286207 0.708621 0.001724 0.001724 
0.002899 0.350725 0.002899 0.611594 0.031884 
0.125581 0.257364 0.381395 0.226357 0.009302 
0.339850 0.099248 0.031579 0.527820 0.001504 
0.001026 0.477949 0.149744 0.052308 0.318974 
0.317949 0.001709 0.001709 0.001709 0.676923 
0.711724 0.001379 0.001379 0.284138 0.001379 
0.001307 0.001307 0.230065 0.001307 0.766013 
0.048819 0.072441 0.025197 0.001575 0.851969 
0.169032 0.020645 0.427097 0.104516 0.278710 
0.087861 0.619653 0.157225 0.001156 0.134104 
0.010619 0.046018 0.249558 0.692035 0.001770 
0.001439 0.001439 0.123741 0.001439 0.871942 
0.147917 0.075000 0.002083 0.397917 0.377083 
0.002273 0.002273 0.786364 0.104545 0.104545 
0.001143 0.001143 0.001143 0.001143 0.995429 
0.001739 0.001739 0.053913 0.488696 0.453913 
0.193909 0.001015 0.011168 0.001015 0.792893 
0.008633 0.044604 0.001439 0.001439 0.943885 
0.001163 0.117442 0.169767 0.001163 0.710465 
0.002151 0.023656 0.131183 0.690323 0.152688 
0.011458 0.001042 0.001042 0.157292 0.829167 
0.001515 0.137879 0.183333 0.001515 0.675758 
0.993162 0.001709 0.001709 0.001709 0.001709 
0.410606 0.001515 0.009091 0.069697 0.509091 
0.062577 0.007362 0.019632 0.001227 0.909202 
0.001681 0.413445 0.203361 0.295798 0.085714 
0.335185 0.011111 0.011111 0.501852 0.140741 
0.001156 0.307514 0.116763 0.001156 0.573410 
0.013953 0.455814 0.409302 0.083721 0.037209 
0.427826 0.166957 0.358261 0.010435 0.036522 
0.217910 0.001493 0.001493 0.180597 0.598507 
0.196875 0.142187 0.470313 0.189062 0.001563 
0.001439 0.001439 0.001439 0.008633 0.987050 
0.024706 0.560000 0.401176 0.012941 0.001176 
0.703191 0.251064 0.001064 0.006383 0.038298 
0.008511 0.001418 0.001418 0.008511 0.980142 
0.345600 0.049600 0.033600 0.465600 0.105600 
0.108163 0.087755 0.001020 0.113265 0.689796 
0.214634 0.001220 0.013415 0.019512 0.751220 
0.196226 0.001258 0.001258 0.768553 0.032704 
0.001538 0.324615 0.001538 0.001538 0.670769 
0.008219 0.521918 0.213699 0.241096 0.015068 
0.339310 0.001379 0.656552 0.001379 0.001379 
0.638776 0.001020 0.332653 0.001020 0.026531 
0.000939 0.400000 0.296714 0.000939 0.301408 
0.290625 0.001563 0.056250 0.439063 0.212500 
0.670769 0.001538 0.324615 0.001538 0.001538 
0.460606 0.011111 0.001010 0.001010 0.526263 
0.008219 0.001370 0.015068 0.001370 0.973973 
0.329688 0.079687 0.001563 0.235937 0.353125 
0.204348 0.124638 0.001449 0.668116 0.001449 
0.405042 0.001681 0.018487 0.564706 0.010084 
0.084138 0.194483 0.525517 0.028966 0.166897 
0.000976 0.361951 0.152195 0.000976 0.483902 
0.950365 0.008759 0.001460 0.008759 0.030657 
0.014286 0.335714 0.609524 0.038095 0.002381 
0.610309 0.002062 0.321649 0.063918 0.002062 
0.280000 0.001739 0.523478 0.184348 0.010435 
0.019512 0.056098 0.001220 0.001220 0.921951 
0.001667 0.035000 0.268333 0.001667 0.693333 
0.014667 0.274667 0.001333 0.708000 0.001333 
0.164423 0.616346 0.000962 0.000962 0.217308 
0.004819 0.000803 0.105221 0.000803 0.888353 
0.001370 0.008219 0.234247 0.754795 0.001370 
0.001754 0.282456 0.115789 0.001754 0.598246 
0.001439 0.008633 0.282014 0.023022 0.684892 
0.201905 0.001905 0.011429 0.040000 0.744762 
0.001527 0.001527 0.658015 0.001527 0.337405 
0.001493 0.008955 0.120896 0.001493 0.867164 
0.002041 0.246939 0.236735 0.002041 0.512245 
0.001124 0.001124 0.135955 0.265169 0.596629 
0.001471 0.891176 0.001471 0.001471 0.104412 
0.002899 0.046377 0.002899 0.944928 0.002899 
0.082828 0.062626 0.830303 0.002020 0.022222 
0.005106 0.000851 0.345532 0.222128 0.426383 
0.587261 0.001274 0.033121 0.001274 0.377070 
0.034831 0.725843 0.186517 0.051685 0.001124 
0.000870 0.000870 0.148696 0.174783 0.674783 
0.703509 0.028070 0.001754 0.001754 0.264912 
0.027350 0.087179 0.001709 0.309402 0.574359 
0.038994 0.001258 0.001258 0.957233 0.001258 
0.001471 0.523529 0.244118 0.001471 0.229412 
0.001613 0.227419 0.138710 0.025806 0.606452 
0.972816 0.001942 0.001942 0.011650 0.011650 
0.141935 0.002151 0.851613 0.002151 0.002151 
0.011321 0.011321 0.596226 0.001887 0.379245 
0.537143 0.001429 0.265714 0.194286 0.001429 
0.001290 0.491613 0.143226 0.001290 0.362581 
0.001408 0.001408 0.592958 0.001408 0.402817 
0.517204 0.103226 0.183871 0.001075 0.194624 
0.018033 0.009836 0.272131 0.009836 0.690164 
0.052542 0.603390 0.340678 0.001695 0.001695 
0.001370 0.357534 0.200000 0.001370 0.439726 
0.157831 0.428916 0.091566 0.001205 0.320482 
0.005530 0.162212 0.000922 0.000922 0.830415 
0.175155 0.001242 0.187578 0.001242 0.634783 
0.001667 0.001667 0.093333 0.901667 0.001667 
0.009023 0.633083 0.001504 0.212030 0.144361 
0.031373 0.001961 0.168627 0.001961 0.796078 
0.987324 0.001408 0.001408 0.008451 0.001408 
0.001563 0.407813 0.157812 0.001563 0.431250 
0.097600 0.001600 0.033600 0.793600 0.073600 
0.001852 0.020370 0.548148 0.001852 0.427778 
0.596203 0.001266 0.374684 0.013924 0.013924 
0.187571 0.001130 0.006780 0.803390 0.001130 
0.006522 0.642391 0.169565 0.082609 0.098913 
0.001307 0.504575 0.001307 0.158170 0.334641 
0.095294 0.018824 0.077647 0.154118 0.654118 
0.016418 0.262687 0.717910 0.001493 0.001493 
0.586869 0.056566 0.268687 0.061616 0.026263 
0.625743 0.001980 0.011881 0.358416 0.001980 
0.511724 0.001379 0.104828 0.008276 0.373793 
0.002299 0.025287 0.347126 0.082759 0.542529 
0.123810 0.014966 0.008163 0.851701 0.001361 
0.603540 0.293805 0.046018 0.010619 0.046018 
0.571000 0.001000 0.001000 0.001000 0.426000 
0.024060 0.016541 0.009023 0.001504 0.948872 
0.119444 0.001389 0.459722 0.001389 0.418056 
0.805357 0.001786 0.189286 0.001786 0.001786 
0.001105 0.559116 0.012155 0.387845 0.039779 
0.001754 0.291228 0.650877 0.001754 0.054386 
0.001639 0.001639 0.362295 0.075410 0.559016 
0.001905 0.078095 0.001905 0.525714 0.392381 
0.044444 0.018803 0.001709 0.001709 0.933333 
0.001124 0.062921 0.321348 0.001124 0.613483 
0.043056 0.043056 0.119444 0.001389 0.793056 
0.001258 0.083019 0.001258 0.913208 0.001258 
0.161905 0.001190 0.429762 0.292857 0.114286 
0.001550 0.001550 0.257364 0.668217 0.071318 
0.118519 0.569136 0.180247 0.124691 0.007407 
0.091892 0.515315 0.001802 0.389189 0.001802 
0.001724 0.001724 0.044828 0.001724 0.950000 
0.131884 0.088406 0.008696 0.001449 0.769565 
0.077778 0.008333 0.001389 0.869444 0.043056 
0.010435 0.132174 0.001739 0.001739 0.853913 
0.001515 0.751515 0.137879 0.001515 0.107576 
0.056552 0.422069 0.518621 0.001379 0.001379 
0.018966 0.001724 0.967241 0.001724 0.010345 
0.158824 0.001961 0.413725 0.001961 0.423529 
0.002353 0.449412 0.002353 0.543529 0.002353 
0.004255 0.387234 0.004255 0.600000 0.004255 
0.018487 0.010084 0.262185 0.707563 0.001681 
0.026891 0.245378 0.127731 0.598319 0.001681 
0.168056 0.626389 0.008333 0.029167 0.168056 
0.064062 0.001563 0.353125 0.353125 0.228125 
0.002247 0.002247 0.002247 0.946067 0.047191 
0.001639 0.042623 0.001639 0.026230 0.927869 
0.072441 0.922835 0.001575 0.001575 0.001575 
0.478431 0.007843 0.171242 0.001307 0.341176 
0.195973 0.014765 0.148993 0.075168 0.565101 
0.832258 0.001613 0.162903 0.001613 0.001613 
0.058228 0.475949 0.026582 0.437975 0.001266 
0.618045 0.016541 0.227068 0.001504 0.136842 
0.001653 0.026446 0.406612 0.001653 0.563636 
0.091045 0.061194 0.016418 0.001493 0.829851 
0.002326 0.572093 0.258140 0.153488 0.013953 
0.017188 0.048438 0.712500 0.001563 0.220312 
0.007643 0.294268 0.587261 0.001274 0.109554 
0.076636 0.001869 0.057944 0.300935 0.562617 
0.001198 0.174850 0.001198 0.007186 0.815569 
0.002000 0.032000 0.002000 0.022000 0.942000 
0.001111 0.417778 0.023333 0.256667 0.301111 
0.001869 0.001869 0.001869 0.992523 0.001869 
0.002740 0.030137 0.578082 0.002740 0.386301 
0.002299 0.002299 0.094253 0.002299 0.898851 
0.001493 0.695522 0.001493 0.023881 0.277612 
0.001316 0.021053 0.600000 0.047368 0.330263 
0.001942 0.283495 0.001942 0.001942 0.710680 
0.010945 0.314428 0.219900 0.160199 0.294527 
0.002222 0.068889 0.568889 0.357778 0.002222 
0.093333 0.001667 0.160000 0.026667 0.718333 
0.001070 0.305882 0.011765 0.001070 0.680214 
0.001538 0.186154 0.216923 0.509231 0.086154 
0.415854 0.001220 0.141463 0.001220 0.440244 
0.575410 0.222951 0.009836 0.190164 0.001639 
0.001527 0.001527 0.703817 0.238168 0.054962 
0.246341 0.002439 0.148780 0.600000 0.002439 
0.000962 0.130769 0.010577 0.847115 0.010577 
0.875449 0.007186 0.067066 0.049102 0.001198 
0.279167 0.001389 0.008333 0.695833 0.015278 
0.411940 0.001493 0.583582 0.001493 0.001493 
0.001961 0.354902 0.001961 0.070588 0.570588 
