0.16344086021505375 0.4752688172043011 0.034408602150537634 0.002150537634408602 0.16344086021505375 0.002150537634408602 0.023655913978494626 0.08817204301075268 0.002150537634408602 0.04516129032258065 
0.1290909090909091 0.22 0.056363636363636366 0.0018181818181818182 0.1109090909090909 0.43818181818181823 0.0018181818181818182 0.038181818181818185 0.0018181818181818182 0.0018181818181818182 
0.13076923076923075 0.09230769230769231 0.041025641025641026 0.002564102564102564 0.002564102564102564 0.002564102564102564 0.041025641025641026 0.002564102564102564 0.6692307692307693 0.015384615384615384 
0.002631578947368421 0.015789473684210527 0.10789473684210525 0.002631578947368421 0.015789473684210527 0.7394736842105264 0.028947368421052635 0.015789473684210527 0.015789473684210527 0.05526315789473685 
0.003125 0.003125 0.003125 0.003125 0.01875 0.003125 0.95625 0.003125 0.003125 0.003125 
0.22424242424242424 0.08282828282828282 0.08282828282828282 0.00202020202020202 0.00202020202020202 0.00202020202020202 0.00202020202020202 0.012121212121212121 0.4363636363636364 0.15353535353535352 
0.0017094017094017094 0.0017094017094017094 0.0017094017094017094 0.018803418803418806 0.36923076923076925 0.48034188034188036 0.0017094017094017094 0.0017094017094017094 0.0017094017094017094 0.12136752136752137 
0.016216216216216217 0.4081081081081081 0.48918918918918924 0.016216216216216217 0.016216216216216217 0.002702702702702703 0.02972972972972973 0.002702702702702703 0.016216216216216217 0.002702702702702703 
0.004166666666666667 0.06666666666666667 0.15 0.024999999999999998 0.004166666666666667 0.04583333333333334 0.004166666666666667 0.004166666666666667 0.004166666666666667 0.6916666666666668 
0.001639344262295082 0.02622950819672131 0.009836065573770491 0.001639344262295082 0.009836065573770491 0.001639344262295082 0.35409836065573774 0.06721311475409836 0.02622950819672131 0.5016393442622951 
0.0035087719298245615 0.7052631578947369 0.0035087719298245615 0.0035087719298245615 0.021052631578947368 0.0035087719298245615 0.0035087719298245615 0.0035087719298245615 0.03859649122807018 0.21403508771929824 
0.002666666666666667 0.14933333333333332 0.002666666666666667 0.016 0.002666666666666667 0.002666666666666667 0.016 0.08266666666666667 0.5493333333333333 0.176 
0.18105263157894735 0.002105263157894737 0.002105263157894737 0.04421052631578948 0.002105263157894737 0.002105263157894737 0.21263157894736842 0.002105263157894737 0.07578947368421053 0.47578947368421054 
0.0019801980198019802 0.0019801980198019802 0.0019801980198019802 0.021782178217821784 0.1504950495049505 0.7148514851485149 0.0712871287128713 0.031683168316831684 0.0019801980198019802 0.0019801980198019802 
0.08 0.06888888888888889 0.0022222222222222222 0.11333333333333333 0.0022222222222222222 0.05777777777777778 0.0022222222222222222 0.5911111111111111 0.0022222222222222222 0.08 
0.002777777777777778 0.002777777777777778 0.016666666666666666 0.002777777777777778 0.002777777777777778 0.47500000000000003 0.030555555555555558 0.002777777777777778 0.46111111111111114 0.002777777777777778 
0.06753246753246754 0.10649350649350649 0.39220779220779217 0.0025974025974025974 0.0025974025974025974 0.0025974025974025974 0.0025974025974025974 0.4181818181818182 0.0025974025974025974 0.0025974025974025974 
0.0022471910112359553 0.0022471910112359553 0.7887640449438202 0.0022471910112359553 0.0022471910112359553 0.0696629213483146 0.01348314606741573 0.0022471910112359553 0.0022471910112359553 0.1146067415730337 
0.0018018018018018018 0.3801801801801802 0.06486486486486487 0.0018018018018018018 0.0018018018018018018 0.12792792792792793 0.0018018018018018018 0.0018018018018018018 0.0018018018018018018 0.41621621621621624 
0.24946236559139784 0.4537634408602151 0.002150537634408602 0.18494623655913978 0.002150537634408602 0.002150537634408602 0.002150537634408602 0.002150537634408602 0.0989247311827957 0.002150537634408602 
0.002150537634408602 0.367741935483871 0.3247311827956989 0.07741935483870968 0.023655913978494626 0.04516129032258065 0.034408602150537634 0.04516129032258065 0.012903225806451613 0.06666666666666667 
0.021153846153846155 0.0019230769230769232 0.04038461538461539 0.011538461538461537 0.21346153846153845 0.22307692307692306 0.03076923076923077 0.021153846153846155 0.07884615384615384 0.3576923076923077 
0.0020833333333333333 0.09583333333333333 0.012499999999999999 0.05416666666666667 0.0020833333333333333 0.3354166666666667 0.11666666666666665 0.012499999999999999 0.3666666666666667 0.0020833333333333333 
0.008888888888888889 0.7125925925925927 0.11259259259259259 0.060740740740740734 0.0014814814814814816 0.0014814814814814816 0.0014814814814814816 0.0162962962962963 0.0014814814814814816 0.08296296296296296 
0.001724137931034483 0.010344827586206896 0.018965517241379314 0.3551724137931035 0.001724137931034483 0.38103448275862073 0.05344827586206897 0.16551724137931034 0.001724137931034483 0.010344827586206896 
0.0036363636363636364 0.0036363636363636364 0.0036363636363636364 0.6218181818181818 0.29454545454545455 0.0036363636363636364 0.0036363636363636364 0.04 0.0036363636363636364 0.021818181818181816 
0.0017543859649122807 0.12456140350877193 0.09824561403508772 0.0017543859649122807 0.0017543859649122807 0.0017543859649122807 0.11578947368421053 0.0017543859649122807 0.4929824561403509 0.15964912280701754 
0.0025974025974025974 0.0025974025974025974 0.015584415584415584 0.0025974025974025974 0.19740259740259739 0.0025974025974025974 0.015584415584415584 0.5090909090909091 0.24935064935064935 0.0025974025974025974 
0.016216216216216217 0.0972972972972973 0.016216216216216217 0.002702702702702703 0.002702702702702703 0.002702702702702703 0.002702702702702703 0.016216216216216217 0.19189189189189187 0.6513513513513514 
0.016 0.029333333333333336 0.002666666666666667 0.04266666666666667 0.376 0.016 0.416 0.002666666666666667 0.096 0.002666666666666667 
0.0019047619047619048 0.6876190476190477 0.011428571428571429 0.020952380952380955 0.0019047619047619048 0.0019047619047619048 0.0019047619047619048 0.10666666666666666 0.0019047619047619048 0.1638095238095238 
0.0030303030303030303 0.0787878787878788 0.0787878787878788 0.048484848484848485 0.1090909090909091 0.16969696969696968 0.0030303030303030303 0.0030303030303030303 0.503030303030303 0.0030303030303030303 
0.024175824175824177 0.046153846153846156 0.002197802197802198 0.002197802197802198 0.002197802197802198 0.024175824175824177 0.002197802197802198 0.002197802197802198 0.035164835164835165 0.8593406593406594 
0.010526315789473684 0.2736842105263158 0.18596491228070175 0.0017543859649122807 0.01929824561403509 0.4578947368421053 0.0017543859649122807 0.0017543859649122807 0.01929824561403509 0.028070175438596492 
0.001724137931034483 0.19999999999999998 0.28620689655172415 0.001724137931034483 0.001724137931034483 0.21724137931034482 0.001724137931034483 0.001724137931034483 0.16551724137931034 0.12241379310344827 
0.0024390243902439024 0.014634146341463414 0.24634146341463414 0.0024390243902439024 0.0024390243902439024 0.0024390243902439024 0.014634146341463414 0.0024390243902439024 0.051219512195121955 0.6609756097560976 
0.0036363636363636364 0.0036363636363636364 0.0036363636363636364 0.0036363636363636364 0.021818181818181816 0.0036363636363636364 0.0036363636363636364 0.0036363636363636364 0.0036363636363636364 0.9490909090909091 
0.003125 0.003125 0.20625 0.003125 0.003125 0.01875 0.440625 0.003125 0.003125 0.315625 
0.0017857142857142859 0.1982142857142857 0.0017857142857142859 0.6357142857142858 0.0017857142857142859 0.0017857142857142859 0.0017857142857142859 0.0017857142857142859 0.0017857142857142859 0.15357142857142855 
0.02857142857142857 0.004761904761904762 0.3619047619047619 0.004761904761904762 0.004761904761904762 0.02857142857142857 0.004761904761904762 0.004761904761904762 0.3857142857142857 0.17142857142857143 
0.015584415584415584 0.0025974025974025974 0.0025974025974025974 0.0025974025974025974 0.9506493506493506 0.0025974025974025974 0.0025974025974025974 0.0025974025974025974 0.015584415584415584 0.0025974025974025974 
0.002380952380952381 0.24047619047619045 0.10952380952380951 0.014285714285714285 0.002380952380952381 0.08571428571428572 0.002380952380952381 0.4666666666666667 0.002380952380952381 0.07380952380952381 
0.004166666666666667 0.06666666666666667 0.004166666666666667 0.004166666666666667 0.25416666666666665 0.004166666666666667 0.19166666666666665 0.33749999999999997 0.12916666666666668 0.004166666666666667 
0.001724137931034483 0.13103448275862067 0.03620689655172414 0.010344827586206896 0.001724137931034483 0.1482758620689655 0.03620689655172414 0.001724137931034483 0.5017241379310345 0.13103448275862067 
0.003278688524590164 0.003278688524590164 0.1180327868852459 0.003278688524590164 0.003278688524590164 0.08524590163934427 0.003278688524590164 0.003278688524590164 0.036065573770491806 0.740983606557377 
0.003703703703703704 0.003703703703703704 0.003703703703703704 0.003703703703703704 0.003703703703703704 0.003703703703703704 0.725925925925926 0.003703703703703704 0.24444444444444444 0.003703703703703704 
0.05245901639344262 0.21639344262295082 0.19999999999999998 0.003278688524590164 0.003278688524590164 0.036065573770491806 0.19999999999999998 0.16721311475409834 0.10163934426229508 0.019672131147540982 
0.001388888888888889 0.001388888888888889 0.008333333333333333 0.001388888888888889 0.001388888888888889 0.09861111111111111 0.029166666666666667 0.001388888888888889 0.001388888888888889 0.8555555555555556 
0.0025 0.052500000000000005 0.0025 0.0025 0.6775 0.0025 0.0025 0.0025 0.20249999999999999 0.052500000000000005 
0.0022988505747126436 0.17471264367816092 0.7839080459770116 0.0022988505747126436 0.0022988505747126436 0.0022988505747126436 0.0022988505747126436 0.025287356321839084 0.0022988505747126436 0.0022988505747126436 
0.18383838383838383 0.00202020202020202 0.022222222222222223 0.06262626262626263 0.27474747474747474 0.03232323232323232 0.012121212121212121 0.012121212121212121 0.17373737373737372 0.22424242424242424 
0.00202020202020202 0.06262626262626263 0.03232323232323232 0.022222222222222223 0.00202020202020202 0.00202020202020202 0.00202020202020202 0.00202020202020202 0.20404040404040402 0.6686868686868687 
0.0029411764705882353 0.3852941176470588 0.0029411764705882353 0.03235294117647059 0.01764705882352941 0.12058823529411763 0.4294117647058823 0.0029411764705882353 0.0029411764705882353 0.0029411764705882353 
0.002 0.242 0.07200000000000001 0.032 0.002 0.08199999999999999 0.052000000000000005 0.002 0.132 0.382 
0.016216216216216217 0.002702702702702703 0.016216216216216217 0.016216216216216217 0.002702702702702703 0.2054054054054054 0.002702702702702703 0.016216216216216217 0.7054054054054054 0.016216216216216217 
0.0022222222222222222 0.6022222222222222 0.13555555555555554 0.0022222222222222222 0.0022222222222222222 0.035555555555555556 0.035555555555555556 0.013333333333333332 0.12444444444444444 0.04666666666666667 
0.05714285714285715 0.002197802197802198 0.046153846153846156 0.002197802197802198 0.5736263736263737 0.15604395604395604 0.10109890109890109 0.013186813186813187 0.002197802197802198 0.046153846153846156 
0.0015267175572519084 0.0015267175572519084 0.8412213740458016 0.0015267175572519084 0.06259541984732823 0.0015267175572519084 0.07786259541984732 0.0015267175572519084 0.0015267175572519084 0.00916030534351145 
0.05794392523364486 0.06728971962616823 0.020560747663551402 0.001869158878504673 0.001869158878504673 0.6093457943925233 0.001869158878504673 0.03925233644859813 0.029906542056074768 0.17009345794392522 
0.0022471910112359553 0.0022471910112359553 0.0022471910112359553 0.0022471910112359553 0.02471910112359551 0.6426966292134831 0.22696629213483147 0.0022471910112359553 0.01348314606741573 0.08089887640449439 
0.011538461538461537 0.40576923076923077 0.0019230769230769232 0.0019230769230769232 0.10769230769230768 0.05 0.08846153846153845 0.0019230769230769232 0.07884615384615384 0.2519230769230769 
0.01846153846153846 0.003076923076923077 0.003076923076923077 0.04923076923076923 0.15692307692307692 0.31076923076923074 0.003076923076923077 0.03384615384615385 0.08 0.3415384615384615 
0.08888888888888889 0.005555555555555556 0.44999999999999996 0.005555555555555556 0.061111111111111116 0.005555555555555556 0.005555555555555556 0.11666666666666667 0.03333333333333333 0.22777777777777775 
0.0032258064516129032 0.14838709677419354 0.0032258064516129032 0.0032258064516129032 0.5032258064516129 0.0032258064516129032 0.0032258064516129032 0.0032258064516129032 0.0032258064516129032 0.3258064516129032 
0.6267857142857143 0.0017857142857142859 0.0017857142857142859 0.0017857142857142859 0.14464285714285713 0.0375 0.0017857142857142859 0.028571428571428574 0.15357142857142855 0.0017857142857142859 
0.0032258064516129032 0.16451612903225804 0.0032258064516129032 0.0032258064516129032 0.6967741935483871 0.0032258064516129032 0.0032258064516129032 0.0032258064516129032 0.06774193548387097 0.05161290322580645 
0.002127659574468085 0.03404255319148936 0.10851063829787233 0.01276595744680851 0.055319148936170216 0.07659574468085106 0.002127659574468085 0.5127659574468085 0.01276595744680851 0.1829787234042553 
0.0020833333333333333 0.05416666666666667 0.7729166666666667 0.012499999999999999 0.0020833333333333333 0.043750000000000004 0.0020833333333333333 0.043750000000000004 0.0020833333333333333 0.06458333333333334 
0.014117647058823528 0.13176470588235292 0.037647058823529415 0.0023529411764705885 0.6023529411764706 0.025882352941176474 0.1552941176470588 0.0023529411764705885 0.0023529411764705885 0.025882352941176474 
0.6083333333333333 0.04583333333333334 0.04583333333333334 0.024999999999999998 0.06666666666666667 0.004166666666666667 0.004166666666666667 0.004166666666666667 0.04583333333333334 0.15 
0.0014814814814814816 0.008888888888888889 0.6533333333333333 0.0014814814814814816 0.0014814814814814816 0.06814814814814814 0.0014814814814814816 0.023703703703703706 0.05333333333333334 0.18666666666666668 
0.034375 0.096875 0.003125 0.01875 0.003125 0.1125 0.003125 0.003125 0.065625 0.659375 
0.0012738853503184715 0.1859872611464968 0.0012738853503184715 0.06496815286624204 0.058598726114649675 0.06496815286624204 0.0012738853503184715 0.007643312101910828 0.6127388535031847 0.0012738853503184715 
0.0018181818181818182 0.13818181818181818 0.038181818181818185 0.0018181818181818182 0.02909090909090909 0.0018181818181818182 0.0018181818181818182 0.010909090909090908 0.5654545454545454 0.2109090909090909 
0.0025974025974025974 0.0025974025974025974 0.24935064935064935 0.0025974025974025974 0.0025974025974025974 0.0025974025974025974 0.17142857142857143 0.0025974025974025974 0.0025974025974025974 0.5610389610389611 
0.00392156862745098 0.00392156862745098 0.8666666666666667 0.00392156862745098 0.023529411764705882 0.023529411764705882 0.00392156862745098 0.00392156862745098 0.00392156862745098 0.06274509803921569 
0.0024691358024691358 0.48395061728395067 0.28641975308641976 0.0024691358024691358 0.0024691358024691358 0.0024691358024691358 0.0024691358024691358 0.0024691358024691358 0.0024691358024691358 0.21234567901234566 
0.0022471910112359553 0.0022471910112359553 0.04719101123595506 0.0022471910112359553 0.08089887640449439 0.0022471910112359553 0.0022471910112359553 0.0696629213483146 0.7887640449438202 0.0022471910112359553 
0.048598130841121495 0.5719626168224299 0.03925233644859813 0.001869158878504673 0.001869158878504673 0.14205607476635512 0.001869158878504673 0.001869158878504673 0.001869158878504673 0.18878504672897195 
0.15428571428571428 0.44 0.0019047619047619048 0.05904761904761905 0.0019047619047619048 0.2876190476190476 0.030476190476190476 0.020952380952380955 0.0019047619047619048 0.0019047619047619048 
0.0030303030303030303 0.09393939393939395 0.0030303030303030303 0.03333333333333333 0.048484848484848485 0.0030303030303030303 0.0030303030303030303 0.18484848484848485 0.16969696969696968 0.4575757575757576 
0.0014814814814814816 0.0014814814814814816 0.0014814814814814816 0.0014814814814814816 0.16444444444444445 0.0014814814814814816 0.7718518518518519 0.0014814814814814816 0.05333333333333334 0.0014814814814814816 
0.0013513513513513514 0.9067567567567567 0.014864864864864866 0.0013513513513513514 0.008108108108108109 0.008108108108108109 0.041891891891891894 0.0013513513513513514 0.0013513513513513514 0.014864864864864866 
0.0014814814814814816 0.0014814814814814816 0.0162962962962963 0.0014814814814814816 0.008888888888888889 0.11259259259259259 0.7718518518518519 0.0014814814814814816 0.0014814814814814816 0.08296296296296296 
0.004545454545454546 0.05 0.004545454545454546 0.004545454545454546 0.2545454545454545 0.004545454545454546 0.6181818181818182 0.05 0.004545454545454546 0.004545454545454546 
0.0014925373134328358 0.0014925373134328358 0.008955223880597015 0.19552238805970149 0.016417910447761197 0.17313432835820894 0.591044776119403 0.0014925373134328358 0.008955223880597015 0.0014925373134328358 
0.0031746031746031746 0.0031746031746031746 0.0031746031746031746 0.146031746031746 0.5428571428571429 0.146031746031746 0.0031746031746031746 0.146031746031746 0.0031746031746031746 0.0031746031746031746 
0.004651162790697674 0.004651162790697674 0.004651162790697674 0.004651162790697674 0.586046511627907 0.004651162790697674 0.004651162790697674 0.16744186046511628 0.21395348837209302 0.004651162790697674 
0.2279569892473118 0.023655913978494626 0.002150537634408602 0.002150537634408602 0.4 0.002150537634408602 0.023655913978494626 0.3139784946236559 0.002150537634408602 0.002150537634408602 
0.08199999999999999 0.002 0.002 0.002 0.8420000000000001 0.002 0.002 0.002 0.012 0.052000000000000005 
0.5723076923076924 0.003076923076923077 0.003076923076923077 0.003076923076923077 0.09538461538461539 0.003076923076923077 0.31076923076923074 0.003076923076923077 0.003076923076923077 0.003076923076923077 
0.947945205479452 0.0027397260273972603 0.0027397260273972603 0.0027397260273972603 0.0027397260273972603 0.0027397260273972603 0.01643835616438356 0.01643835616438356 0.0027397260273972603 0.0027397260273972603 
0.7828571428571429 0.0019047619047619048 0.0019047619047619048 0.0019047619047619048 0.19238095238095237 0.0019047619047619048 0.0019047619047619048 0.0019047619047619048 0.011428571428571429 0.0019047619047619048 
0.002197802197802198 0.002197802197802198 0.002197802197802198 0.06813186813186814 0.11208791208791208 0.7604395604395605 0.002197802197802198 0.024175824175824177 0.002197802197802198 0.024175824175824177 
0.11272727272727273 0.2581818181818182 0.04 0.20363636363636362 0.0036363636363636364 0.18545454545454546 0.0036363636363636364 0.04 0.14909090909090908 0.0036363636363636364 
0.03559322033898305 0.04406779661016949 0.0016949152542372883 0.0016949152542372883 0.010169491525423728 0.09491525423728812 0.01864406779661017 0.7898305084745763 0.0016949152542372883 0.0016949152542372883 
0.7565217391304349 0.002898550724637681 0.002898550724637681 0.002898550724637681 0.002898550724637681 0.07536231884057971 0.11884057971014492 0.002898550724637681 0.0318840579710145 0.002898550724637681 
0.14476190476190476 0.0019047619047619048 0.0019047619047619048 0.020952380952380955 0.1638095238095238 0.6590476190476191 0.0019047619047619048 0.0019047619047619048 0.0019047619047619048 0.0019047619047619048 
0.05048543689320389 0.031067961165048546 0.040776699029126215 0.040776699029126215 0.12815533980582525 0.0019417475728155341 0.0019417475728155341 0.6815533980582524 0.0019417475728155341 0.021359223300970877 
0.004761904761904762 0.004761904761904762 0.004761904761904762 0.9095238095238096 0.02857142857142857 0.02857142857142857 0.004761904761904762 0.004761904761904762 0.004761904761904762 0.004761904761904762 
0.048598130841121495 0.001869158878504673 0.020560747663551402 0.8710280373831776 0.03925233644859813 0.001869158878504673 0.001869158878504673 0.011214953271028037 0.001869158878504673 0.001869158878504673 
0.010714285714285714 0.0017857142857142859 0.04642857142857143 0.8589285714285715 0.028571428571428574 0.0017857142857142859 0.0017857142857142859 0.0017857142857142859 0.04642857142857143 0.0017857142857142859 
0.20666666666666667 0.07333333333333333 0.006666666666666667 0.64 0.006666666666666667 0.006666666666666667 0.04 0.006666666666666667 0.006666666666666667 0.006666666666666667 
0.05777777777777778 0.0022222222222222222 0.0022222222222222222 0.8688888888888889 0.0022222222222222222 0.0022222222222222222 0.0022222222222222222 0.0022222222222222222 0.05777777777777778 0.0022222222222222222 
0.002127659574468085 0.002127659574468085 0.002127659574468085 0.8425531914893617 0.1404255319148936 0.002127659574468085 0.002127659574468085 0.002127659574468085 0.002127659574468085 0.002127659574468085 
0.044444444444444446 0.007407407407407408 0.007407407407407408 0.6 0.1925925925925926 0.044444444444444446 0.007407407407407408 0.08148148148148149 0.007407407407407408 0.007407407407407408 
0.8149532710280374 0.011214953271028037 0.001869158878504673 0.011214953271028037 0.1233644859813084 0.001869158878504673 0.029906542056074768 0.001869158878504673 0.001869158878504673 0.001869158878504673 
0.5171428571428572 0.11714285714285713 0.002857142857142857 0.017142857142857144 0.3028571428571428 0.002857142857142857 0.002857142857142857 0.002857142857142857 0.002857142857142857 0.03142857142857143 
0.848 0.008 0.008 0.008 0.008 0.08800000000000001 0.008 0.008 0.008 0.008 
0.8487179487179487 0.002564102564102564 0.002564102564102564 0.02820512820512821 0.06666666666666667 0.015384615384615384 0.002564102564102564 0.015384615384615384 0.015384615384615384 0.002564102564102564 
0.0711864406779661 0.020338983050847456 0.0033898305084745766 0.0033898305084745766 0.4440677966101695 0.4440677966101695 0.0033898305084745766 0.0033898305084745766 0.0033898305084745766 0.0033898305084745766 
0.0015503875968992248 0.09457364341085271 0.009302325581395349 0.0015503875968992248 0.0015503875968992248 0.04806201550387597 0.017054263565891473 0.8232558139534883 0.0015503875968992248 0.0015503875968992248 
0.7294117647058824 0.06274509803921569 0.00392156862745098 0.1411764705882353 0.023529411764705882 0.00392156862745098 0.023529411764705882 0.00392156862745098 0.00392156862745098 0.00392156862745098 
