0.001626 0.408130 0.001626 0.009756 0.001626 0.562602 0.001626 0.001626 0.001626 0.009756 
0.033071 0.135433 0.001575 0.001575 0.001575 0.718110 0.103937 0.001575 0.001575 0.001575 
0.001626 0.326829 0.001626 0.001626 0.009756 0.635772 0.001626 0.001626 0.017886 0.001626 
0.001087 0.468478 0.077174 0.001087 0.283696 0.158696 0.001087 0.006522 0.001087 0.001087 
0.124615 0.324615 0.001538 0.001538 0.063077 0.340000 0.001538 0.001538 0.140000 0.001538 
0.835088 0.133333 0.001754 0.001754 0.001754 0.001754 0.019298 0.001754 0.001754 0.001754 
0.116814 0.037168 0.178761 0.001770 0.037168 0.453097 0.143363 0.010619 0.001770 0.019469 
0.866667 0.027160 0.002469 0.076543 0.002469 0.002469 0.002469 0.002469 0.002469 0.014815 
0.001481 0.297778 0.186667 0.001481 0.245926 0.023704 0.001481 0.082963 0.157037 0.001481 
0.465359 0.491503 0.020915 0.001307 0.007843 0.007843 0.001307 0.001307 0.001307 0.001307 
0.076033 0.390083 0.001653 0.001653 0.480992 0.009917 0.001653 0.001653 0.001653 0.034711 
0.181944 0.098611 0.056944 0.043056 0.612500 0.001389 0.001389 0.001389 0.001389 0.001389 
0.001550 0.001550 0.722481 0.001550 0.086822 0.001550 0.172093 0.001550 0.009302 0.001550 
0.015942 0.486957 0.044928 0.044928 0.371014 0.008696 0.001449 0.001449 0.023188 0.001449 
0.535404 0.100621 0.001242 0.001242 0.026087 0.069565 0.081988 0.038509 0.001242 0.144099 
0.801667 0.143333 0.026667 0.001667 0.001667 0.001667 0.001667 0.001667 0.018333 0.001667 
0.356028 0.086525 0.001418 0.001418 0.426950 0.015603 0.001418 0.043972 0.036879 0.029787 
0.001481 0.401481 0.008889 0.001481 0.075556 0.468148 0.001481 0.001481 0.038519 0.001481 
0.670968 0.001613 0.001613 0.025806 0.001613 0.001613 0.211290 0.082258 0.001613 0.001613 
0.124561 0.001754 0.010526 0.001754 0.001754 0.036842 0.028070 0.756140 0.001754 0.036842 
0.257600 0.009600 0.169600 0.009600 0.049600 0.001600 0.409600 0.081600 0.009600 0.001600 
0.151667 0.651667 0.001667 0.001667 0.001667 0.160000 0.018333 0.001667 0.010000 0.001667 
0.010084 0.001681 0.749580 0.043697 0.102521 0.060504 0.001681 0.010084 0.018487 0.001681 
0.010714 0.001786 0.600000 0.180357 0.001786 0.001786 0.100000 0.100000 0.001786 0.001786 
0.326667 0.010000 0.610000 0.018333 0.010000 0.001667 0.018333 0.001667 0.001667 0.001667 
0.001198 0.031138 0.007186 0.001198 0.007186 0.001198 0.061078 0.881437 0.001198 0.007186 
0.001342 0.350336 0.303356 0.216107 0.001342 0.008054 0.021477 0.095302 0.001342 0.001342 
0.001198 0.168862 0.114970 0.007186 0.007186 0.001198 0.695808 0.001198 0.001198 0.001198 
0.375758 0.092929 0.002020 0.032323 0.173737 0.224242 0.012121 0.082828 0.002020 0.002020 
0.119355 0.479570 0.001075 0.017204 0.027957 0.323656 0.006452 0.001075 0.022581 0.001075 
0.010084 0.001681 0.556303 0.127731 0.220168 0.001681 0.001681 0.077311 0.001681 0.001681 
0.752866 0.001274 0.001274 0.014013 0.033121 0.001274 0.179618 0.001274 0.001274 0.014013 
0.001342 0.115436 0.263087 0.001342 0.330201 0.001342 0.028188 0.249664 0.008054 0.001342 
0.001316 0.014474 0.113158 0.001316 0.001316 0.021053 0.007895 0.836842 0.001316 0.001316 
0.001754 0.098246 0.045614 0.036842 0.010526 0.001754 0.045614 0.756140 0.001754 0.001754 
0.300000 0.210448 0.001493 0.076119 0.165672 0.001493 0.016418 0.001493 0.001493 0.225373 
0.019298 0.229825 0.010526 0.010526 0.185965 0.001754 0.422807 0.107018 0.001754 0.010526 
0.000966 0.005797 0.266667 0.005797 0.218357 0.000966 0.000966 0.498551 0.000966 0.000966 
0.001429 0.265714 0.301429 0.001429 0.037143 0.001429 0.001429 0.372857 0.015714 0.001429 
0.070833 0.161111 0.029167 0.001389 0.195833 0.001389 0.536111 0.001389 0.001389 0.001389 
0.000877 0.005263 0.035965 0.005263 0.154386 0.000877 0.592982 0.132456 0.057895 0.014035 
0.001439 0.670504 0.015827 0.001439 0.037410 0.001439 0.058993 0.202878 0.001439 0.008633 
0.260215 0.174194 0.002151 0.023656 0.012903 0.002151 0.002151 0.518280 0.002151 0.002151 
0.001460 0.300730 0.081752 0.001460 0.001460 0.081752 0.147445 0.016058 0.001460 0.366423 
0.161345 0.001681 0.312605 0.346218 0.001681 0.001681 0.136134 0.001681 0.001681 0.035294 
0.685714 0.279699 0.001504 0.009023 0.001504 0.001504 0.001504 0.001504 0.016541 0.001504 
0.001235 0.266667 0.062963 0.001235 0.371605 0.001235 0.007407 0.285185 0.001235 0.001235 
0.002128 0.129787 0.236170 0.002128 0.395745 0.002128 0.002128 0.214894 0.012766 0.002128 
0.001389 0.008333 0.001389 0.001389 0.001389 0.001389 0.105556 0.619444 0.258333 0.001389 
0.000995 0.055721 0.687562 0.010945 0.010945 0.000995 0.175124 0.015920 0.040796 0.000995 
0.001370 0.186301 0.015068 0.001370 0.234247 0.001370 0.213699 0.323288 0.015068 0.008219 
0.001370 0.001370 0.405479 0.001370 0.015068 0.090411 0.056164 0.426027 0.001370 0.001370 
0.397802 0.002198 0.364835 0.002198 0.090110 0.002198 0.002198 0.002198 0.002198 0.134066 
0.001418 0.001418 0.682270 0.001418 0.029787 0.001418 0.270922 0.001418 0.008511 0.001418 
0.278992 0.026891 0.018487 0.052101 0.001681 0.110924 0.245378 0.194958 0.068908 0.001681 
0.132174 0.045217 0.071304 0.001739 0.053913 0.001739 0.027826 0.662609 0.001739 0.001739 
0.486228 0.282635 0.001198 0.001198 0.013174 0.001198 0.210778 0.001198 0.001198 0.001198 
0.045570 0.089873 0.216456 0.007595 0.083544 0.001266 0.184810 0.330380 0.001266 0.039241 
0.007792 0.624675 0.033766 0.001299 0.001299 0.001299 0.020779 0.306494 0.001299 0.001299 
0.001481 0.327407 0.001481 0.001481 0.001481 0.001481 0.112593 0.357037 0.186667 0.008889 
0.001504 0.001504 0.587970 0.001504 0.106767 0.001504 0.001504 0.294737 0.001504 0.001504 
0.001563 0.001563 0.048438 0.001563 0.017188 0.134375 0.009375 0.618750 0.165625 0.001563 
0.001481 0.038519 0.001481 0.001481 0.001481 0.001481 0.016296 0.638519 0.297778 0.001481 
0.001770 0.320354 0.223009 0.001770 0.063717 0.019469 0.072566 0.293805 0.001770 0.001770 
0.001600 0.489600 0.001600 0.001600 0.097600 0.001600 0.033600 0.345600 0.025600 0.001600 
0.160265 0.001325 0.445033 0.001325 0.312583 0.001325 0.001325 0.001325 0.021192 0.054305 
0.129078 0.632624 0.001418 0.058156 0.001418 0.100709 0.029787 0.036879 0.008511 0.001418 
0.001064 0.150000 0.165957 0.011702 0.022340 0.001064 0.554255 0.001064 0.001064 0.091489 
0.002353 0.155294 0.002353 0.002353 0.014118 0.002353 0.002353 0.449412 0.002353 0.367059 
0.145763 0.086441 0.001695 0.001695 0.010169 0.001695 0.188136 0.561017 0.001695 0.001695 
0.059740 0.364935 0.001299 0.332468 0.235065 0.001299 0.001299 0.001299 0.001299 0.001299 
0.118018 0.280180 0.000901 0.343243 0.000901 0.000901 0.203604 0.050450 0.000901 0.000901 
0.001005 0.664322 0.006030 0.091457 0.001005 0.001005 0.232161 0.001005 0.001005 0.001005 
0.001149 0.300000 0.012644 0.029885 0.001149 0.041379 0.472414 0.001149 0.001149 0.139080 
0.001198 0.037126 0.192814 0.516168 0.150898 0.001198 0.091018 0.001198 0.001198 0.007186 
0.001563 0.001563 0.907813 0.001563 0.001563 0.056250 0.017188 0.001563 0.009375 0.001563 
0.166897 0.173793 0.001379 0.008276 0.015172 0.015172 0.332414 0.008276 0.270345 0.008276 
0.057343 0.001399 0.001399 0.001399 0.246154 0.001399 0.001399 0.427972 0.001399 0.260140 
0.001550 0.001550 0.001550 0.017054 0.001550 0.001550 0.024806 0.048062 0.350388 0.551938 
0.001235 0.001235 0.001235 0.001235 0.001235 0.001235 0.001235 0.414815 0.291358 0.285185 
0.001550 0.032558 0.172093 0.001550 0.001550 0.024806 0.009302 0.319380 0.040310 0.396899 
0.060927 0.007947 0.392053 0.027815 0.193377 0.001325 0.001325 0.001325 0.001325 0.312583 
0.001087 0.028261 0.104348 0.001087 0.093478 0.001087 0.120652 0.006522 0.044565 0.598913 
0.001163 0.001163 0.332558 0.123256 0.036047 0.001163 0.076744 0.001163 0.030233 0.396512 
0.085915 0.001408 0.149296 0.705634 0.008451 0.001408 0.008451 0.015493 0.001408 0.022535 
0.006250 0.001042 0.006250 0.001042 0.001042 0.001042 0.073958 0.094792 0.313542 0.501042 
0.002041 0.002041 0.093878 0.002041 0.032653 0.063265 0.012245 0.022449 0.002041 0.767347 
0.029379 0.040678 0.001130 0.249718 0.001130 0.001130 0.006780 0.063277 0.396610 0.210169 
0.490647 0.001439 0.361151 0.023022 0.001439 0.001439 0.008633 0.001439 0.001439 0.109353 
0.501299 0.300000 0.001299 0.001299 0.001299 0.001299 0.046753 0.001299 0.001299 0.144156 
0.001299 0.254545 0.001299 0.228571 0.235065 0.098701 0.001299 0.007792 0.001299 0.170130 
0.359124 0.213139 0.001460 0.001460 0.001460 0.001460 0.147445 0.118248 0.001460 0.154745 
0.026923 0.001282 0.084615 0.001282 0.091026 0.001282 0.007692 0.603846 0.110256 0.071795 
0.014570 0.544371 0.080795 0.001325 0.186755 0.001325 0.001325 0.014570 0.001325 0.153642 
0.016667 0.781818 0.009091 0.001515 0.001515 0.175758 0.001515 0.001515 0.001515 0.009091 
0.006897 0.834483 0.001149 0.001149 0.001149 0.012644 0.035632 0.081609 0.024138 0.001149 
0.283770 0.498429 0.001047 0.006283 0.006283 0.147644 0.001047 0.001047 0.053403 0.001047 
0.001290 0.685161 0.001290 0.001290 0.001290 0.240000 0.033548 0.001290 0.001290 0.033548 
0.127273 0.002273 0.025000 0.013636 0.013636 0.809091 0.002273 0.002273 0.002273 0.002273 
0.001449 0.813043 0.088406 0.044928 0.001449 0.001449 0.037681 0.001449 0.008696 0.001449 
0.246784 0.404678 0.001170 0.001170 0.141520 0.001170 0.100585 0.030409 0.071345 0.001170 
0.001250 0.157500 0.520000 0.001250 0.132500 0.001250 0.001250 0.001250 0.182500 0.001250 
0.154545 0.472727 0.003030 0.003030 0.018182 0.033333 0.048485 0.078788 0.003030 0.184848 
0.000893 0.402679 0.000893 0.000893 0.018750 0.478571 0.023214 0.058929 0.014286 0.000893 
0.168627 0.198039 0.001961 0.001961 0.335294 0.001961 0.276471 0.001961 0.001961 0.011765 
0.263077 0.432308 0.001538 0.001538 0.001538 0.240000 0.016923 0.032308 0.009231 0.001538 
0.253543 0.056693 0.001575 0.001575 0.001575 0.426772 0.033071 0.222047 0.001575 0.001575 
0.001515 0.350000 0.531818 0.009091 0.100000 0.001515 0.001515 0.001515 0.001515 0.001515 
0.085263 0.080000 0.364211 0.001053 0.458947 0.001053 0.001053 0.001053 0.001053 0.006316 
0.149630 0.253333 0.001481 0.001481 0.245926 0.320000 0.001481 0.001481 0.001481 0.023704 
0.262319 0.544928 0.008696 0.001449 0.015942 0.015942 0.001449 0.146377 0.001449 0.001449 
0.572857 0.394286 0.001429 0.001429 0.001429 0.001429 0.001429 0.001429 0.001429 0.022857 
0.165574 0.780328 0.009836 0.001639 0.001639 0.001639 0.001639 0.018033 0.018033 0.001639 
0.646809 0.334752 0.008511 0.001418 0.001418 0.001418 0.001418 0.001418 0.001418 0.001418 
0.055422 0.338554 0.001205 0.001205 0.001205 0.031325 0.567470 0.001205 0.001205 0.001205 
0.058491 0.266038 0.001887 0.011321 0.643396 0.001887 0.011321 0.001887 0.001887 0.001887 
0.001370 0.816438 0.035616 0.001370 0.117808 0.008219 0.015068 0.001370 0.001370 0.001370 
0.040625 0.548438 0.001563 0.001563 0.001563 0.001563 0.290625 0.009375 0.001563 0.103125 
0.029091 0.638182 0.001818 0.001818 0.020000 0.183636 0.001818 0.010909 0.001818 0.110909 
0.744286 0.001429 0.001429 0.001429 0.015714 0.187143 0.044286 0.001429 0.001429 0.001429 
0.034146 0.546341 0.001626 0.001626 0.286179 0.001626 0.115447 0.001626 0.001626 0.009756 
0.188060 0.508955 0.255224 0.001493 0.001493 0.001493 0.001493 0.016418 0.023881 0.001493 
0.001653 0.340496 0.001653 0.026446 0.001653 0.406612 0.034711 0.001653 0.001653 0.183471 
0.001325 0.392053 0.001325 0.007947 0.153642 0.385430 0.021192 0.007947 0.001325 0.027815 
0.146369 0.403352 0.040223 0.001117 0.308380 0.096089 0.001117 0.001117 0.001117 0.001117 
0.398758 0.044720 0.069565 0.001242 0.001242 0.001242 0.007453 0.311801 0.063354 0.100621 
0.034444 0.312222 0.067778 0.001111 0.578889 0.001111 0.001111 0.001111 0.001111 0.001111 
0.415172 0.518621 0.001379 0.001379 0.008276 0.001379 0.001379 0.028966 0.015172 0.008276 
0.296403 0.584173 0.001439 0.008633 0.015827 0.008633 0.008633 0.030216 0.001439 0.044604 
0.001220 0.458537 0.269512 0.001220 0.263415 0.001220 0.001220 0.001220 0.001220 0.001220 
0.001835 0.634862 0.130275 0.001835 0.166972 0.001835 0.001835 0.038532 0.001835 0.020183 
0.332231 0.166942 0.001653 0.001653 0.001653 0.100826 0.001653 0.001653 0.067769 0.323967 
0.001575 0.001575 0.009449 0.001575 0.009449 0.174803 0.285039 0.135433 0.001575 0.379528 
0.011111 0.001852 0.001852 0.001852 0.001852 0.224074 0.001852 0.168519 0.251852 0.335185 
0.001786 0.001786 0.251786 0.510714 0.001786 0.001786 0.055357 0.001786 0.001786 0.171429 
0.153600 0.001600 0.353600 0.217600 0.001600 0.001600 0.001600 0.025600 0.001600 0.241600 
0.058065 0.461290 0.146774 0.001613 0.001613 0.001613 0.300000 0.001613 0.025806 0.001613 
0.026415 0.001258 0.561006 0.001258 0.007547 0.158491 0.233962 0.007547 0.001258 0.001258 
0.001163 0.431395 0.111628 0.001163 0.001163 0.001163 0.425581 0.024419 0.001163 0.001163 
0.095028 0.686188 0.001105 0.006630 0.001105 0.078453 0.117127 0.001105 0.001105 0.012155 
0.341844 0.561702 0.001418 0.001418 0.001418 0.001418 0.036879 0.001418 0.001418 0.051064 
0.278462 0.001538 0.655385 0.001538 0.001538 0.001538 0.001538 0.047692 0.009231 0.001538 
0.049206 0.525397 0.001587 0.017460 0.001587 0.271429 0.001587 0.001587 0.088889 0.041270 
0.202878 0.742446 0.001439 0.008633 0.001439 0.037410 0.001439 0.001439 0.001439 0.001439 
0.112698 0.834921 0.009524 0.009524 0.025397 0.001587 0.001587 0.001587 0.001587 0.001587 
0.680734 0.267890 0.001835 0.020183 0.001835 0.020183 0.001835 0.001835 0.001835 0.001835 
0.001220 0.598780 0.001220 0.013415 0.232927 0.129268 0.001220 0.019512 0.001220 0.001220 
0.251786 0.412500 0.010714 0.001786 0.019643 0.278571 0.010714 0.001786 0.010714 0.001786 
0.001429 0.894286 0.001429 0.001429 0.001429 0.001429 0.058571 0.015714 0.008571 0.015714 
0.002020 0.638384 0.335354 0.002020 0.002020 0.002020 0.002020 0.002020 0.002020 0.012121 
0.001227 0.436810 0.093252 0.001227 0.363190 0.001227 0.093252 0.001227 0.007362 0.001227 
0.001235 0.069136 0.371605 0.032099 0.001235 0.032099 0.414815 0.038272 0.013580 0.025926 
0.073684 0.067105 0.461842 0.001316 0.192105 0.139474 0.007895 0.014474 0.001316 0.040789 
0.002273 0.445455 0.206818 0.002273 0.070455 0.002273 0.002273 0.059091 0.002273 0.206818 
0.156589 0.606202 0.001550 0.001550 0.001550 0.001550 0.141085 0.086822 0.001550 0.001550 
0.006977 0.501163 0.001163 0.001163 0.001163 0.018605 0.466279 0.001163 0.001163 0.001163 
0.554386 0.098246 0.001754 0.028070 0.194737 0.019298 0.071930 0.001754 0.028070 0.001754 
0.632609 0.056522 0.002174 0.002174 0.165217 0.002174 0.034783 0.002174 0.002174 0.100000 
0.001170 0.001170 0.433918 0.001170 0.153216 0.001170 0.392982 0.007018 0.001170 0.007018 
0.022378 0.001399 0.155245 0.099301 0.127273 0.001399 0.001399 0.295105 0.288112 0.008392 
0.265806 0.446452 0.001290 0.001290 0.001290 0.007742 0.252903 0.001290 0.001290 0.020645 
0.014667 0.168000 0.774667 0.001333 0.001333 0.001333 0.001333 0.001333 0.001333 0.034667 
0.009756 0.115447 0.001626 0.375610 0.237398 0.001626 0.001626 0.001626 0.196748 0.058537 
0.558571 0.001429 0.180000 0.015714 0.001429 0.001429 0.237143 0.001429 0.001429 0.001429 
0.169343 0.001460 0.198540 0.329927 0.169343 0.001460 0.110949 0.001460 0.016058 0.001460 
0.001429 0.158571 0.001429 0.022857 0.001429 0.001429 0.537143 0.215714 0.058571 0.001429 
0.046753 0.001299 0.215584 0.001299 0.118182 0.001299 0.598701 0.014286 0.001299 0.001299 
0.334884 0.528682 0.001550 0.001550 0.001550 0.009302 0.110078 0.009302 0.001550 0.001550 
0.248101 0.013924 0.001266 0.362025 0.001266 0.013924 0.317722 0.039241 0.001266 0.001266 
0.334815 0.290370 0.001481 0.001481 0.001481 0.001481 0.016296 0.001481 0.349630 0.001481 
0.047399 0.151445 0.001156 0.411561 0.249711 0.001156 0.134104 0.001156 0.001156 0.001156 
0.022680 0.002062 0.002062 0.620619 0.270103 0.002062 0.002062 0.012371 0.063918 0.002062 
0.395276 0.229921 0.001575 0.009449 0.001575 0.001575 0.355906 0.001575 0.001575 0.001575 
0.036842 0.071930 0.010526 0.001754 0.001754 0.440351 0.361404 0.001754 0.019298 0.054386 
0.161983 0.042149 0.000826 0.484298 0.013223 0.000826 0.294215 0.000826 0.000826 0.000826 
0.023704 0.312593 0.001481 0.216296 0.001481 0.001481 0.268148 0.164444 0.008889 0.001481 
0.001399 0.022378 0.581818 0.008392 0.015385 0.001399 0.344056 0.001399 0.001399 0.022378 
0.161143 0.001143 0.081143 0.132571 0.058286 0.001143 0.229714 0.001143 0.018286 0.315429 
0.185526 0.343421 0.001316 0.001316 0.001316 0.001316 0.172368 0.001316 0.001316 0.290789 
0.015068 0.789041 0.001370 0.001370 0.001370 0.001370 0.186301 0.001370 0.001370 0.001370 
0.065600 0.001600 0.585600 0.089600 0.001600 0.001600 0.249600 0.001600 0.001600 0.001600 
0.001361 0.001361 0.157823 0.001361 0.001361 0.001361 0.749660 0.001361 0.001361 0.082993 
0.009160 0.016794 0.322137 0.047328 0.001527 0.001527 0.474809 0.001527 0.001527 0.123664 
0.001515 0.039394 0.713636 0.001515 0.001515 0.024242 0.168182 0.024242 0.001515 0.024242 
0.001449 0.834783 0.110145 0.001449 0.037681 0.001449 0.001449 0.008696 0.001449 0.001449 
0.001515 0.675758 0.183333 0.046970 0.001515 0.001515 0.084848 0.001515 0.001515 0.001515 
0.011650 0.011650 0.069903 0.001942 0.099029 0.001942 0.798058 0.001942 0.001942 0.001942 
0.001613 0.138710 0.461290 0.001613 0.001613 0.001613 0.380645 0.001613 0.009677 0.001613 
0.001064 0.298936 0.001064 0.001064 0.176596 0.001064 0.001064 0.517021 0.001064 0.001064 
0.001942 0.001942 0.681553 0.302913 0.001942 0.001942 0.001942 0.001942 0.001942 0.001942 
0.001198 0.097006 0.510180 0.300599 0.019162 0.055090 0.013174 0.001198 0.001198 0.001198 
0.002083 0.033333 0.293750 0.002083 0.002083 0.106250 0.543750 0.002083 0.002083 0.012500 
0.001515 0.137879 0.183333 0.031818 0.001515 0.001515 0.637879 0.001515 0.001515 0.001515 
0.282963 0.127407 0.016296 0.016296 0.001481 0.186667 0.016296 0.001481 0.097778 0.253333 
0.261333 0.008000 0.014667 0.001333 0.514667 0.001333 0.041333 0.008000 0.001333 0.148000 
0.001361 0.123810 0.450340 0.001361 0.416327 0.001361 0.001361 0.001361 0.001361 0.001361 
0.411180 0.516770 0.001242 0.001242 0.044720 0.019876 0.001242 0.001242 0.001242 0.001242 
0.537681 0.450725 0.001449 0.001449 0.001449 0.001449 0.001449 0.001449 0.001449 0.001449 
0.001408 0.473239 0.001408 0.001408 0.001408 0.001408 0.050704 0.001408 0.466197 0.001408 
0.000917 0.422936 0.551376 0.000917 0.019266 0.000917 0.000917 0.000917 0.000917 0.000917 
0.001449 0.356522 0.102899 0.001449 0.008696 0.450725 0.001449 0.030435 0.001449 0.044928 
0.002083 0.137500 0.345833 0.002083 0.491667 0.002083 0.012500 0.002083 0.002083 0.002083 
0.303876 0.102326 0.001550 0.001550 0.001550 0.520930 0.048062 0.017054 0.001550 0.001550 
0.173770 0.149180 0.001639 0.001639 0.272131 0.001639 0.083607 0.181967 0.132787 0.001639 
0.417600 0.001600 0.001600 0.001600 0.001600 0.001600 0.313600 0.001600 0.257600 0.001600 
0.276106 0.001770 0.001770 0.001770 0.001770 0.010619 0.311504 0.001770 0.391150 0.001770 
0.014379 0.674510 0.138562 0.001307 0.158170 0.007843 0.001307 0.001307 0.001307 0.001307 
0.614724 0.179141 0.001227 0.001227 0.074847 0.117791 0.001227 0.001227 0.007362 0.001227 
0.588387 0.310968 0.001290 0.001290 0.001290 0.001290 0.091613 0.001290 0.001290 0.001290 
0.001047 0.001047 0.529843 0.001047 0.001047 0.006283 0.021990 0.001047 0.435602 0.001047 
0.474725 0.024176 0.134066 0.320879 0.024176 0.002198 0.002198 0.002198 0.002198 0.013187 
0.140606 0.001212 0.001212 0.298182 0.134545 0.007273 0.007273 0.401212 0.001212 0.007273 
0.002128 0.023404 0.502128 0.257447 0.002128 0.002128 0.193617 0.002128 0.012766 0.002128 
0.001282 0.001282 0.526923 0.091026 0.001282 0.001282 0.097436 0.001282 0.001282 0.276923 
0.001460 0.052555 0.081752 0.300730 0.001460 0.008759 0.183942 0.008759 0.037956 0.322628 
0.032704 0.083019 0.221384 0.001258 0.001258 0.579874 0.001258 0.001258 0.001258 0.076730 
0.057407 0.048148 0.140741 0.001852 0.001852 0.011111 0.001852 0.001852 0.020370 0.714815 
0.001081 0.001081 0.195676 0.001081 0.001081 0.049730 0.395676 0.001081 0.001081 0.352432 
0.012865 0.001170 0.007018 0.200000 0.018713 0.024561 0.527485 0.001170 0.001170 0.205848 
0.232653 0.028571 0.144218 0.001361 0.484354 0.001361 0.001361 0.001361 0.001361 0.103401 
0.001905 0.001905 0.592381 0.259048 0.001905 0.040000 0.001905 0.011429 0.001905 0.087619 
0.192135 0.237079 0.147191 0.113483 0.001124 0.046067 0.001124 0.001124 0.001124 0.259551 
0.021154 0.011538 0.030769 0.136538 0.001923 0.175000 0.011538 0.001923 0.001923 0.607692 
0.164103 0.010256 0.001709 0.505983 0.129915 0.010256 0.001709 0.044444 0.018803 0.112821 
0.126946 0.007186 0.001198 0.282635 0.001198 0.552096 0.013174 0.007186 0.001198 0.007186 
0.001117 0.302793 0.001117 0.001117 0.001117 0.297207 0.040223 0.073743 0.001117 0.280447 
0.001739 0.001739 0.793043 0.001739 0.010435 0.001739 0.001739 0.010435 0.010435 0.166957 
0.037681 0.001449 0.124638 0.182609 0.001449 0.001449 0.102899 0.008696 0.008696 0.530435 
0.145600 0.001600 0.001600 0.289600 0.001600 0.001600 0.001600 0.001600 0.521600 0.033600 
0.001538 0.001538 0.001538 0.016923 0.001538 0.001538 0.001538 0.001538 0.001538 0.970769 
0.334959 0.107317 0.034146 0.213008 0.001626 0.058537 0.001626 0.221138 0.009756 0.017886 
0.194872 0.015385 0.002564 0.002564 0.002564 0.579487 0.002564 0.002564 0.002564 0.194872 
0.001370 0.015068 0.008219 0.008219 0.035616 0.001370 0.727397 0.001370 0.008219 0.193151 
0.009449 0.001575 0.324409 0.048819 0.096063 0.001575 0.001575 0.001575 0.001575 0.513386 
0.116092 0.006897 0.104598 0.357471 0.001149 0.006897 0.001149 0.259770 0.064368 0.081609 
0.075429 0.275429 0.001143 0.001143 0.001143 0.001143 0.538286 0.001143 0.001143 0.104000 
0.011321 0.001887 0.643396 0.152830 0.162264 0.001887 0.001887 0.001887 0.020755 0.001887 
0.001379 0.001379 0.022069 0.104828 0.001379 0.001379 0.001379 0.001379 0.718621 0.146207 
0.234483 0.018966 0.001724 0.286207 0.001724 0.001724 0.010345 0.105172 0.174138 0.165517 
0.014634 0.026829 0.746341 0.002439 0.002439 0.026829 0.173171 0.002439 0.002439 0.002439 
0.001905 0.001905 0.230476 0.030476 0.059048 0.020952 0.154286 0.230476 0.001905 0.268571 
0.001325 0.001325 0.001325 0.312583 0.001325 0.001325 0.041060 0.173510 0.405298 0.060927 
0.001770 0.001770 0.258407 0.001770 0.001770 0.019469 0.001770 0.010619 0.081416 0.621239 
0.466142 0.166929 0.025197 0.009449 0.190551 0.001575 0.048819 0.001575 0.001575 0.088189 
0.335802 0.014815 0.051852 0.459259 0.027160 0.002469 0.002469 0.014815 0.088889 0.002469 
0.001242 0.001242 0.100621 0.032298 0.088199 0.262112 0.001242 0.007453 0.504348 0.001242 
0.001183 0.001183 0.001183 0.001183 0.001183 0.007101 0.137278 0.089941 0.001183 0.758580 
0.012500 0.002083 0.137500 0.002083 0.002083 0.002083 0.002083 0.002083 0.002083 0.835417 
0.001961 0.001961 0.001961 0.158824 0.011765 0.041176 0.001961 0.050980 0.070588 0.658824 
0.276106 0.532743 0.001770 0.001770 0.001770 0.134513 0.001770 0.001770 0.037168 0.010619 
0.604580 0.062595 0.047328 0.009160 0.024427 0.138931 0.001527 0.001527 0.108397 0.001527 
0.089796 0.389116 0.001361 0.001361 0.028571 0.477551 0.001361 0.001361 0.001361 0.008163 
0.425600 0.561600 0.001600 0.001600 0.001600 0.001600 0.001600 0.001600 0.001600 0.001600 
0.024176 0.156044 0.024176 0.035165 0.068132 0.650549 0.013187 0.024176 0.002198 0.002198 
0.001786 0.635714 0.001786 0.019643 0.251786 0.001786 0.073214 0.010714 0.001786 0.001786 
0.001739 0.001739 0.010435 0.001739 0.001739 0.845217 0.001739 0.132174 0.001739 0.001739 
0.087356 0.202299 0.006897 0.001149 0.173563 0.121839 0.001149 0.018391 0.006897 0.380460 
0.001905 0.459048 0.001905 0.001905 0.001905 0.011429 0.001905 0.097143 0.420952 0.001905 
0.014865 0.852703 0.001351 0.001351 0.014865 0.014865 0.001351 0.001351 0.028378 0.068919 
0.001980 0.021782 0.001980 0.021782 0.001980 0.942574 0.001980 0.001980 0.001980 0.001980 
0.152000 0.542000 0.002000 0.002000 0.002000 0.252000 0.002000 0.002000 0.042000 0.002000 
0.352577 0.548454 0.012371 0.002062 0.002062 0.002062 0.074227 0.002062 0.002062 0.002062 
0.496970 0.264646 0.002020 0.032323 0.012121 0.183838 0.002020 0.002020 0.002020 0.002020 
0.423438 0.118750 0.009375 0.235937 0.001563 0.032813 0.118750 0.001563 0.001563 0.056250 
0.097778 0.868148 0.001481 0.008889 0.001481 0.001481 0.016296 0.001481 0.001481 0.001481 
0.001563 0.790625 0.126562 0.001563 0.001563 0.001563 0.025000 0.001563 0.001563 0.048438 
0.102381 0.852381 0.001190 0.001190 0.036905 0.001190 0.001190 0.001190 0.001190 0.001190 
0.043697 0.573109 0.026891 0.001681 0.010084 0.337815 0.001681 0.001681 0.001681 0.001681 
0.001527 0.222901 0.001527 0.001527 0.001527 0.703817 0.001527 0.016794 0.009160 0.039695 
0.148837 0.582946 0.148837 0.001550 0.063566 0.001550 0.009302 0.009302 0.001550 0.032558 
0.587500 0.165625 0.212500 0.001563 0.001563 0.001563 0.001563 0.001563 0.001563 0.025000 
0.754128 0.185321 0.029358 0.001835 0.011009 0.001835 0.001835 0.011009 0.001835 0.001835 
0.696104 0.293506 0.001299 0.001299 0.001299 0.001299 0.001299 0.001299 0.001299 0.001299 
0.265934 0.265934 0.002198 0.013187 0.002198 0.002198 0.353846 0.046154 0.002198 0.046154 
0.001770 0.072566 0.001770 0.001770 0.054867 0.700885 0.161062 0.001770 0.001770 0.001770 
0.122973 0.548649 0.237838 0.001351 0.001351 0.001351 0.048649 0.001351 0.035135 0.001351 
0.047706 0.341284 0.001835 0.001835 0.001835 0.011009 0.414679 0.001835 0.047706 0.130275 
0.001538 0.478462 0.001538 0.001538 0.255385 0.232308 0.001538 0.009231 0.001538 0.016923 
0.512977 0.383206 0.001527 0.001527 0.001527 0.001527 0.093130 0.001527 0.001527 0.001527 
0.072441 0.001575 0.001575 0.001575 0.025197 0.725984 0.001575 0.072441 0.001575 0.096063 
0.013793 0.462069 0.013793 0.002299 0.002299 0.002299 0.186207 0.243678 0.025287 0.048276 
0.381053 0.581053 0.002105 0.002105 0.002105 0.012632 0.002105 0.012632 0.002105 0.002105 
0.024427 0.360305 0.062595 0.032061 0.070229 0.444275 0.001527 0.001527 0.001527 0.001527 
0.189062 0.165625 0.001563 0.001563 0.478125 0.025000 0.001563 0.001563 0.001563 0.134375 
0.323967 0.299174 0.001653 0.001653 0.001653 0.001653 0.001653 0.001653 0.001653 0.365289 
0.429008 0.009160 0.001527 0.001527 0.062595 0.230534 0.077863 0.032061 0.001527 0.154198 
0.355385 0.009231 0.170769 0.001538 0.201538 0.001538 0.024615 0.001538 0.001538 0.232308 
0.025000 0.814063 0.001563 0.001563 0.017188 0.001563 0.118750 0.017188 0.001563 0.001563 
0.001227 0.258896 0.007362 0.001227 0.001227 0.657669 0.001227 0.001227 0.007362 0.062577 
0.015942 0.805797 0.073913 0.001449 0.001449 0.095652 0.001449 0.001449 0.001449 0.001449 
0.013750 0.932500 0.032500 0.001250 0.001250 0.001250 0.013750 0.001250 0.001250 0.001250 
0.001351 0.778378 0.021622 0.001351 0.001351 0.001351 0.190541 0.001351 0.001351 0.001351 
0.009917 0.571901 0.001653 0.042975 0.001653 0.109091 0.001653 0.001653 0.257851 0.001653 
0.001667 0.626667 0.326667 0.001667 0.001667 0.018333 0.001667 0.001667 0.018333 0.001667 
0.020755 0.209434 0.671698 0.067925 0.020755 0.001887 0.001887 0.001887 0.001887 0.001887 
0.002128 0.725532 0.151064 0.002128 0.002128 0.002128 0.044681 0.002128 0.065957 0.002128 
0.079687 0.790625 0.001563 0.017188 0.001563 0.009375 0.001563 0.001563 0.095312 0.001563 
0.001026 0.606154 0.011282 0.006154 0.185641 0.001026 0.180513 0.001026 0.006154 0.001026 
0.001471 0.030882 0.523529 0.001471 0.369118 0.001471 0.008824 0.001471 0.060294 0.001471 
0.001130 0.215819 0.351412 0.001130 0.402260 0.023729 0.001130 0.001130 0.001130 0.001130 
0.134667 0.408000 0.341333 0.001333 0.001333 0.014667 0.001333 0.001333 0.094667 0.001333 
0.008759 0.395620 0.016058 0.001460 0.001460 0.096350 0.475912 0.001460 0.001460 0.001460 
0.001183 0.811834 0.054438 0.001183 0.013018 0.001183 0.001183 0.001183 0.113609 0.001183 
0.001460 0.395620 0.592701 0.001460 0.001460 0.001460 0.001460 0.001460 0.001460 0.001460 
0.001481 0.564444 0.082963 0.001481 0.342222 0.001481 0.001481 0.001481 0.001481 0.001481 
0.237870 0.291124 0.001183 0.001183 0.160947 0.072189 0.001183 0.220118 0.001183 0.013018 
0.001149 0.018391 0.305747 0.185057 0.277011 0.001149 0.208046 0.001149 0.001149 0.001149 
0.478431 0.177778 0.040523 0.001307 0.001307 0.269281 0.020915 0.001307 0.001307 0.007843 
0.070229 0.001527 0.543511 0.169466 0.001527 0.001527 0.207634 0.001527 0.001527 0.001527 
0.001613 0.009677 0.001613 0.195161 0.146774 0.001613 0.324194 0.001613 0.316129 0.001613 
0.001325 0.597351 0.034437 0.001325 0.001325 0.001325 0.332450 0.021192 0.001325 0.007947 
0.001266 0.140506 0.760759 0.001266 0.083544 0.001266 0.001266 0.007595 0.001266 0.001266 
0.027097 0.349677 0.001290 0.027097 0.065806 0.007742 0.007742 0.072258 0.149677 0.291613 
0.029167 0.452778 0.008333 0.015278 0.001389 0.091667 0.286111 0.001389 0.112500 0.001389 
0.136170 0.817021 0.001418 0.001418 0.001418 0.036879 0.001418 0.001418 0.001418 0.001418 
0.006704 0.576536 0.280447 0.073743 0.001117 0.001117 0.056983 0.001117 0.001117 0.001117 
0.001852 0.270370 0.001852 0.233333 0.001852 0.011111 0.362963 0.001852 0.001852 0.112963 
0.017600 0.385600 0.001600 0.001600 0.377600 0.049600 0.001600 0.001600 0.137600 0.025600 
0.001205 0.531325 0.001205 0.001205 0.001205 0.001205 0.079518 0.326506 0.001205 0.055422 
0.019753 0.032099 0.260494 0.069136 0.081481 0.001235 0.007407 0.007407 0.519753 0.001235 
0.001980 0.358416 0.130693 0.001980 0.100990 0.001980 0.001980 0.001980 0.398020 0.001980 
0.292913 0.017323 0.009449 0.001575 0.332283 0.001575 0.182677 0.009449 0.143307 0.009449 
0.002222 0.246667 0.046667 0.002222 0.002222 0.302222 0.080000 0.024444 0.280000 0.013333 
0.110983 0.110983 0.001156 0.001156 0.110983 0.001156 0.001156 0.001156 0.660116 0.001156 
0.231111 0.001481 0.268148 0.001481 0.320000 0.008889 0.001481 0.001481 0.164444 0.001481 
0.044211 0.002105 0.381053 0.002105 0.002105 0.002105 0.117895 0.002105 0.444211 0.002105 
0.159712 0.267626 0.030216 0.008633 0.001439 0.001439 0.274820 0.001439 0.253237 0.001439 
0.419130 0.140870 0.001739 0.001739 0.080000 0.001739 0.001739 0.001739 0.340870 0.010435 
0.198726 0.459873 0.001274 0.001274 0.033121 0.014013 0.001274 0.020382 0.268790 0.001274 
0.001361 0.001361 0.082993 0.157823 0.001361 0.001361 0.001361 0.048980 0.552381 0.151020 
0.628571 0.049206 0.009524 0.001587 0.001587 0.001587 0.001587 0.001587 0.303175 0.001587 
0.025197 0.261417 0.001575 0.001575 0.001575 0.269291 0.159055 0.001575 0.277165 0.001575 
0.021769 0.001361 0.001361 0.001361 0.001361 0.225850 0.001361 0.028571 0.518367 0.198639 
0.114085 0.698592 0.029577 0.015493 0.001408 0.001408 0.001408 0.001408 0.135211 0.001408 
0.370492 0.001639 0.001639 0.018033 0.378689 0.001639 0.001639 0.001639 0.214754 0.009836 
0.251087 0.006522 0.001087 0.001087 0.011957 0.386957 0.093478 0.001087 0.229348 0.017391 
0.027451 0.079739 0.190850 0.007843 0.079739 0.609150 0.001307 0.001307 0.001307 0.001307 
0.013018 0.054438 0.001183 0.007101 0.001183 0.001183 0.640237 0.001183 0.279290 0.001183 
0.398276 0.165517 0.001724 0.001724 0.018966 0.062069 0.001724 0.001724 0.346552 0.001724 
0.312069 0.105172 0.001724 0.070690 0.001724 0.148276 0.010345 0.027586 0.320690 0.001724 
0.008163 0.048980 0.001361 0.001361 0.001361 0.919728 0.001361 0.001361 0.014966 0.001361 
0.117355 0.200000 0.001653 0.009917 0.076033 0.580165 0.001653 0.001653 0.001653 0.009917 
0.001613 0.243548 0.001613 0.017742 0.525806 0.001613 0.001613 0.001613 0.001613 0.203226 
0.053684 0.111579 0.095789 0.011579 0.001053 0.001053 0.316842 0.001053 0.395789 0.011579 
0.010256 0.258120 0.018803 0.001709 0.121368 0.386325 0.001709 0.001709 0.198291 0.001709 
0.261333 0.101333 0.001333 0.001333 0.001333 0.001333 0.361333 0.001333 0.268000 0.001333 
0.001600 0.137600 0.001600 0.009600 0.001600 0.121600 0.233600 0.153600 0.337600 0.001600 
0.103371 0.148315 0.002247 0.002247 0.103371 0.485393 0.002247 0.058427 0.092135 0.002247 
0.126316 0.323684 0.014474 0.001316 0.001316 0.093421 0.317105 0.014474 0.086842 0.021053 
0.172571 0.098286 0.001143 0.012571 0.001143 0.006857 0.458286 0.001143 0.246857 0.001143 
0.001905 0.001905 0.363810 0.020952 0.001905 0.001905 0.278095 0.001905 0.325714 0.001905 
0.117007 0.232653 0.014966 0.001361 0.001361 0.219048 0.355102 0.001361 0.055782 0.001361 
0.109353 0.037410 0.015827 0.001439 0.051799 0.454676 0.008633 0.058993 0.260432 0.001439 
0.140870 0.019130 0.114783 0.001739 0.001739 0.462609 0.010435 0.001739 0.245217 0.001739 
0.233333 0.187037 0.001852 0.029630 0.242593 0.011111 0.196296 0.001852 0.094444 0.001852 
0.002326 0.513953 0.002326 0.037209 0.002326 0.002326 0.013953 0.002326 0.420930 0.002326 
0.141259 0.001399 0.309091 0.015385 0.001399 0.001399 0.239161 0.001399 0.267133 0.022378 
0.090411 0.015068 0.001370 0.028767 0.001370 0.323288 0.001370 0.001370 0.384932 0.152055 
0.001370 0.172603 0.001370 0.001370 0.145205 0.658904 0.001370 0.015068 0.001370 0.001370 
0.001504 0.234586 0.001504 0.001504 0.091729 0.565414 0.001504 0.001504 0.099248 0.001504 
0.501333 0.294667 0.181333 0.001333 0.001333 0.001333 0.001333 0.014667 0.001333 0.001333 
0.002105 0.012632 0.002105 0.002105 0.002105 0.002105 0.002105 0.781053 0.023158 0.170526 
0.001754 0.001754 0.001754 0.519298 0.001754 0.045614 0.001754 0.414035 0.001754 0.010526 
0.156098 0.391870 0.180488 0.001626 0.001626 0.001626 0.196748 0.066667 0.001626 0.001626 
0.017054 0.365891 0.009302 0.001550 0.009302 0.001550 0.048062 0.544186 0.001550 0.001550 
0.093578 0.084404 0.148624 0.102752 0.001835 0.001835 0.121101 0.130275 0.240367 0.075229 
0.020915 0.001307 0.001307 0.001307 0.007843 0.001307 0.001307 0.909804 0.001307 0.053595 
0.072727 0.001299 0.001299 0.020779 0.001299 0.001299 0.001299 0.085714 0.001299 0.812987 
0.001449 0.001449 0.030435 0.052174 0.001449 0.008696 0.001449 0.624638 0.015942 0.262319 
0.212844 0.001835 0.001835 0.020183 0.001835 0.001835 0.313761 0.442202 0.001835 0.001835 
0.089320 0.001942 0.186408 0.011650 0.001942 0.001942 0.001942 0.225243 0.001942 0.477670 
0.008219 0.001370 0.076712 0.001370 0.001370 0.001370 0.008219 0.528767 0.008219 0.364384 
0.017600 0.329600 0.121600 0.001600 0.001600 0.001600 0.073600 0.425600 0.025600 0.001600 
0.001835 0.001835 0.001835 0.001835 0.011009 0.001835 0.001835 0.662385 0.001835 0.313761 
0.260741 0.008889 0.060741 0.001481 0.001481 0.001481 0.008889 0.305185 0.082963 0.268148 
0.001274 0.020382 0.020382 0.014013 0.001274 0.001274 0.058599 0.638217 0.109554 0.135032 
0.015827 0.001439 0.001439 0.145324 0.015827 0.001439 0.001439 0.238849 0.001439 0.576978 
0.025610 0.117073 0.001220 0.037805 0.001220 0.001220 0.001220 0.415854 0.232927 0.165854 
0.001626 0.009756 0.034146 0.009756 0.009756 0.001626 0.001626 0.895935 0.001626 0.034146 
0.100901 0.046847 0.181982 0.019820 0.001802 0.019820 0.001802 0.614414 0.010811 0.001802 
0.001802 0.010811 0.109910 0.001802 0.001802 0.055856 0.001802 0.479279 0.335135 0.001802 
0.001538 0.201538 0.178462 0.001538 0.001538 0.001538 0.047692 0.555385 0.001538 0.009231 
0.001653 0.084298 0.001653 0.092562 0.084298 0.009917 0.307438 0.348760 0.001653 0.067769 
0.001156 0.001156 0.001156 0.058960 0.006936 0.070520 0.001156 0.469364 0.001156 0.388439 
0.033548 0.001290 0.007742 0.027097 0.001290 0.001290 0.001290 0.594839 0.252903 0.078710 
0.001538 0.001538 0.155385 0.001538 0.001538 0.001538 0.009231 0.824615 0.001538 0.001538 
0.001235 0.001235 0.007407 0.001235 0.001235 0.001235 0.019753 0.958025 0.007407 0.001235 
0.001325 0.087417 0.286093 0.392053 0.186755 0.027815 0.001325 0.001325 0.014570 0.001325 
0.259355 0.007742 0.001290 0.046452 0.581935 0.027097 0.007742 0.046452 0.001290 0.020645 
0.154667 0.688000 0.001333 0.001333 0.054667 0.074667 0.008000 0.001333 0.001333 0.014667 
0.001739 0.445217 0.001739 0.001739 0.019130 0.497391 0.001739 0.001739 0.001739 0.027826 
0.062121 0.001515 0.001515 0.115152 0.206061 0.077273 0.046970 0.334848 0.130303 0.024242 
0.084076 0.001274 0.166879 0.141401 0.001274 0.001274 0.001274 0.001274 0.396178 0.205096 
0.663750 0.151250 0.076250 0.001250 0.101250 0.001250 0.001250 0.001250 0.001250 0.001250 
0.001307 0.883660 0.001307 0.007843 0.014379 0.001307 0.001307 0.001307 0.014379 0.073203 
0.587879 0.284848 0.002020 0.002020 0.092929 0.002020 0.002020 0.002020 0.002020 0.022222 
0.000966 0.464734 0.406763 0.005797 0.083092 0.029952 0.000966 0.000966 0.005797 0.000966 
0.510714 0.001786 0.046429 0.010714 0.153571 0.001786 0.001786 0.001786 0.082143 0.189286 
0.007143 0.703571 0.001190 0.001190 0.150000 0.108333 0.001190 0.001190 0.001190 0.025000 
0.001418 0.100709 0.001418 0.001418 0.015603 0.866667 0.001418 0.001418 0.008511 0.001418 
0.001449 0.327536 0.001449 0.001449 0.653623 0.001449 0.001449 0.008696 0.001449 0.001449 
0.165789 0.797368 0.001316 0.001316 0.014474 0.014474 0.001316 0.001316 0.001316 0.001316 
0.001550 0.722481 0.226357 0.001550 0.001550 0.009302 0.001550 0.001550 0.001550 0.032558 
0.582000 0.142000 0.052000 0.052000 0.002000 0.002000 0.002000 0.002000 0.002000 0.162000 
0.001399 0.127273 0.001399 0.169231 0.001399 0.351049 0.001399 0.211189 0.134266 0.001399 
0.008000 0.548000 0.001333 0.001333 0.194667 0.014667 0.001333 0.228000 0.001333 0.001333 
0.044928 0.791304 0.030435 0.001449 0.117391 0.001449 0.001449 0.001449 0.008696 0.001449 
0.001493 0.225373 0.001493 0.016418 0.494030 0.046269 0.083582 0.001493 0.128358 0.001493 
0.053947 0.435526 0.001316 0.001316 0.205263 0.001316 0.297368 0.001316 0.001316 0.001316 
0.303947 0.606579 0.001316 0.014474 0.053947 0.014474 0.001316 0.001316 0.001316 0.001316 
0.215951 0.130061 0.001227 0.001227 0.068712 0.001227 0.001227 0.019632 0.559509 0.001227 
0.001439 0.591367 0.001439 0.001439 0.375540 0.023022 0.001439 0.001439 0.001439 0.001439 
0.122973 0.008108 0.237838 0.001351 0.075676 0.001351 0.197297 0.285135 0.068919 0.001351 
0.314286 0.103401 0.001361 0.001361 0.484354 0.014966 0.001361 0.001361 0.021769 0.055782 
0.001316 0.823684 0.007895 0.001316 0.027632 0.007895 0.001316 0.086842 0.001316 0.040789 
0.716364 0.122424 0.073939 0.001212 0.031515 0.001212 0.007273 0.001212 0.043636 0.001212 
0.002326 0.130233 0.002326 0.002326 0.002326 0.781395 0.002326 0.002326 0.072093 0.002326 
0.165672 0.038806 0.314925 0.001493 0.352239 0.001493 0.001493 0.008955 0.001493 0.113433 
0.007595 0.412658 0.203797 0.051899 0.001266 0.001266 0.001266 0.032911 0.286076 0.001266 
0.188618 0.099187 0.009756 0.009756 0.001626 0.473171 0.074797 0.001626 0.017886 0.123577 
0.023188 0.015942 0.001449 0.276812 0.131884 0.001449 0.073913 0.313043 0.001449 0.160870 
0.305263 0.159064 0.001170 0.001170 0.305263 0.135673 0.018713 0.001170 0.071345 0.001170 
0.001667 0.668333 0.018333 0.001667 0.010000 0.010000 0.226667 0.001667 0.001667 0.060000 
0.006936 0.001156 0.209249 0.058960 0.001156 0.371098 0.001156 0.197688 0.001156 0.151445 
0.363025 0.001681 0.010084 0.001681 0.001681 0.001681 0.010084 0.094118 0.026891 0.489076 
0.041600 0.489600 0.001600 0.001600 0.009600 0.217600 0.137600 0.081600 0.009600 0.009600 
0.002041 0.012245 0.002041 0.185714 0.002041 0.542857 0.002041 0.012245 0.124490 0.114286 
0.001342 0.444295 0.001342 0.001342 0.383893 0.162416 0.001342 0.001342 0.001342 0.001342 
0.001471 0.464706 0.001471 0.001471 0.413235 0.001471 0.030882 0.001471 0.008824 0.075000 
0.001408 0.008451 0.001408 0.001408 0.325352 0.318310 0.001408 0.001408 0.276056 0.064789 
0.001515 0.001515 0.001515 0.001515 0.312121 0.153030 0.206061 0.137879 0.084848 0.100000 
0.010435 0.210435 0.001739 0.010435 0.010435 0.027826 0.001739 0.645217 0.080000 0.001739 
0.001020 0.001020 0.455102 0.001020 0.006122 0.006122 0.450000 0.006122 0.072449 0.001020 
0.001242 0.001242 0.200000 0.001242 0.268323 0.001242 0.001242 0.001242 0.522981 0.001242 
0.192357 0.332484 0.001274 0.001274 0.007643 0.001274 0.243312 0.001274 0.052229 0.166879 
0.183333 0.024242 0.577273 0.062121 0.001515 0.001515 0.001515 0.009091 0.001515 0.137879 
0.001111 0.362222 0.001111 0.073333 0.001111 0.356667 0.001111 0.001111 0.201111 0.001111 
0.001124 0.574157 0.012360 0.001124 0.394382 0.001124 0.006742 0.006742 0.001124 0.001124 
0.001370 0.542466 0.097260 0.015068 0.001370 0.220548 0.117808 0.001370 0.001370 0.001370 
